480995360
102147507
186126249
609643382
197699825
247116453
310269341
240698696
647086943
951086045
854457701
701651274
501516713
591449968
367542364
581697725
795784693
390611109
532100689
630504081
364562372
719359481
873926885
87074931
42003894
957787519
9349607
939818633
199779059
914287706
598806276
465866731
878277771
929705151
839513054
509953978
171074931
327015985
436399777
717361387
390857277
745969666
82992022
685334344
420699352
480761021
322001373
842199499
326220520
245769430
954876508
388697846
158160892
616842633
199426780
946474107
217228758
554964771
193762955
257266000
90054301
505035297
621017417
406361747
286664820
648012703
641327264
532561866
426144211
825501330
71100259
454448268
437268829
170732692
615121384
976973288
50641384
806385100
63216153
814353326
27455913
726306163
837901671
215558748
974602468
289096794
270150678
339328349
110752138
596722128
113737610
865586580
147438167
728299745
332973567
924565543
647211119
303971946
687061902
937632118
11662249
262811996
906498847
87194534
488418331
953660559
181206965
936421500
992996504
370660069
338158845
756983203
681083142
17160067
185683746
143128421
753241528
607752390
177331573
527199478
811049272
405846936
784209726
521679958
74870282
270688409
59473908
643420290
734483185
661676940
959510597
340267096
833958660
822045919
176556680
528018624
82879518
58588309
108478178
403118756
40812192
971105433
512986037
407471201
39099822
332073956
947129046
882977310
449286431
390462877
641304514
32983135
820313556
359836333
758390762
166194979
115602424
679313744
514222514
615329137
208197214
488186314
516977652
853759301
190800437
775410067
973746080
899062634
454979932
754343337
958308525
304582725
987274884
739972166
570224993
348167685
172264359
323964290
474328652
987613889
495854541
453175647
947618205
660891705
392022094
677337496
330605520
175200132
285073174
180037288
890078139
474010223
654524447
227299434
973024991
631240549
891776662
902926595
39481678
858420804
486400948
851260533
541358451
528336854
59518889
155915622
727132792
406464439
475945389
104229782
774490329
746601026
651725951
904008186
448799132
35265848
861666382
537288453
780186486
438912199
167932604
118338916
974782247
693217799
832023724
153612329
867937159
373441008
193605574
377731001
948796545
193603426
74541808
13064149
573001340
45212377
502870668
453237382
333942404
425838443
552386076
973304338
706345460
740876063
621080168
720448015
459820723
188412765
916423676
586988100
959077866
482339476
740237793
464677859
823325105
958117256
251920829
373750919
981222392
164729801
638026656
287259332
796713292
981086
670867269
698092692
812346502
181446438
617784287
269934904
258475766
495686232
742855658
611046068
720424223
360639300
487598483
192994817
632183108
801802726
540368962
809707723
217726903
818297601
751461120
649108927
592392745
788191944
380295237
572148261
457149454
306910512
958812964
123980875
348906616
923836146
162029529
889411456
114272318
763906029
304912863
542497399
302628404
658726170
56318408
181524050
98756080
936283015
746068402
881018849
669253919
960683006
827439559
36171907
845140361
217253658
239513253
168362806
742406346
742058101
676485316
620127468
806060748
572921068
27848879
587684471
786684009
477049733
954116285
175597509
93970445
780818663
141895650
241521952
603185158
101183286
15830905
588382358
517274123
180715775
667401039
184428825
906213286
626732212
188163915
476735076
628216536
102661731
8629308
656194204
609694150
760897195
626689569
818383531
973773113
262274357
746861998
271972958
661426241
371844440
464943922
433672046
452243060
892208347
858351983
537482259
816117275
774441927
795095541
767728941
104040446
1337741
549568485
377522162
605723937
878187140
275771797
993326070
742977205
947402368
961986059
875342040
456379499
46612224
828693771
675861958
652415476
693639383
660755671
880385783
507930922
104017254
80964178
771969475
843101748
965500282
267533961
345965497
382981087
434259279
791499294
915064237
410255140
895183850
39097914
502890638
889821478
354293976
577079921
292662759
557616597
160867511
447925675
391564017
111062434
347347893
146471672
199904509
406850109
70807268
208245150
194985864
73089809
987245647
870554564
453192497
468703695
943707888
718053535
143587801
787629872
31145404
731707338
655840725
633778595
475531387
485174088
807257545
162542376
32815299
915812953
940550642
771990204
960248249
494124899
960663146
407174111
299360413
985329528
287881773
245023302
911656644
642807663
346302248
652299620
321655370
422047271
436467813
715253858
912059635
137941023
466028559
935558684
147121396
339847060
422360715
98240694
851885183
736181418
746391042
909573968
659983552
925293428
117565067
176087019
789977594
692218952
538476057
226351612
44578159
198028800
691725765
182578625
747612736
174460523
304371958
803910957
842955964
781116873
77256711
697121240
291000130
787572148
854184582
843039545
722699468
67084139
123959552
322709219
260539995
41092843
618069777
824621245
118746497
605801274
951108368
275492874
793208526
94857919
647776365
153496984
987889394
907512662
912724765
60193528
174508032
901033592
550535726
543487083
302334673
776526538
424052072
379215930
228823446
722695262
943484658
963181595
72911510
752404556
507574767
878949387
352466017
331962611
618080633
321687797
707171683
368993702
936670441
738459157
49487346
241203186
993617556
853167409
76083131
430353699
374191125
216068829
34574203
836116674
164897608
126240638
188806032
884426712
5034272
661921372
364961096
114371709
55197786
271126142
945620199
718713220
442948601
615817598
372408251
784358414
857610767
669857680
554602753
724904345
538808605
321422741
791956626
966970101
397800701
693171107
297859377
642379240
924262025
663346391
193916696
449070855
989432133
102280471
542080826
668348515
897836085
923539051
396869774
563582162
159743924
276739850
667653311
68284120
980685623
505726663
551443878
908093695
668703995
554158486
88321074
268993291
589765829
776637893
843618619
550679708
924078544
65474201
480687981
8186413
350977693
410842962
414500334
371771882
382546250
210300099
233588825
739431334
781455206
809936579
123087007
725246360
791328041
366897029
687750165
928150074
325535060
468038333
492603955
519176220
596377816
671172082
629296665
48549118
15616785
607550607
464193319
926627436
708209426
927320280
683903702
535681150
414841337
616076418
295281582
223183689
257669089
529642205
253899462
401010970
623316143
864063442
359578241
127440223
624650741
525450348
484548885
884719304
866633655
439152797
338599102
357135675
747137858
594656414
260878916
468439820
995270309
563675615
489594625
501622133
9442226
245968076
382484495
107402872
362440911
208446747
75094702
584949952
888787192
796852627
644029111
365782279
724633042
542315292
854411961
833636984
641178277
32166630
354594635
498262799
868511426
677400461
777901160
739888396
711659002
286961139
80722737
265147584
487716245
824878360
346919015
43708223
661197084
652644562
52605317
988920594
928911092
117468434
325678192
154748920
316580710
428241257
217056179
107227974
654251213
522865672
792704435
117286102
198378202
487499302
881903176
96862828
760328365
772497076
766769163
199010278
281422022
415652880
760899709
977886071
444571480
10409627
558137073
397850349
591643728
996746446
65214219
469749918
249067289
345384838
3738952
54803119
258456253
309984264
394678111
798606956
310821019
947488580
661691010
484969247
938330296
641479521
894416192
375309485
808368099
61409073
628428264
745704750
71493329
919131045
747897705
870129307
267913662
50864838
629087089
186837402
9498095
50611683
75852522
927869437
895366583
455470454
10272171
252412055
285610512
916387088
908668887
298428584
560090038
567671
403056352
974930567
612325987
872220231
793402362
180018448
782476998
972585732
691754994
945815023
63425807
656599082
341096937
295493285
742197399
403283823
15601661
995657858
428603062
937329726
678038230
68048252
425854849
282488613
200300682
682738295
693462991
892620191
266169535
861925993
570623772
414191631
19161852
911637035
340180691
96771843
679905872
506587164
812824713
44208884
596056578
45868904
539510995
287261335
376280635
548741564
771163938
132483789
403612790
435346296
278740293
701727790
857211906
214708088
82528921
78473245
787097575
836513108
2568787
363139291
373657846
125980006
479466211
36068441
806075619
171970256
148672511
569053792
135747460
850692929
705265013
337102187
636322604
123446087
33555953
720655226
568133827
931679690
398439020
372016430
268111081
833934849
887977732
804542779
919586201
869811268
775204570
558122754
434028278
902368050
387705538
599681684
353648449
326820986
294282591
797092831
171953725
77402266
470998717
901901798
838055159
248915019
612826217
656433386
255568924
613162300
891071573
806631952
513376765
164131315
678862649
258399760
730204562
307929298
986218038
9364582
320400614
917529009
464720146
233748944
599942413
880896880
574724497
905542018
250971045
874026417
168996572
784070149
897463277
511142022
7252686
507101810
385371336
15512181
39386132
755755038
787288681
841540045
677855770
897638411
601810097
204918225
124159420
796191428
824209894
870485243
225676712
63570895
376255465
344316258
599569522
634592547
764886051
627052557
923900750
973267548
518521509
164262088
196383514
622472802
828089458
3361734
492507230
613013750
593422264
876616821
437560826
649950446
144039835
546569617
132223085
501524274
459466185
682647575
287889295
528656842
543212717
399889228
686624247
953963489
712601152
680110011
551115803
943870120
149351356
472147905
22276331
971966163
239019161
782286113
874067428
966427134
349610062
844302447
305546678
319178321
535791760
339736456
528253956
817127731
556504353
688399277
969049857
935338919
93660350
589976246
228070964
633431558
191888290
465685110
604317731
785661254
752315055
766203333
142185173
260084180
148735843
590556290
209585432
909144608
79569386
577842534
20166503
530687772
207075611
861180028
737943484
133217393
10381302
94117533
925602443
677492709
443836833
938377880
903750194
223918645
168390589
961086062
100554490
748355898
295375415
155524692
668892426
618183634
288769987
272245675
773115848
418834138
957188191
265787859
22290200
272829250
378142077
706794925
477097956
382160376
898621911
713237813
496523425
100397496
332084850
54399581
431856250
582989499
899511739
543781869
130650937
400587659
669061140
830894839
731509393
899231571
128541473
609911103
224070692
306013663
101515263
217401587
413272280
191232371
996695127
798717312
742520800
209890846
129028134
107008315
474729815
621358627
289781625
809056163
368267528
339152861
715029829
839491568
340439464
846940205
387968835
554425101
835592704
362945306
990394939
255948259
576641462
359789120
623194056
907182056
754173192
285064173
397236828
44438206
842691395
668400719
322833718
453933303
152587832
235265961
760183478
141950034
707292129
934756250
149511605
996385385
128126658
402759578
580168863
124037103
779594533
188179698
241495866
392948859
777748814
837881140
952244790
561339233
781440700
267504834
851580185
164290577
488452924
429359877
247962440
916244556
159460415
767741970
871480391
378803198
675333466
233819070
448990758
791370930
90370842
88442156
997935838
683586369
926855001
686122258
290851580
866479164
519789935
181537998
117492818
875079482
676363447
748375159
79395657
82019093
256529909
946844530
531002800
267825838
362415080
335206782
742642427
821210433
395530723
261236179
641673048
84466586
42201930
530666139
267581342
875848560
582536212
796812601
807768911
339021522
535428326
966532043
998110430
810425104
827387155
479273255
550571490
892659752
254512595
969431133
560518616
416019937
316591168
749187048
506398356
85770712
867707512
299129004
445239232
501414824
555540922
458856757
609008293
617019830
583530171
614589895
581184404
572651829
586690799
902647184
101290833
3466841
448587354
77969200
991764768
287839120
925838215
632788139
913416841
198176687
971561002
982112550
934752729
177179607
296226902
501887211
927251544
942094337
81290455
506028478
965007378
516389526
581970052
252445647
387791823
92182213
430106925
899981306
21302653
45734908
761386193
332275818
245914717
225364513
223958912
884357932
545409761
736085748
139965679
203674829
996136709
814413152
500176866
902039796
675273325
702633001
157123755
565651887
1728419
254569963
566328904
108524915
580300006
785265406
258135163
338235931
652554921
496193943
211709081
260595984
26849777
71738623
707805952
281818669
505891129
373227410
968085989
672432283
370724447
174152449
963517217
86959440
893987914
284411422
376504005
132662040
334219365
647458326
280283686
697566050
521929071
174879938
966230524
85272340
749117778
758851761
802350438
430529905
69375660
246241108
763299280
441348557
532046606
560336611
299195051
747666653
323225712
57493534
261473627
706328976
808177228
939778747
961549857
723023181
563698917
82323444
757566556
315339612
24599612
622585253
225527849
934570674
529164404
958227751
620920940
738630463
149934225
650387064
299579836
61293633
187427542
939754955
686660945
716897915
744114332
263771996
360745
488626453
591251919
162873946
953975531
460425151
174761875
643717912
761136033
781975408
586476433
906593578
473535851
791745592
26410166
220152200
144661535
479304263
598901214
623161721
899262782
10165571
811456952
664181994
910906011
510447776
419076522
710556085
890274694
904639767
153194362
304777818
570965405
220888585
683509785
508811634
216237678
796598941
108547085
375973889
791971064
543809024
161778061
755907731
374821116
690122628
189337921
506419841
455376521
983328804
909282226
553817072
832963491
51287764
977780911
458491007
242642794
895961994
832596697
239329342
208825123
342599183
868404970
763177848
921777707
814362357
474004777
946351054
611242408
280129436
308508736
339104213
404237019
927143997
140056140
685896619
201025875
701335208
112425361
496183561
556684417
244605516
828031740
451721852
363619047
79686849
394106302
817720819
546218371
781726804
161169557
370617595
827418146
416287400
441302845
78132080
547552699
346680690
52554956
856454985
902941798
484185450
391147418
203881190
553495051
139848544
552075052
867991470
799622143
430796095
386972477
839061857
323753842
191220663
394398609
921197374
589799192
942587810
695944113
398263449
859241743
302751081
669473527
431988482
733775192
132959861
751748067
714757819
759369160
457514288
593884744
614608250
977745325
372553503
771878017
412785249
805857448
733886303
890106410
197977751
939012511
567752633
9406024
927701573
383255430
62674931
830355043
248439514
642755118
262053847
612840126
885751712
868460265
936695054
164777883
21643243
708004086
714674435
288742012
559395443
530604510
420858762
43429476
928891849
919851083
18658981
467916235
602649029
646161462
109215941
283551673
164151785
467405199
44425529
903557792
828624766
842252916
8188535
626542805
657151356
881206309
504126867
924077430
587705770
22489151
857416198
721689451
436212505
937873400
604379991
386704345
938642466
521448719
225869143
985457819
411864803
441233000
394393731
692360069
775800426
645206466
925713285
457002423
99445764
279855208
753048917
326407599
793441259
630955349
740285399
953792272
476338780
642700582
758166628
656131088
380701092
369257220
111053439
123320394
137364272
714357017
645665963
294642020
898106092
118016092
828072825
922902899
128048965
625607429
450436614
50592195
60620196
57598747
697999089
315255192
39724727
729716016
611846789
785445159
367554809
143602861
60547634
509392674
345108972
524851831
679894905
594773237
237608549
84453538
314892568
800584105
172792101
382163334
744970098
373982456
388863100
809877591
662932828
575369350
549774406
670303554
768193383
291803643
936962131
826001853
628685957
596135437
62741630
121518391
444817082
812121241
950794082
455937271
852655839
91366569
78389810
475089559
815584144
346946253
73864356
910229407
971881421
491755163
958651888
856547574
661564028
974840200
627005949
351873104
706304137
828609001
864212203
389950064
933261821
627104324
354787119
749762594
250786371
577249293
71390849
380372955
327759679
818415266
202217007
48425402
45458361
809419791
493436129
331966036
131111180
118981805
31112195
748455521
317796129
754128191
81005180
183712871
612559206
238873470
476223670
531330261
490178109
99985210
790654551
459235410
219120686
676208300
415057083
440519840
387253294
154745916
860973746
49023952
86295926
346967729
476172539
646682110
994432137
687187559
178807440
234075995
837662718
244396725
680764940
114250220
921657714
364623908
506633513
536649680
537487659
153130576
455368709
865404852
23051422
760086395
360418120
651316258
990931035
683566897
590218137
503733449
854460462
534068368
408790458
517725840
658818124
805520414
408193541
908388163
113262179
903043124
356485404
261451314
207757654
119005394
808837744
228763174
985112169
462924849
619521027
413200155
916943348
139583215
262717986
788915468
106169862
947759146
156408597
518765096
716905480
233935344
219928435
167542602
992139526
940299390
254042507
793885902
799200369
490448608
437375558
76912866
90981729
579101111
228706675
809057535
403518806
2741053
842176034
576604670
938796210
909782791
150303058
16674339
763943861
629958658
795630576
63999535
520158343
612987818
482080733
547214769
987663998
843932408
854688661
956850109
895287808
802509576
741312353
781501882
988010821
574919565
873248578
37703547
880756382
607572685
768827001
121401431
521368973
289272147
552025552
775169732
913442102
500319211
548946683
550510368
923759495
639858826
413823333
492873332
848505277
562037507
596345763
19568159
870093672
138795501
519090571
3023604
985060845
422793002
419642428
877793141
768904321
28676971
566815367
360140057
369617349
217170558
562559605
179830421
778353403
854730426
686545054
888087564
1712306
131681817
985004062
675768297
279592900
349622694
482732425
627232824
69449611
897756390
775861484
425935716
671580758
726888114
321369847
525754929
93916150
605062803
12409243
572541517
839603702
873161218
793628093
505066460
728225792
83464297
520900060
650166495
797557558
667583837
355785716
120126975
125976943
381875941
641409154
443476046
729337983
917043233
778895322
118809293
27621533
653604945
606832090
316525415
214304849
801657568
891752759
579428849
924653591
114703291
139151602
939212524
757161957
261912775
507669836
196480434
615249683
20037387
694489817
135196153
623007762
240229279
356536014
55579373
26239053
641924281
850408031
536724255
310971246
195282719
495604011
959579927
573673936
601453882
625839251
409162247
743337035
966793925
752703813
105324896
610059275
656781806
478620683
396610552
848712354
677149215
694963900
237039887
731058381
614861948
847633457
743120192
63775757
420932177
893675750
402429509
97835735
362196455
373796262
222392739
528085176
525421330
776732707
980827830
504212113
855289214
72509230
99670857
650938959
245274105
860946214
203077058
305160449
891247513
548626786
167317231
437908405
242531394
388577116
494257302
868338105
904706775
625871980
445026076
27223046
320761486
337738755
70873470
192129575
406285011
270986019
282143669
815098937
669196482
335908417
171167478
339321840
574254980
574487102
885449433
673791543
598224354
307592465
513010039
49684613
686299198
676762055
61420662
616942917
756265904
342719879
322911083
288164309
514529175
24506227
546948776
364694816
921240901
281288507
576162312
802104788
56058515
934891582
88078219
694733267
511757950
181379821
365209877
596430125
404402357
968017600
37184523
283109272
557972779
37264755
960256190
354887602
59960539
9588233
891605374
377081960
788287790
174101709
792034260
619775423
626937538
659016161
641062066
744088635
63311667
152244066
418083550
278049199
227980839
488780336
337391409
886132657
867630664
569656860
720414276
784108372
606867239
440168415
437034583
573109377
350811265
14852507
90819094
902139594
399248601
940441808
156903198
265084524
61556640
799015783
908759585
682473674
802779280
64869712
705911286
447932214
165950242
945435657
310078338
167807352
328592378
58539299
52799798
680759894
23144440
14065824
253986957
540477872
936239171
356963511
38765009
498606935
149106983
692308448
817674377
987226002
2586583
863182843
184055334
494662220
202597310
372660367
71144812
891938382
420219306
541807337
992842696
720544322
783622112
284248219
327863422
1587112
306669327
16332543
902976366
489744189
367590244
576481813
569070981
420515042
204435388
67219595
339402427
524344831
128461650
726364577
813493907
956619278
616792458
791779158
556622759
879846993
249663404
23348725
507130922
717023297
747622312
533237356
436471183
869887939
981442248
950013349
571943935
467653945
334825791
639084211
756963823
764152997
85794466
608560958
848784226
268993703
933545766
360812851
960403612
376582920
117721809
793320361
449154014
266134357
76159133
377385381
204380449
862272377
453829754
642477760
912847690
75888868
115763103
98429678
55593944
332996436
318768131
796153983
25321349
384133399
588105597
679833159
439138258
930276711
410607141
775428779
606098952
668443427
666511878
257861657
298035957
426198526
308707348
811173621
868893990
73061200
29224582
223799479
240590115
961277334
383927765
349179640
97898242
499273468
676223132
986891482
753247780
118798329
207080341
78558180
370933010
574686485
976077103
759062696
866897891
769439418
851603179
192932745
912392830
397212226
751447616
531846624
159816444
174526167
445488329
996445422
552544524
441490196
262384197
827822236
465241426
603850874
497643011
800887505
626567832
111074637
643231028
382086557
136100200
211601419
819994792
20955504
563039216
68047969
21827388
693906986
628665639
599898400
236436231
679112586
658147719
788617538
640344178
389878699
542990912
312279558
297128928
257585133
679609003
717932699
515472401
124068619
845530628
809154154
641192325
595375761
558815172
285511074
752276454
621192559
436014064
480386862
481525949
143977325
46426109
882373269
435060427
588236689
365337695
416358290
373892850
236410437
5769084
433851047
687335009
842137746
321423987
403601314
917618700
421550953
200178402
252166095
690058654
122211970
547285945
194073420
998180664
992607500
710910051
658437940
139174667
28690886
375347283
283564067
577140721
733547572
696081747
535790944
159257802
966779657
682148513
466876455
748205001
716407750
830567537
775179247
342249970
608573324
223994549
827061867
254478264
996803978
473699023
565403401
191483963
836931044
525254569
749860164
472295331
477084707
378398247
139783083
756144082
489752538
214167634
169596881
756225651
286078643
899204956
506472831
805653322
535276229
514695622
459809385
284552115
549123139
219809682
709217490
686934496
279938477
118373068
116334830
467143019
182032145
514231614
685847770
449202561
28624465
115169741
225663888
161823462
743595474
378036200
508474920
425195189
474632370
164924722
884028194
470492923
272324957
297430199
189947454
53030906
105212735
639026482
99446308
37618003
613998511
61631416
989649861
781303103
882933848
144793427
752221541
349362558
748431611
359491565
343955476
823323501
85085294
603710504
545987642
672758228
657176378
195173680
858002155
752112048
664385181
265647920
970246745
394514435
862042108
966927193
697717507
544976423
568160363
872334774
661092610
844452147
73054075
106626055
319637687
717806541
785676717
13437527
819133243
164500787
220953928
251588581
699588133
781212954
81323877
649760490
283253836
291162838
832263287
564373065
788502577
336382371
850243572
971280602
830488466
569461800
365345130
222271434
283242503
199120552
791577918
162824544
215666359
963985384
897891553
919791627
631015290
619051664
620078343
97214496
148312330
580224440
513232752
830485443
960265417
899809887
334122807
804701799
440362578
50496517
835384921
114179407
825481727
886548409
814157610
436942211
705085129
686991634
651051933
796112537
611716704
680539716
538418249
37114355
956226173
615801645
408112037
527134171
459986943
559806773
790737650
273076368
727462144
137898099
578914938
830250510
761597360
797228548
777832524
426911055
436224177
168969894
510512809
157853501
82672803
336255964
399580676
249497822
669059688
332304821
443190018
265271731
297962504
125775458
132853687
935695156
853782753
615798481
289943182
562357105
779752848
744116472
559624108
897174314
248413270
968292537
958051460
600118327
39370164
309260020
985272285
145587109
860360636
811079579
877443738
615856652
163133317
125270346
590132124
873987889
973323831
91683352
224615488
324020538
99125553
580429225
226405992
471154274
962623491
526849207
363329364
721168253
973543713
679290465
580838416
403023743
857708020
327995692
694451731
188823132
315675141
294084505
384843210
896117556
133285758
267120059
862509498
687646977
802012169
127949663
454451931
537596710
747197989
470737057
203783144
350782557
708350542
317613053
220201294
188065164
670067669
383797226
921212053
220603745
322011362
466844895
257525844
652092411
783998134
226948783
377088849
430193008
405387716
430094698
330395601
606497308
894286634
276243198
739294455
983448953
285629720
533126431
254145047
759860696
756571361
127160927
882499540
64194125
215068465
924660514
403470603
142026350
399590803
957387599
249811412
215701982
974582596
214931219
898380642
247706909
120732316
975932300
602815604
459461098
395301955
282402097
879808866
967735562
122733541
941443161
186802829
340408737
416185058
818279695
185585013
965598060
133667567
13857618
309598937
731048322
631864973
952218921
635891376
476659408
780776460
855076802
618426961
179028041
919740772
849936628
882801089
1655468
389492603
561303486
263785391
103828998
45286489
526796740
75577961
166506411
19321559
133625129
407725784
450054538
709078461
355951642
290470270
221342120
658102414
636150835
947408893
425958894
957971974
808401606
488620861
191517710
529720
65892504
921339660
886566490
827696139
781497006
584240326
572669813
46079799
84733231
535326450
63939505
81776584
44432752
971266785
577999996
671698796
34970301
351422659
499806763
138874640
575232577
494836479
248365250
239478758
227551096
801002420
192655926
822681967
269854271
82345268
470929134
228426530
864010115
300452047
730992751
197090961
258087495
956669089
916900473
857681114
418928834
300735569
954566447
462803787
126703139
260181
146870324
622345378
356072651
762108842
772460099
756530344
764791320
384449745
876616112
585418047
499151406
17921113
183817231
50545935
254511103
814728795
398998430
488797161
546048816
722600063
847339326
268801676
789340833
574103147
258474878
995862247
862603953
130617927
822210468
576976843
980211129
419606701
286123502
215526420
575763649
879052684
805055590
275393016
889548317
921252005
344813501
400029722
307271374
267467465
333090388
161572425
38564945
598669265
474802237
257484819
442137135
745318264
52086771
286791925
14297984
418853461
830551147
329232333
699774249
685979203
327924038
634198724
509128849
320324286
294578689
613262355
192663099
728430514
421283719
819191344
679255535
537488629
555322809
137934310
772327467
337952592
225378621
841946378
539772141
629152275
572526782
572265621
872458035
864223987
697679058
758885577
844800955
962324975
681013531
250588229
649180573
582868014
248446829
22014125
439872851
643682245
56386078
634061303
980893179
339789776
786026599
915316645
450259697
191130172
654221367
625932491
164806651
78348654
242944661
433794581
566370683
51700761
53809946
392991464
390199131
982223299
349668683
279483175
763605792
695968937
820593418
965821645
555145276
229481784
181956785
341068193
319577509
3859659
379317516
682589076
250436011
546962237
404191616
941071944
913334939
158696225
784062699
685781913
342386039
983738012
568469611
370826365
81167709
658612657
97786401
881988445
938532015
69505010
163860080
361369606
795666330
457764207
599728224
832383590
118722584
419274995
342053551
436838996
543818808
508910794
812047
900648713
694021192
176402845
81030827
660164653
160544900
416456024
415571460
8448066
957748046
851180313
67601987
308018155
669995722
89041054
679960632
147556239
831625078
37924433
519026856
397003017
635763743
277122454
231005918
357458035
265057620
745777929
662091084
789813101
652978521
230423504
871381534
205918205
890349152
470940756
818947448
789987999
100304379
889051046
442639218
67834614
720097281
893103720
457975773
133898954
735060605
426064102
946345632
648141856
956095391
584578355
792108124
168094067
978307923
878890197
338974023
258586683
172555576
281957213
625009337
334909605
90879634
612411309
717978061
909719564
510881931
479819015
399859096
865136812
207407248
664929315
356799758
934064664
422109283
339669491
777688393
122638890
430928279
956815746
222037125
794794387
567385310
865649764
266240401
398330456
468899828
281797955
228719565
63639646
275444659
461676935
865175531
721452154
199144010
508663852
770513079
173811238
524303275
333273866
465593666
195142369
207496763
96177161
594682847
332519843
41495975
25325352
171956773
615133577
177484982
23944385
785865702
212144943
243678788
824876297
992376899
611048050
480442856
894704247
475013383
787229703
910420216
630651444
541859551
155609708
72198957
294182557
584759953
866004466
978034856
50732821
682817068
71083507
791396895
248054652
570471997
322897212
964458234
82876448
113466096
243993733
793137871
963275767
931046530
343506851
565504678
186106444
553619059
554327323
176779783
446854023
998186730
495101697
235524773
665936699
250990410
789627582
313587395
940389302
696093975
559500204
725407228
622330319
40174875
261313771
191409929
872745173
564548429
318141752
378690850
9505028
503088515
6341618
844824439
35304458
588584994
581737527
190691726
593479546
169441943
431765344
242607778
773674824
774664622
280099696
617291718
2555218
331681865
831069987
209722940
685415113
962663807
250825988
598357294
822436274
884612089
262958272
611821800
962236419
168433360
499922873
652326594
860018004
993605151
667782246
248631708
378696121
869086671
113254920
139070825
635846876
919393379
78153016
322107388
715831170
28562691
749304396
219044995
265654013
602923920
476784110
490381520
388443887
613566949
644109137
272497954
342385025
871654504
572821904
939345991
834102846
480883588
155774569
135627534
481309690
277232652
477886289
666110789
314477233
431741510
445301528
683652069
762464647
44943793
706707183
272191347
447664985
448106107
83094856
276735408
696824057
17628830
984557407
600164611
202961965
462198648
532361887
229281945
285239791
691511746
45914960
610479516
600931696
925342411
292288122
262039322
744021873
234701839
681534348
449079586
311416360
489895113
357316225
68428134
311017051
631634034
124210084
985701151
277246181
736884317
930592300
365779030
208203592
73606207
587036386
63410949
263052090
595526881
531791028
331887229
139741443
19352657
624821861
484790715
811511038
589707988
257530955
233822836
359688963
825734914
263598814
719400971
593598701
241179420
938501958
612929933
905290951
476776074
862881536
179480213
2570084
898073120
926296057
195452449
211704483
415829500
845136641
690339965
485146674
815214011
149447814
987529327
436590961
642430339
919514044
288263768
294970165
726666936
848157256
827742165
440324768
798800864
656892900
750941576
803427913
657451143
51267316
793879347
68119964
85842622
608694438
210873294
563892339
328853476
280730175
357804105
265125069
88739587
84774400
467244783
690603770
279533791
166278405
977459199
874345887
49491152
94985814
617250918
911480171
886578272
145086495
911676193
970309256
721364825
648131592
380115072
411622011
692710336
179868617
627704148
104431125
801171262
741422944
718226839
400289131
755494643
346440402
270228437
32524136
295000038
153690041
553461549
876238782
298909950
416696872
981704700
449318543
782330040
614475921
888976368
367512754
921610315
788862558
620185791
71609554
946429462
761506016
156208041
281663135
1529026
692719775
491562398
292682135
80736551
665593143
526642615
626680126
484343858
647211106
590700267
879707160
840661321
679778981
738191090
86792108
302179009
364746886
357729919
845201791
67764461
841040345
390603619
563950826
442225186
975355014
515181400
905513256
91821139
295898159
916900735
574420414
918059388
102428654
396383341
532931612
312038422
705345323
488003603
28979736
247777588
511300882
228629256
8001677
867817362
73010576
379898045
287490378
857807400
67261267
755069059
795711831
604627374
272365545
296503680
533570005
963102983
496397313
797680285
534014023
829936903
705420373
235074818
817709790
79849219
251544619
359591431
358051533
886513785
699094815
840310126
882245145
19526338
477054543
272354192
810360371
979442448
194799476
588642158
652369267
126847852
584230517
83137283
486432860
444383880
616000371
842012599
558614690
855130869
990667300
41302045
386738742
669534838
630599827
183472630
966540060
708013589
53396642
906170706
415573966
604919712
756788058
680753101
577667430
849786455
816447934
588219791
10929074
135174776
59379904
667644223
386351122
291686853
27608156
267514856
574851280
578180634
809285124
44325780
539394301
939275038
112783293
767278124
237301712
442934665
706793971
708387832
116548609
774093352
619493221
444647649
508914799
926230354
200138861
351174323
842128476
895802991
647691088
903472720
432221131
777354938
598946255
56801745
841233677
766015957
321310419
191765691
593901873
329613206
253360181
905970406
172689688
371288317
188480811
826058316
143092773
174367678
74115429
468077321
392470627
811071862
155448064
607155218
519099173
145410822
194776436
554604083
953622432
823977826
554752839
39433082
712334150
665967019
735961862
179158055
387599044
902917278
252848494
437499594
937831537
673811889
866242790
720253119
944766628
296429917
179072056
811099699
41221900
63631743
868093028
538537270
92083607
707282332
229458378
135878891
217206922
359647464
954626389
410056417
802040536
196852404
317443473
502823546
136980787
283148163
648144034
924301459
800885139
259152298
789355641
234761339
82248671
993159242
887815256
992450979
797797882
692263515
897198865
141031846
836840309
420667851
262168449
603037794
574703796
18823709
200166561
468233366
673958533
941618813
547176982
91043645
882588502
384942871
906468663
667358096
452412749
808120899
665819657
265285893
514943294
358386843
723100856
274887515
356517849
596304617
532972630
715888975
134050618
567450665
521598202
770520146
220457248
25930933
800385236
739525666
254576161
936061259
938492139
299316093
924966470
938385196
379739250
980950501
29554692
981599275
889424931
961175754
842900767
799696041
168463093
747039665
85327306
467370510
819736474
374983431
788920928
390192698
502379357
262862605
376132125
362432161
861003767
960625483
603981404
9095495
208298262
813763203
487632584
489761484
77381858
360869022
686104917
246323838
69320040
290914032
502807104
437296502
336658967
824056983
323067090
734216784
954765529
539274988
211563681
19644699
72416829
901199803
299210911
292440107
257904815
18169428
301772959
701873186
967642837
559728212
507465130
481113263
474131371
578246082
498585079
557237117
429918658
119135910
191374960
353474816
579074009
783763497
909335631
500994850
404767491
562904723
855753660
356493811
966331572
900922495
412268261
659685577
567953921
451367795
381888221
40949105
626941209
616690113
788971954
134055222
888777291
399045643
953221065
457849359
328810335
413449594
225160116
111920686
378799435
843845628
323090509
492156293
440390807
228952883
193604279
846786361
466590249
972955978
724142135
806303097
153659129
73807145
513491544
105810520
236324610
350644336
992261424
878054365
724072511
902112675
840431236
559526161
346353469
158153019
937612252
91340404
448537113
395947323
801668424
380124512
133807321
91175383
638078845
455986364
2551094
405897695
929677308
817377129
857409133
765591994
105215387
64225943
569277133
50848060
414270512
575038314
878683375
880642597
474667878
444008492
507061154
317315880
331832312
622004323
382068506
551466723
714915074
887568452
459101025
881828752
716060992
593049912
690490264
727855878
529631376
26251510
310940949
944749781
906263124
546636527
963879989
70823735
460450454
817009564
529103163
341120833
488217905
500923650
315050736
614887162
276786981
594757899
977203606
984093401
409856038
726886667
144798789
185921534
699587109
843071143
997073844
663358580
2313612
622574249
406196267
533283620
270643919
434474465
162484826
212017469
870376446
680792115
238378794
903844001
320596688
747401416
25790489
290967185
673101430
441620469
141864568
139465526
256512552
372496637
168416412
655820226
279706280
838468662
274559303
27298623
264564245
991487337
928375663
80625349
326726988
429361823
791028877
414093462
400767069
48759056
510727812
779910822
305290414
59748794
505058568
92810921
707134872
248811634
923022326
313891151
569044680
67189435
374601839
195659302
229300650
524147461
356479867
589079339
923228971
853163100
431555756
138755821
753136101
70971310
986519735
392585081
705503487
944120839
571636092
313837461
703934003
791298483
756588798
890010083
747713292
538428975
310051964
816169835
691851157
649992321
331820109
61813539
701053375
172195473
777432794
5613984
323329002
488093578
5146550
464422995
286754444
523421689
222431687
761961480
704438392
554558118
995667398
575722226
374983364
475888163
405739487
69524213
599172811
829089614
45576939
777606105
660722817
434632009
137979955
431688159
884837718
762882937
306968166
313437939
96866776
372391708
287026254
623251967
675965036
773762107
112188872
590801097
920865481
123724616
183072638
329214875
718024627
714137981
812110596
733449134
397293396
262822709
5275284
137625785
345936819
3773344
824092372
532034490
99233806
524439399
714200285
205718671
535594097
520590995
821939513
886146560
582391381
559307191
706264040
665495221
54489869
977474790
685602349
532097605
991552262
418593708
284550910
251364681
9624664
537825994
63635106
891140116
941716932
178284439
776583621
491820823
235734869
574698155
419992433
774688420
31388021
452592677
863480477
202769808
101139235
651624381
475901563
875215155
993496687
91981383
803187841
411921811
667440256
759054369
681434490
934382139
885719891
401386349
465523038
906424851
142740131
433675134
968472825
156891032
573154808
383779735
184557014
172392296
651101552
700037967
776411769
443958734
696481777
732338824
589362994
473873420
339062172
800277287
254357317
423633631
678984380
444385912
668329977
831456088
271347224
257920648
151452484
647938871
681329533
859154361
818570841
111960107
766207272
783806971
699998318
658295961
943768461
795406336
826108780
702656328
7110942
723884587
806190387
987958567
371556838
878215834
524928356
446593267
63108238
198100428
564662299
42727577
562335533
570465529
136714947
59730372
910675762
934665611
733570316
950080751
489629183
559814095
939943222
251324220
917063719
738501354
766104807
202603833
534260630
919762670
777810083
70074853
147009911
529544653
190751862
225843011
661030940
230498331
902542918
137116167
797963899
196357715
294843163
852949994
872049182
494350260
191658176
214089757
379193375
860261874
953938183
656285685
809334428
205835392
80365156
469036361
429603853
812383609
340019021
696033389
306787141
233798385
508586624
590996594
741373204
879570855
202317570
652209293
47227839
351282546
573074419
486314146
843808991
507947825
18660997
543644956
368053199
108234711
451023466
724265911
355323355
483170728
397624424
151146277
241928913
196323755
717932626
170287935
520909353
141117269
447692586
294823189
566902562
652970953
977979388
527479428
816933701
574133963
221761343
427936087
647699520
296960097
488843176
429805553
514571931
380479160
770388180
187360942
229795249
652573293
17796101
31725300
385437100
528051910
488084211
555493833
415453014
201523116
29436854
303896325
412162877
424326692
803972499
978678925
601220779
796253292
3508348
810447418
185013473
802815647
222040990
740011153
468663520
469688080
422718300
434409145
217213362
306220543
133173412
879915966
87118194
367058529
484398664
875726488
907233940
270633041
756194370
759464555
968954263
204269725
148068638
827590060
736115879
3503683
415683427
878194456
664133692
729524927
401722064
785380104
187523530
273304325
949689440
736455276
396200526
257437331
453609335
560650628
78032795
750742813
286716085
596975727
321413458
787310988
10649402
495802620
925838392
332988097
735716072
307025598
394959080
492625602
963272598
493186803
798340026
232680734
844661917
933400942
555200120
284987676
6352788
521945744
295575588
95178005
900574658
527386341
728615749
418821487
694120898
94573002
847940673
863590976
986001820
410985033
630165474
571998069
374344206
837044098
176757410
505235930
530882362
579046097
859801173
506534247
804992776
749390471
