946227593
411661327
866576536
305549176
685570911
590508999
847627825
568307513
328598008
824573614
586254810
373256897
301965289
762269549
757142687
187431493
29342330
650679328
834057825
278430367
347533147
736372732
651831385
570898339
654698588
719553587
363125392
539857617
40635872
933331749
206341703
847625917
338768446
313182884
533111919
22239417
397835046
285932968
263215988
647876280
145956694
277275032
761502159
880258424
741875002
235489015
705720553
512069277
818229619
722364593
594977946
577817337
595118129
567952626
712860751
525546331
532073463
611805280
57823786
580611539
711845424
140649270
196294465
902245017
636955023
200105842
469418965
607295244
60241010
214546587
722370641
410366549
869423618
413072752
298121448
162135197
832762580
668654962
801856266
525725589
938359186
722445954
294244813
543999105
639890136
701031442
665106297
622308662
459239637
602910508
265741245
506405688
523524964
427016182
801163884
603120617
994984719
401264029
669627941
130980994
996503928
439209804
428892101
204075343
889148934
204565263
740316890
334573166
415007672
492040632
901647924
809481038
583637790
373455821
354267202
886096385
714271270
977451058
431148968
594668267
725118823
914961930
349540285
902483437
934883176
965522135
250024249
539477050
665624080
874750502
977620350
693033832
769601020
232464299
511817167
867560519
825113634
694397249
507622267
911191386
882239005
640677007
480972919
155523366
99248024
414060634
28195825
502085862
801770158
56556785
790081664
766325074
41999725
605139422
307359596
979172324
342439325
301951590
95659304
571469206
926275864
328779195
435415729
127923773
736779936
550083477
217530646
3548028
593647362
478898174
70155169
351527419
788740135
125504871
275387508
459868059
331356452
804840740
155451741
111524868
251215028
755509503
917710256
30651324
322055507
152875275
790907447
529286131
747972910
320408497
198378264
265931526
146151889
955277916
376678322
11453079
429078214
493866073
722480589
158546581
144809829
738237961
904406125
531729436
729914720
771550382
987739458
698673066
298596113
229464946
870291897
296933465
691877556
553519122
906869806
12771580
845017086
812256672
196653711
508503341
112102927
139405067
77663574
608648036
956680585
895458443
417101400
826549208
902953085
186022540
746809688
351610383
901569849
591522477
291983767
555805494
213423992
979647731
133771961
647974183
696971437
789671768
849096706
334669451
552390456
468209885
681747456
24481162
323340655
301631816
342987814
236718886
501180441
388891733
861901746
603145936
560960356
279511321
701287315
257090346
498118699
409488301
236447027
338552933
412815488
182659199
286017553
902695251
952065757
5356861
11221662
540881190
788369807
655963176
632122491
721768288
550995578
783960214
950766692
986960620
355626809
481629598
466226130
517039618
681474017
428886997
409552520
128612018
425222079
159304673
545048150
593840049
415076733
746794169
635088512
445688232
23578411
824598634
430265982
504383726
939508278
304650591
593961329
377617964
990128077
600026554
214819926
121468052
713367142
869607408
388216428
528036550
705034677
706849124
893276066
955907825
26070790
855940352
75286866
866975681
196087121
796690873
985785641
959094920
872628242
964545431
354217586
785212034
831922346
48767255
326789875
18791823
267983482
788733220
971210272
814344834
50559318
508136494
184269445
888549884
681045914
48166839
26465035
654359934
741953168
84518825
487419438
777875100
354789289
645438605
543929566
734524955
852706616
66065453
647083134
219125340
163152431
970000771
933726252
910288362
18734307
188113569
56352758
153457049
191137092
389946893
328648136
545126994
448504992
967318509
680223713
229197855
47083360
116064568
185966619
909662425
845180665
226374465
201757415
115046754
772649380
328108205
179347990
332579631
413152531
153861283
669894357
12629421
603986948
170645516
987656645
286108549
601897586
813917665
312253263
135442124
954430375
313051404
295760436
767908151
996101746
520489777
844499375
589810300
19913106
492733692
23135449
775140752
165363827
474879450
748404214
533484822
843417863
717071865
279986545
926838414
976191144
291710525
524306524
374765799
601818363
69272941
5848808
748096329
144549768
825458667
313231642
878047523
238911233
935184753
15319037
437901329
47285965
592367536
983143761
855212311
788833222
862813443
548394788
475743548
19906344
420589067
426682598
558564571
590560729
150247551
140957621
158554738
115148990
93307544
545702145
129262917
267943622
782820107
991540898
408279243
829226652
859302022
133933352
226318825
430764730
79044439
464396723
841140564
816154297
450051371
760943971
415117786
587742833
721054308
546867951
184972247
797139633
846841108
754222351
90798763
735407268
674165414
48790303
701667997
492624722
811034525
325397181
862856809
93151850
13624933
345579495
806400817
818951451
873178563
437877468
718902072
869620999
185667027
674632711
22821706
153713135
30187548
859881415
576597284
186771171
862275070
912560699
559687335
283389959
882758181
33497672
483473458
924368894
364787883
647668363
25679286
422082549
909696832
106775145
118451203
31800085
831989848
163255721
594499171
290211709
916877650
624643874
622153692
822336997
556573470
945764887
57231622
581428599
929699755
347667252
132204183
345651119
783759396
849862693
883481939
150535671
525491299
926416593
876580513
569740580
855658120
709861243
891266616
7460482
944881231
446635375
692749661
629387714
994976864
376610984
113729252
648147441
695043380
494248978
735663333
74953582
532433828
552989648
782079766
589902984
399634268
22151040
465558808
426580867
321308510
607992600
757167236
893730821
989448538
552334311
702408355
659831341
662456982
62066196
218025568
408422046
592085991
773268908
862426916
888741339
151479551
153813715
331222547
273000134
32354154
793016958
414358984
316033759
357478960
967483862
655476222
201013012
834487683
365275489
1434658
78096450
34182197
336722654
910671777
524962650
796963869
122043370
685738891
241569760
231447908
730598757
746861095
187165512
217981080
948149419
438693123
278729306
825277383
509747795
222988206
714643941
108242952
687958325
809233835
73746702
612549176
619575232
217508812
534919381
267648988
144919563
942350639
82469741
298296397
410973532
323135352
404619371
990025153
512112466
187108262
307615834
483133275
279254605
783828405
919868509
730468543
747680171
729241185
885620588
259788620
68739671
190142598
774782545
830264168
567803771
35214868
426092221
940174509
547527116
808669592
733429453
352502072
816453028
134508456
340035011
756005525
884470503
739696630
260631623
871889153
849734596
513133128
426489928
841144662
876646446
858129798
418269789
244460574
145566296
788434484
87777972
360158323
102997417
780721979
662553672
919399294
552880629
496955530
345362809
430578892
166839075
348973461
257910563
94134304
990939686
726039487
484550177
131659086
356110755
509657650
646240571
794686934
326304780
79727552
960948557
491470036
795716489
185978798
120005603
50270158
56973170
87942138
883066587
4600695
661353685
125498570
900308921
997361517
51343331
317336464
872655038
189813866
423439107
628639323
355174097
643414632
620723966
843675150
450274169
287857146
14852835
191638409
287509984
783903234
940766856
852056098
435715068
283882388
408702735
660887342
175664049
546768822
728222967
192913265
51520102
860819202
622140696
191618462
252798864
41622486
744813417
639987482
939454839
257716936
17598052
392227959
674046818
247645861
892943607
976022588
784770595
870533578
237738188
492333185
197090728
386593305
107440917
894653644
98651890
616420527
883096643
979630977
968192052
373166988
571707696
484304623
31887897
806996376
273096207
809182874
499597804
211743215
608552936
661275156
706342953
746926194
463784975
431809726
469251091
32153070
655440327
35326071
33787862
666668793
320632382
636879582
147065393
251018965
763225785
840627794
636774849
671580614
905204259
852772019
881974136
640626390
931917019
446108177
642654533
483310698
123635327
685660005
133186351
578102312
110760545
972484792
976387399
894032338
543095716
379919576
939937491
795097012
156966638
557592271
974121441
115774224
321926018
410090714
710200085
903054050
439971806
168647488
16153184
743510862
469222466
440037679
772682227
649276899
500045158
660043404
295961896
763686622
844582976
718110241
443178163
51556801
164667820
547349883
745847991
146214142
882596583
358873253
185535400
489982113
462175580
356870860
120662324
138493521
384144324
958475833
207053677
448932550
29048691
786260725
156664490
169157010
946889711
714881774
425540617
743828039
532627652
99010383
121993256
630606625
870683682
948925063
731342128
514920798
325626079
968170071
893280504
73301483
825325345
125849882
795569682
26858806
878932715
890440323
555385570
656083529
923720652
149162665
93141170
751202272
696596434
407645215
354005893
517853761
601724457
173286102
926344881
132625837
625439473
952769247
886436344
887972900
264131196
59370246
687751949
790301614
521932514
291642546
306886308
869486554
328967752
282087208
261120539
361432710
988615915
432290281
398552304
4553186
67065368
696815868
559814381
384037042
330184829
284508935
714675152
643054823
914213426
793126199
890006706
292405412
743145088
665442814
813140074
683359258
478718632
848289254
946660213
997703985
532226697
904368045
63843776
446247145
737311402
753908842
981407221
383964601
951968676
632166021
676176070
858396582
2522436
421889651
847161583
171127365
809889582
833747736
125058276
451680478
655740593
944583834
29024960
732627463
656320464
874178708
295561974
307616031
593403417
625345063
695689741
358156029
359181036
157131981
966887028
983175676
795823602
550149528
720208500
543811346
370732285
759494632
603985844
462605770
232236375
220767263
50875027
584168206
198277348
873738008
12690624
588442686
392160977
203139130
571549669
170251716
217846965
333697557
142326683
250122232
688897293
557606792
971712530
57492151
794751424
534170143
320186128
842292942
666660427
11888243
648221555
305201046
902904243
871004943
854968153
416983260
143368982
511895583
809291215
725594131
227822537
333074379
336483921
739303147
588284030
913533299
274748790
860142605
402278894
719660975
910169383
970902567
111520029
433754683
934921556
405963997
542315099
301509050
977393045
753048546
636465324
701344279
497588360
758972226
595601226
215769689
234986464
592539291
810979805
60080194
530454438
802771541
931327578
985787302
464454478
761885104
366372587
363393801
828785463
115784829
296135039
373523270
78394918
833319114
286957386
462560834
850077241
479795153
866699476
83336623
33397544
937110068
31276563
588217324
92540954
389459758
988270624
208413313
381535377
981242136
86615389
225412010
568166376
423748082
77237022
780915524
393056464
191109002
490914874
676382030
580367835
177630778
957682732
477635178
500114361
312529460
64944250
776232016
488417172
430192622
440383184
48643501
139572142
203915595
906265231
268675223
816934927
771755571
280137339
92713424
853231450
295365635
97644799
482963612
96561691
187373293
230761613
361191673
780973180
810390001
860358555
19085953
274512974
206332755
5337488
635197117
794858716
398951498
857391430
6613425
119925942
501470620
223384702
105674580
798322553
390541100
902250626
645572884
573615737
514261863
935151758
969312867
642666120
606597443
551706859
804721037
234921295
921742719
433246524
968370085
324110434
55814624
618639676
557392074
214544800
69223980
570073375
148212471
464894820
430457580
378849239
682933552
309323148
620659239
393539896
632226925
371181342
843879701
248582689
861731079
756471115
348576505
725372284
849580388
586905993
672111601
197369160
150906245
969047239
836492655
205859688
804461854
844102542
985188884
41474686
862412416
690170956
807611429
180717705
522494154
908121644
955857311
801110185
631049465
937153273
320174398
857022729
90661771
7976421
798977477
83748399
776922769
996631121
450279455
75049684
213849811
160609455
408023022
322441308
829930170
283194979
854516403
735133149
366053644
331842250
389580061
80626160
565619080
195562356
260607369
622170612
116822399
565411849
680634463
677589164
542617873
625782160
919777922
817608164
409012638
501046459
417086270
625664575
246022969
280394823
533714561
90976800
280511004
806402433
793916912
208259959
445340253
336744036
284189691
6624967
525819404
540715714
19468244
38977799
148400983
671136390
463593167
766158277
240834730
233783147
427489511
105203350
797528949
419916109
248720788
647649085
648807200
933637836
477650220
436760084
243210880
802956717
573589981
173622906
631211190
620340068
909305793
709236664
22784494
875649330
697402742
995135883
837430907
434262024
700095058
677508481
582191342
298205075
657162153
409673063
246857556
147247296
102370334
280103217
34485975
936993946
663450859
909637317
136976537
836833266
890815041
281861755
978495799
831229665
626617153
472937315
875705386
632769025
760062811
995726407
295636599
771252265
224581890
365149125
875303217
338317289
77781970
279169906
408408536
97433993
620227615
118233909
690608678
244861762
899970466
363191618
24385171
675844202
953181297
938271494
926463999
986141879
365160032
93111563
730995079
870726696
866946419
848433669
561443038
122085464
361876074
677022302
800782398
884354118
49290623
234642499
397393720
411611354
879958152
370003752
318286047
568432210
299224053
187019809
25966994
843863940
829734374
306555260
19605358
204167214
83360777
348553873
722867521
593577853
806929406
615420855
967974753
955919686
50739881
227412481
364378892
431493525
161052664
949710344
683639397
600428772
684598703
7501225
708630840
619793839
751892158
477456324
914867036
547051565
904148590
516025577
293422293
115416534
548003116
220476753
198635249
772351497
180360552
461807159
522709639
35423145
995160370
283835558
433255804
706568945
496946588
515406038
286453271
240465781
162998462
55768054
131204185
599809747
396959114
447889332
223916131
210800044
421065001
560401341
645434297
655899129
886126915
338314765
947965513
17718886
831794690
529103596
874125672
132456598
872226901
954711375
498080608
688063491
847873047
685159309
160557988
605393751
158138367
636403169
114598314
879075895
943774948
887175599
641575567
920317685
17247159
701823006
267314799
218514773
692033574
865058705
650859424
933134513
62089878
701299755
732837027
988118660
562203137
793281244
447431217
580876475
851386089
440469185
730122548
283980858
279274422
369504015
749009343
46864032
972405364
154454754
932233256
721195535
459410493
671376704
1465694
608161288
624975312
634941418
281449959
778308915
737582387
470539675
674393183
749907422
482451816
179991475
109267150
452058450
982579316
289929981
807083874
506906040
380729991
552465964
736687268
616428763
433600262
529169584
346535622
724382812
487705933
841108950
292177883
565060987
414808273
851964016
214511468
635068500
948256272
722556779
389372574
519756310
352098194
354609406
166694631
339634442
830416697
102537848
159719490
133565828
930961226
968356240
190746162
440381504
520934031
660786364
343186876
396887366
725916293
642512347
730789262
556101734
32328348
694338574
155460248
167631875
68966200
556216049
652019757
85187604
861853003
217518064
777371368
677042944
21349603
489718193
26791429
257718837
366458334
179166707
591213641
566548097
695423410
806766843
246648973
472852657
985867333
332473328
182368892
217263715
960772410
524698825
420607960
756475035
427540113
951409233
708072584
154045594
960369637
901564154
762019076
824028291
273461582
977583761
77849923
603876634
360096016
55967725
542816337
730615630
508273457
393128167
80972342
665971997
188282770
499795194
85039626
987829886
591141536
872047601
135590698
577492871
375365271
610372735
43346999
27904863
922669197
55059766
10066468
216501830
832215615
712626674
411701026
689693960
783126363
979030609
402255507
595849902
983797013
42815549
423082521
579226388
924780499
860592723
358431754
311864523
899476893
596114704
572377506
67986540
442413630
896010463
835870457
676967174
135077045
186388464
504381247
790572368
111614314
982165512
731778844
355389705
739871701
754749643
510123836
255048022
656550324
641359365
692989599
602844736
186485411
23050894
329993485
816295380
319383064
209107115
872997506
492087835
900389978
79360083
431343583
646514101
283654537
295106882
675987714
516403496
900354858
611958687
56495451
676944493
710964674
964798525
779207257
415727961
733715251
979714833
191635984
606753403
455359245
107720213
2017779
890211694
587570617
697849703
512324504
72154382
31868191
839859189
149355933
50395164
656106179
15795798
168757556
273919637
733460977
21805421
130624360
198423944
576270415
395985230
596137866
706427633
557799992
787643529
940078299
919046160
236772680
966639191
438187419
395234580
793009282
321224187
721793344
813644586
99013272
614854502
874484038
557698635
788830582
605161004
160030649
173045551
180328209
347051305
236521501
527190680
707637125
425391523
596228507
47495924
594406149
206971875
282172260
218706321
942925046
243538846
56818279
222262211
617610419
250053101
190671918
597117020
542050442
210803465
475142057
264274508
137487190
647884876
750065634
345764109
972649490
23109270
265357495
212769846
624893137
465746379
761073379
531256784
868995455
638169027
698532047
97143885
257353621
242651335
836049660
882841193
24812934
211072949
130815791
716189464
900270189
703924654
413048293
323399838
472886664
953238858
771347997
224435009
921224773
236375953
647059041
97473804
160215187
81729124
56355120
181728461
598235337
458248996
858477621
713867224
449537543
748331519
425326389
490653994
890799009
996274402
365092143
995099073
646988656
689590371
660294813
720439538
60844589
301508677
226223117
216234388
630403246
705883287
370889743
763530648
151810340
544690086
523233450
981032778
66688027
813943042
267397073
846684159
535537344
241334949
821256581
423008344
695646644
847775750
274575805
198952437
143676247
500808009
469889658
71105648
94656669
501360086
955153529
492373324
524611244
861866163
340454147
206292022
258636298
197184012
752508373
861384647
461167226
102707572
330700722
593127270
963728881
540327343
966899539
9646278
722839439
870610135
757112369
242234541
436495135
146442156
755974629
766978162
162934378
116852959
987794372
132870638
764056639
483371591
35286930
414620544
834947763
698669413
220449676
631976821
178494058
273716312
367945647
574995556
873041669
787787836
373682732
443786797
56194278
494517573
450873653
673952550
992148253
337829076
771949875
227822555
70609398
565818831
570025874
644451418
79073941
722926631
621614588
473900772
749600672
982517851
440168966
195216059
156576834
683119418
827138171
527635100
362030040
404840535
660899784
660989155
124071038
889284821
447362550
811165941
61876851
180921401
935738448
957389733
162056274
832684427
378518291
535091447
148064339
488711363
86648117
131412547
659708865
788586402
712882246
948818015
661371670
103633996
632318960
597472730
706779945
1079527
791459327
647169203
154794547
837307933
24947196
943931789
235956566
368395768
285593734
860359092
190482594
145515628
51203508
916202491
577939224
267387090
852352785
213206246
326022821
997340667
427210310
806909101
170369822
630707547
581785119
618190
359497044
472307738
437697405
466642068
637619290
566214330
468176395
356597706
322556792
304809248
939879883
368337105
145562237
28083794
668802481
385800507
747735556
848416579
431156889
319299803
149431764
789344762
694365494
994547719
20562033
640348219
265663167
735547254
859954449
911743032
215422298
829566384
450755194
573163811
600595286
630836598
126550181
295057696
275079646
66366719
635172663
508794237
108562281
232254388
154331853
799108081
341252047
875257990
449954094
381756922
646168848
929198893
189734225
447801058
426184164
441334417
193770487
475496334
73893218
410393403
28142191
68241520
855986460
375719540
490132359
64049059
589820838
131642814
321444458
318704123
213340113
43047584
599654216
560691594
414007747
743798446
68184374
289246302
154065643
654874457
717132851
322054870
494619637
869383517
822075559
977219431
725410043
39462972
164453795
814505397
742745312
939704534
797360595
201488821
860682952
616633677
609552224
923269739
480937790
869581282
914845104
547819579
655909758
603972930
540300147
747812436
206642682
350043208
448497029
270449147
765232081
672902851
718387791
844342382
184616643
514986359
376952900
248775895
66374892
799007658
672645653
426031221
643113473
521857038
75999001
342140286
635423849
236947653
104969630
481186073
806388551
524634830
939220094
246684070
713029369
693466873
276061300
997823819
725282336
692264685
572788277
816033825
695790029
412577711
455153270
158805533
422067995
555790877
525864219
372878734
829478346
619752039
586756724
768984286
184338317
471161865
423788885
529357295
202839012
728320340
717157216
456068121
327061197
369554759
461259052
573593728
49573242
799445135
519749308
989223612
33132046
796649568
121627826
962678476
480378597
605032922
726435372
26161636
600440940
495318202
983521835
15183500
282265187
331575037
136986580
668564797
557085627
956009566
92394914
584463348
929358687
715937279
457670107
785158342
934869004
350895498
519878477
815572020
708713819
976825702
866993989
421640817
170528489
443617856
932856927
455024703
76512582
641245843
855362949
483335897
164148343
852827738
929557631
119636404
571501900
188895783
857175465
786101824
991330961
51178590
400185432
630307938
245002385
38189560
37073901
542403781
396725173
986221001
751410706
195329409
610102435
173736858
355484534
421413810
653953464
271019878
721213652
781725140
543183223
67266091
118821696
88011554
490118949
131138727
787661609
933676894
697699140
244556427
702916048
598502089
165317681
575936829
1674209
403715921
780202067
334526408
152054356
234820833
531929332
709352992
91933901
610559290
567852584
870077806
874059871
523019373
949301620
995510410
60132023
862417563
247928974
347079571
797168243
827018503
20204564
154725970
114264062
260222799
33582619
280191412
743381996
64767235
412117284
199555079
130631357
472642153
142033617
502944794
484390316
111195913
268846120
339970906
713932735
350657313
741331373
223521893
100451354
748204158
351009087
962343490
407990637
971546277
692919650
499895218
697711105
142227638
96961355
710286064
396383535
277131666
116455337
655988944
155624531
397345511
340511597
486076845
978940116
583515928
106332627
600740175
445383395
19786206
158415792
470462171
773949810
604765346
688954996
744940084
788937157
67018992
436028363
947728193
428283664
651252491
802761089
4516130
404943104
903605184
475715117
497706090
719654759
356816756
42006231
955392407
12281118
847275323
957129746
166731897
742661067
99551213
651648007
852936314
873439504
428016813
629095830
863610581
674796440
55084194
71319409
947513314
229223760
946666620
898444576
842963979
277881913
406548253
744827350
120338579
295659754
452109492
661236275
453592476
272887737
838651401
685242264
291058880
233180241
935070443
606360518
939427646
591511152
566501694
359155433
297861770
588382734
413431802
53406425
163684790
111526995
23636347
969572412
886155295
911707497
909205682
123641057
714177557
994810309
297353210
981597357
2877993
480475892
230953559
720221029
787783462
968982860
996985834
241067914
815121981
609325398
450791342
955153109
178137320
671010288
150739382
508532550
93869901
228683614
1120789
637201515
555087270
128506354
695086811
348560853
446064905
711362057
886715092
477601173
744258852
967753807
168807112
945439836
559687640
710028376
443207149
849614411
394768253
422157055
568956147
644539866
99983372
462695449
252076940
837789166
956629825
223272702
18667574
359232480
905188970
742378085
296021297
622443296
798815669
699569493
350649967
952793208
331046509
56398003
211814337
461946816
52303924
850467056
154181981
379760052
579780798
926584502
939641832
943961457
362893785
987025955
31227195
840143906
739589034
255882860
587946187
757600283
800218363
8587606
365616420
146696517
987995811
178956230
217348725
258967516
942659538
932452540
222062128
468703509
699980957
591469780
384086321
269252463
450031346
377416012
437651098
924662803
883977638
45127816
322006711
130854709
609044838
230918616
154412568
516469457
608494659
731430337
105289518
507830715
788862993
252887401
152893353
84905940
683836640
173323813
513552319
529975084
406046158
967463670
95505636
962184388
709609038
378557814
264341787
536811607
85270476
946955202
430562504
310172642
25165568
955033232
862159136
160941559
867882928
995587956
894947309
120444133
916359813
713001171
871456612
345571262
80504189
232768579
789132132
356640624
296422777
453932494
536907912
344860491
976213109
477038094
394438210
170977854
745914923
848126691
205327035
533756866
901966397
645003292
576131525
177631426
890922872
143853771
832412435
582470687
301885165
164206441
524058347
407814670
913664674
55468156
696937314
139577209
567606033
130730289
322146127
824996946
643019734
580217873
338708747
42578047
113399235
870689191
618423934
860193174
867421820
544139531
764028960
347478188
577701957
800232634
716652865
209999021
58925442
478469454
829874775
741723549
752437963
884962491
263824183
12255053
260853345
125094145
990116345
312117279
696637019
706167933
486370935
359692577
105723134
600006120
279800590
470253232
424462453
202096667
673656975
679208819
441411140
705896094
369195342
211524376
294858366
591957236
180280064
484915829
286054784
184082976
877804705
921735474
92419706
126594774
873173410
943568070
954223634
53479395
373836491
285478010
541193863
750939588
182609530
113251791
685559419
750047284
159884982
107267011
762639104
325078517
99052212
783107929
903961632
821830811
120145242
178229397
134844159
157868428
8610521
291244177
820007577
435129267
126791451
170732054
126378200
610687229
612711763
594648598
333152227
958692025
502272339
771433795
214964925
952718203
930211801
288410051
435093492
107846027
801494690
599510257
953399276
628759268
951826989
888050330
534004830
848821765
309155571
854273197
14354004
592674571
159848144
957627611
403074839
840826186
70664115
814343618
737626868
688708390
522611594
934644030
96501380
970297907
673326774
22428636
175557657
103582529
549845436
859447120
980568021
116792006
732348037
683963144
15218992
793121044
487021633
486235894
208035927
130781808
580257700
850663153
308520781
449926093
920486288
611489318
402318487
913025481
821132481
339274841
176261041
837017113
392825423
238748820
320977474
360885106
644528593
239992925
758393683
365936922
831148640
759847215
851531852
467745517
310934645
309855981
202855489
759550501
543170531
807329395
800186063
86931968
390246130
491478250
831576269
442830156
703093463
410324822
87278350
446003356
137847926
868451557
879430914
8518803
160752940
609682281
652434243
760091292
858067629
386839593
485508921
127228241
480517577
392033957
448082694
620273893
115323731
206007019
59712644
899963251
110224274
697129949
841468984
921847565
24640308
391790048
829132719
899171973
378285026
551216218
276378603
922402324
153387601
338448537
80778220
513269071
544572818
799180404
215131612
395323622
675114331
327979461
236036395
452995310
817667162
623362237
215056609
584036853
518535936
159381450
426708484
948346699
103111108
710036612
306651782
402346586
316567228
398843569
380438017
533100692
136276482
662863739
621407300
460333391
938198701
235476686
81589931
988817271
497751119
499136444
76201616
526007832
372311996
309393340
373929314
794642537
883240238
996944772
91961250
137431401
90944673
364326313
128432471
442761604
492721780
932943942
177492596
381423327
769046863
296070893
24530340
349782769
443580664
923555784
303131848
425362509
454069633
148168832
815320250
635223259
304831985
252316687
592792484
319721263
990854505
411215436
984807109
900660783
103382868
577963316
295544475
649813095
79286798
590449075
990653931
478790930
143566969
282991491
120210534
915466653
600110107
375632160
532172304
354491179
784020207
256549705
267014382
496848411
314820484
662489320
664984028
109523413
847893314
641874647
12794188
949773592
718383127
159627127
630091832
748746175
431986167
58896011
181979403
629257608
60749475
375655539
836456706
580149252
837164861
950568876
321274131
135472454
989397714
174381423
747873867
971233117
147816152
274272368
331735922
726194776
174481055
426871482
769213387
934160506
477846323
460166232
523648769
805081780
401004284
649645819
653272094
933449916
529609424
411031619
687565072
388254534
240394333
182708132
233215332
606508107
368654308
544353567
885451809
337547459
166944259
934936137
297860774
981678140
860557440
872784149
216615581
980836556
489929049
958852312
87108976
773865753
188111343
474078179
476840265
295401104
829746625
942554523
880296073
885579937
59415547
638862639
379909814
354597906
734686526
602753794
402867410
547213606
609353904
208337069
663039397
426020568
429365911
326183104
646545401
383455283
253968173
532498006
585561607
77048141
556848715
805867965
476944738
202755753
742629955
140810191
279983508
983882220
307575387
590263017
701185484
529353353
858577516
583995768
551108082
523022584
598418065
758034790
372847435
589969264
848435016
339459357
370275501
757929280
568050699
768403502
141780876
134577649
820562354
494549000
878975644
707355361
492144977
730246021
610336747
321626791
358203137
724590837
618446578
634565022
675558542
182232300
12427563
886673418
411791768
972827308
387378598
246823129
26525433
971131258
609965460
375135041
125913989
650278240
259978699
66571601
603847361
615059396
62295613
352731004
926885067
58221762
906603979
861492673
117876565
815286721
109657482
268014872
35456447
748317132
52402666
800709547
598537086
912229135
728642099
409773875
580705156
176929300
952642560
16565060
923857395
390829869
9135736
677164605
852269747
859243057
193117217
96844062
374777946
77122612
700480692
905137186
648557062
1490939
599835226
605463845
233556240
941675785
22945145
95999622
579764820
117672453
182100330
117779201
87500183
363279769
375741445
734087456
854965490
910055891
285931547
987123832
469382635
688721710
37399876
744305327
652393388
86194785
740494329
236030283
898555126
480636374
786805706
49232403
334785688
697252792
315300820
243759093
958474017
957504394
30169838
719908013
714224738
929183539
32190124
688467191
722650560
138076816
275909411
88560991
948608916
583661923
533117708
628597141
984419187
279940565
498313630
851994793
639084884
427353391
719979211
867167826
427771961
650713978
811001650
859813470
942445979
965263854
802838062
389527440
158551900
815839483
668800664
487764863
361656964
159201206
186711897
223064958
537683846
925153248
579956478
581397546
313249209
907636888
712849050
233478611
527138655
662650685
12397417
492969806
878843833
233600261
798051082
726643187
796013374
443556428
124052204
643353274
268928046
173472599
212396366
623295716
368083825
268557505
220970253
877822801
935804250
963657646
224954385
431771796
691625272
947908013
687638497
137711590
580947070
323274911
511369842
501467998
177926734
705169224
536019597
623075717
151516370
565451895
637576191
651785425
210333470
309371584
957407399
334257248
184289077
265614421
756296048
555594821
623890719
173750378
79709441
784509787
278631361
409401218
958952999
731499709
54123061
427102190
232049754
524590248
695539454
281427485
130907637
62010703
857509506
812444242
493642331
964290439
897663380
769253410
192191718
222338189
394983210
843721058
334780643
409347644
887636357
420561286
262665475
91720223
196059682
224922444
509560083
630067428
547429116
293433117
35989147
307087602
671230488
627136686
94279059
682512890
394908800
775230020
764609445
288351301
948933771
125735868
983909235
648246247
182780695
968719663
305181025
669949542
660881304
841142234
618222420
7000145
800598374
653689680
378163511
872276862
333613746
765455041
117695298
730618984
51699624
256188039
474418283
641905796
90083843
805691042
701322100
125944407
627805794
586209019
580525497
587876293
827726551
255493578
176617513
642617340
574759727
769577344
43748495
199761279
859392151
49683141
88965907
393127941
345104567
43293278
714558380
687368949
600686621
361080180
846888946
384986376
983330175
85731767
766997467
989424988
885248129
525183702
216783373
843459340
838146194
633538955
64067859
450996491
382827272
719940234
996685861
103850112
484065255
648398412
719075015
622229647
608004633
334751768
272137757
160754070
256742900
55207681
654396486
679455012
212294145
71718986
674811518
134291645
127688936
864034457
32706997
200954187
575333578
627360370
214216617
530301228
73912213
679740426
28882925
771692354
627088029
70778349
893729139
531358221
44394004
337341137
707802714
425347457
976605225
564318702
10748202
742090521
260336956
938863453
430905573
715509007
83297488
323988705
749349026
256807861
172733757
370523166
935888270
22857492
709391424
124224709
491973434
774234961
687945510
912707472
777250698
931247795
637253666
581242103
375928846
960062008
627795497
346726583
774896751
361813517
258310984
741128489
132762923
937760307
210716962
199330577
423937092
548066172
141290419
414449552
229534542
868411303
661307325
60989602
236241516
991901259
915787073
123527737
69259043
985459088
927733300
135399894
270537232
805868887
237261063
94114510
155710638
687345794
903620269
639938853
820110814
161461089
367482177
391849557
463999164
686021179
470816952
800144322
572046347
614715157
381154256
360940250
759453103
607162206
214026049
227908992
632105821
524430223
992240935
98840200
316557486
988461655
124724116
350688173
432748936
227374683
753197428
868357565
814461217
650436096
15263986
563111767
442650676
525455408
447220751
15603503
546231594
975223056
340156591
253938208
703397642
332649842
283395505
529424311
709815578
147035094
613136389
567047710
360334064
702663377
1706469
854290380
162910300
458102924
989540230
420392675
738581685
566835366
131198280
442552925
210833998
804667911
761054954
206867091
341718783
815424262
789559957
259930166
802007410
65612777
964155243
117644537
732729467
705848752
796304572
19938771
899858005
302534524
532460850
43492132
699289021
60984274
32023740
413834721
35671340
55149827
143572701
439420307
704636833
168745962
743131215
391237547
132476301
685638666
664240333
172427738
340797754
790555019
217218145
358023768
295119639
580221188
409273085
451104247
617015533
356969981
245034348
361266979
700533674
231597244
580976233
878292871
458350122
845055718
544169252
144483273
519142980
104648049
25158833
795323928
957925734
942909219
189218786
161355133
664088545
67044940
754102123
183902014
918229914
409988889
912684243
30024511
640519144
372366951
761942357
946843962
220924142
580745125
545885948
251736227
545954449
265480765
765381380
127066563
214707153
991778029
831648235
98544968
577397229
607476895
292272889
421726691
693826243
622114979
130095451
353489301
619502278
498586807
930554280
592323196
937718555
947387405
531021590
832539851
617189075
615266433
787582515
930703824
667370481
984408238
269901130
7758990
353161814
100555828
164112783
957127679
804282706
795630841
315269910
461195947
813599811
900491837
31445764
607449531
65999356
842106969
292159595
177292186
980445157
442462130
432774875
266387993
379417189
983692402
873863285
441969496
903666531
415607375
179715822
510116426
136064395
444909676
50575306
78742573
733707135
352459183
922580162
534707100
155829
88347926
124952486
190120569
566633505
740417130
633091028
162090842
708911916
380553997
693468445
18302485
876765798
233448524
355341566
662561433
564840245
74870937
323376179
823865808
835378527
109875408
420852265
212346743
834518962
769164344
494538822
415721918
65939276
454963932
489970861
727886523
637503723
256023000
417750731
674784954
193011600
32246976
706352128
168441689
977492590
909504644
79276672
845489772
842851012
211083370
627801913
78046822
326229402
956177510
459169912
63845011
446713183
212911751
690062638
930385448
224001252
20872053
673370638
877066486
333471775
903832143
262983446
440262648
593929032
499730534
274420080
720593822
257458090
16021163
441767730
285884188
517690781
329052727
570433719
54996046
224415929
779670480
460441326
884962267
609889212
18995543
638783494
491823095
52374545
403037007
464233137
167055448
499381182
928700824
963716635
411855893
231228376
686974122
933214295
393914047
663904648
363218975
211844048
114041792
359984929
907664652
176402715
630453941
970177794
316340882
43615220
836941733
574176723
6561299
108485109
612512679
481244013
41514374
880881986
519222377
64969176
935833612
951124825
874479884
840466862
744267242
771445310
466289001
886248602
907776182
375088604
713167950
394416810
870649332
5033699
581492069
698200621
433767803
482942175
562866127
384978669
828998448
12661135
173144877
333680859
419521541
108141454
486467681
224744932
12294806
249352699
667392778
790196150
871370376
401046317
295819390
244561929
758675725
906483015
974863500
768708550
325162148
404857101
156628056
195861023
197359665
561849909
657356906
669041842
904455490
594239185
216706434
77482906
361573814
235951558
448823959
429134180
97262188
296154907
774086013
504462434
506447088
415281205
645759048
915570465
687622456
854551879
426609875
266937535
870171361
508852747
314124508
846180068
263328336
57646117
500557223
456511795
371393495
210069674
251189045
727487115
3443883
401232032
600662237
191757033
515946588
705442940
182769287
165230635
855430805
31424836
219188214
42799266
46077499
105214850
692670224
165063178
589168563
70740285
494843924
273031540
950428338
48919134
757029045
510034274
790827756
150505975
86181637
102014320
731323772
675198952
513267039
976452602
75767718
342966117
987387775
77212645
125903652
336280050
727997429
38130951
758287118
304035453
597305573
791503204
231211486
966298778
221442087
428271725
211593162
46266388
293852413
973971996
517964545
955529977
853720780
257602151
256482917
912789007
610091403
285837703
907792916
838934633
727068618
435903816
399076368
173310253
140243096
935896559
757005445
214200276
144133277
156414037
701945794
667900777
440060798
541388119
96360845
906583422
722241655
530889061
727505915
196629473
607889828
51410358
935796138
210196216
49374739
822767673
278060652
983154913
749140194
325185516
965524544
116434654
401645536
317910428
556131798
130784244
99164640
573730410
184463094
853358762
737847766
423668354
727701544
201345497
416622335
210763538
131284446
859777609
715927766
495323105
303106843
437526980
899657116
266654439
938383396
367145037
944542352
821355763
946811223
748908410
56714013
722296536
61369082
189745123
116769698
187067861
603995268
219022258
374171492
908586952
747926137
556906216
614547096
551060038
942302785
89746041
459841602
438928489
20415088
220238284
847398912
57133179
861273810
537683401
334756347
494482461
995449399
168497744
493599874
721039162
294579274
638844465
510584749
335436852
280753833
333660416
316255947
299866527
795465437
338536432
329198214
22355212
417857201
212901343
467821428
681436570
216681827
754089773
651478188
49848897
259835996
275473394
241380958
350035336
49203097
792684071
721081164
120907961
187965210
258263606
228077027
801750623
359752734
6927871
530668674
555567767
387450869
394781481
338537750
387820692
308425383
144967152
694277069
686064086
602956202
31635152
336139720
528048476
827216426
824889365
362243615
761443604
881810914
129184761
170964868
134444140
794906505
332077465
862128727
947396836
616388156
200673408
18865097
991299503
113812579
248742430
993932855
86951352
8431261
307020950
855736455
428565023
8773297
72060889
53526603
113744964
623503988
392263451
585963908
424411284
382079659
873760612
642983383
890710713
645715804
91375170
276036087
184733387
96296127
388330454
368518028
796185156
361688257
348873699
586563714
729526314
252741827
839955173
151300759
241644818
509053365
631756343
79009478
236216583
712954456
740385600
259756469
73728440
674092579
600920366
427905973
709280356
311218449
946880726
229470592
307765303
241253400
554193045
343117451
843454909
253242093
346175523
438048558
810204427
31201311
509199762
803121994
633373951
195292487
533338859
637363253
974355535
811040894
878556130
25878756
688377272
213384848
515292769
591575366
565487952
157977349
597377512
606442997
691288880
482935571
375894470
365080371
480610450
224657960
765533063
551268704
427788361
428796794
666225781
771965549
657975681
595166934
224744058
784617160
327184820
823361154
317072817
239247015
674224011
993750604
873372067
834583584
751348083
261508495
682815054
952464086
64806811
473136006
863049156
131262648
942334026
299560798
150841304
639859012
495518918
379743082
55712609
38370122
793856778
385936018
268786297
593588129
