620886091
131804765
712674565
490165819
202312917
967461899
98159367
634682405
129361313
498974914
14041678
18126017
823822327
838268550
101038620
822855342
266289983
755648958
316999545
86574565
872167977
677348473
898515455
285683355
349921108
995614887
362704858
266895600
732900557
507875673
24131175
545171593
751346157
768336154
691917452
444307412
953625923
811797187
636094722
479110273
765708733
864031756
532242092
66352388
214792514
659277900
236833495
714908289
548305606
441277456
52801714
904878534
964672888
30967325
288210126
575119573
333274245
133310235
48803045
613743585
510250639
262277096
160728588
384379261
243743592
926541214
495580601
209491831
555559212
199824069
737554141
692631736
202754302
550059332
966686245
719220824
790527793
761049876
388075261
456839923
656052112
181871708
81158802
480623756
990785634
222665566
482433964
332778128
437820986
471660144
687382062
676934177
967142820
361628756
257944234
679633199
637986209
258382625
154719485
295129337
851087313
370523082
548528505
775577243
79800364
63496375
528174361
327659774
466186262
892226064
533711509
56239070
621827350
410529722
896670983
284577205
702247918
730617411
626478377
206526349
898855681
272202111
770954095
558192548
207658701
688491434
33505036
84415920
732890171
993572198
67387551
184908428
900739747
21881555
447249708
567015306
71425708
399068944
107880003
78264714
459931481
642351216
884688840
935725433
433774432
566114990
263016658
35770841
512878797
148490686
402396601
335933305
912077531
480954940
830378969
930229591
339705382
362083613
958076867
819398180
275111082
127703085
264189879
148128337
891505906
664347539
477753445
37130647
873838774
224035817
134922404
763644703
988295214
256136228
748029661
601901676
834301246
290986703
266647654
380370988
591185934
471197885
270123216
771982697
545577400
253326629
540867252
880295218
712072047
728399134
171680188
958851176
646047107
654744668
518905960
108414434
141119925
890249608
1367902
275001918
800798773
893862492
303507283
872241033
217747212
752246145
573011033
805005693
899336288
674848341
890078103
455349257
164095374
329224579
513390799
701726576
591712817
602949476
263672703
944531704
61586767
567688731
728916065
413164772
961196715
302157194
322462231
304019972
402414822
905677299
105382091
393616614
858717903
603803595
141014737
514690887
380155889
724064445
233323174
301377837
551663398
664866919
278869166
963765281
417756684
144761972
736831650
95800571
272609616
530855576
291410081
136919109
345900067
666773646
270205646
349728933
681298935
575171075
155152454
918326621
951711175
682376038
76854075
25550844
703874368
415839440
222843643
510811416
893249050
596868013
577723356
900036623
87987224
246101557
47309940
775174713
714680368
895487209
974403039
958288679
243537751
395092742
377187459
640680675
397407221
425452953
706905730
111965022
428100072
639780565
776001709
315816725
204615842
717532676
633829993
686756146
838700392
435679679
881057324
461292482
119401245
975660879
744700711
886150514
85753625
828710168
215940715
758669567
270210059
998113762
85058886
876597403
152855229
419966828
781746805
435264645
770329642
825449806
244093978
814171164
755774761
508474896
430748437
810464978
269152142
388458133
923173733
431507547
931905718
511462704
578866815
856580989
226368954
13761569
989877846
175332961
955748288
252270226
480290742
512748827
481617230
747736332
377115002
608908789
74755324
140916828
699233775
241577563
407093213
497661308
698111547
116040654
434243061
992649955
588480613
164842444
526046216
958782373
964953447
752187915
758323341
443996429
644298945
911057332
991355455
398534499
694264556
691823511
438256450
148030386
897572438
488165371
989742898
50272755
408028747
380121581
546917269
817844245
585843736
384299217
224436373
705524217
616999088
258998081
298885816
198989099
991901068
143484130
214787433
401564132
143824860
802578006
212147892
547103649
417542781
643272839
745049015
565938805
448653789
852814091
681694033
693813590
359807341
121541031
425959264
461953009
118641085
739080787
874972865
853437264
14501648
72052076
928688339
665782714
710549049
238766703
3112359
248499404
388221307
535707358
471456938
66616544
900796117
868540462
62665228
540215485
186443901
225374432
319415422
169708979
804451169
794541953
343708742
48055677
521807320
201828449
766801978
341607184
942832998
646721402
765821267
270471405
632009633
94077084
494282773
795250843
717089146
336186164
7827509
237161315
379870227
711733604
569828787
947026548
517354892
816093913
744646973
914770178
830870666
365896034
126410
209774728
786542850
667893157
460929678
32024891
101408365
457695833
701142068
593499146
167047532
46921068
666317100
392736286
520006958
438276951
314864872
476153695
765443168
911667018
551550164
291259626
157027603
606336005
845589813
898587424
609403678
818655870
81560443
28355
429749460
32774998
568013665
891834960
162759293
382514283
259436269
630193668
141437652
48606163
611233624
66127384
587973321
240651801
724801099
590409922
402693014
694997834
220982907
956745119
827948427
510595115
708137333
95535455
984579850
41942324
124219791
958584622
38184778
539822888
246190990
970357045
236012
907631702
365286507
309268705
130130064
170483413
268743665
681502686
507552234
239471194
110045870
110593560
948914905
668345515
56252950
349077757
48317482
56565557
704584739
15282195
718471764
184266440
827468059
381766145
573426826
863481715
755765914
607419740
989322747
708377850
981299668
655491052
996521317
508852775
289918507
486907678
484957096
72245464
26752123
507480295
823645730
66824712
381735790
950067778
561575236
646973213
429491298
840025950
861489882
558437199
674185345
256887200
221914340
177408826
811496885
434667824
843933023
678526181
628123854
840187941
676425309
267622224
369501514
4407708
468099379
436787620
491591416
461061489
519084945
516678989
183336680
951279689
99379173
685397802
93315442
827303241
823744287
398663318
732998577
927745677
702301070
538157691
550090541
681374001
652840692
360106060
589483999
132762208
771037547
777967964
454990347
664050143
902573218
461737026
37377062
469128058
334242565
50982407
832140385
978486098
452479519
977356027
388206880
735394505
455854208
253962267
285325230
59602545
954144063
132220394
206561081
78712768
902358596
678586512
140947750
925963431
982348068
195908874
8902506
178227546
885528097
599448389
766807149
268307423
229492611
799824879
428972435
592111107
427627047
422054461
911601142
69158397
29800340
202459196
183267794
972775965
931776759
340515475
399747655
657724423
994694777
438582226
103856254
795492365
874374904
904923176
257378294
742072282
256687119
411101663
694648392
168618545
298953897
128638668
168556192
873427394
647570235
581658030
877685284
316478563
229750607
824934991
581399204
883574202
984506237
972335698
472967172
678171157
511231269
885420937
911258661
81761432
459221863
221449909
952892353
198789167
642872008
478571121
343142221
26326375
931992971
848842537
741412903
510603549
995171871
323418824
964656518
993417966
160860451
624635014
976510537
525124996
423655327
626729804
248339999
984456403
308434992
627339742
447135347
780846033
711668639
209757110
578706640
730618750
507574615
126337998
465002580
167082208
711569366
149882638
460245408
633665157
852283399
586198773
478795897
972131331
184048247
341082097
866840352
497798108
926972681
443935149
845591348
361343749
737423569
52958565
926017595
160133366
120980920
970191275
969591293
897458956
972230405
568227310
777180173
351080155
381305157
775324676
317301262
303815605
707551024
272041451
630824194
970911706
668872497
237936329
236962081
870015399
886528180
148549590
696871925
916519789
122745168
452813168
512391992
163272454
328691710
820902283
338190432
497428016
895771142
490705737
651230494
661410678
716189802
410981610
870244568
248573692
159552890
589204105
468339524
386491419
754379146
16764864
386404363
644569378
54776058
128800034
215465705
368576813
108153721
872979659
413623567
419226851
601481650
147581884
656835120
384939739
511764829
623886258
631415140
829237901
74460787
790951195
629258210
185107193
397360971
740300403
209092420
722282331
690580326
954444281
597407541
242357156
606916065
105339272
314013958
726944649
331535553
314577475
989297808
631869102
989974207
620651363
383070872
539308022
34449966
193944067
920018428
346957905
994414445
491660053
627899711
33549726
942012130
997735892
565445214
844580019
198617753
959624654
523529734
685707127
993498228
168568549
870093074
874953118
458414602
114199476
803209891
552612293
202613531
249135427
12857871
820876180
91232014
904878348
598937994
833362378
615069284
91490901
13081283
500558665
633201466
560188735
596221635
602654836
685658508
709845650
348433411
549881390
479106427
650230760
928233005
247808440
773911315
488622022
463416671
510887199
266402780
177804364
495786769
652431410
424042458
667835102
807076172
839981198
119340097
684770915
498528738
211355338
622334333
783961083
307954174
426622283
199246703
473874846
319313871
757915619
740759520
256670163
648499137
608255839
16896995
405177186
10273411
379688227
192979357
348849755
819793080
450608643
934032190
899568331
776970765
995785827
842854140
851347961
798366332
155653732
861021653
482485182
922797556
951374130
514175079
598362033
818526
800169179
132519430
818352827
792485875
856021020
319772205
930838142
935805428
400529661
877581718
24751537
685311806
537316834
854792183
282888355
42034447
267971427
186423175
910870348
825538968
358573311
306053302
946074773
628860186
339846955
889876704
817610140
318507119
403615653
174923884
743017516
877790071
475935230
446681219
520411750
344384120
719018779
652544739
461961066
7895694
532690825
840114920
449971989
641385720
208666744
884629763
306962048
791369356
820198489
98588121
356130029
799496330
637675089
726946665
900391922
886850489
414010809
178076629
292957598
172496521
970030245
404877678
488545978
5658301
745959342
519157631
672246959
596095539
930853933
617024990
595550166
183094910
933798187
889079077
152701155
355037430
270733700
782453866
939248974
531026073
594517604
655594498
983788357
149241218
600872264
532485656
880552800
79342499
251425692
560830794
537256105
580725694
460423077
473176993
592955889
123389100
629028955
81754592
228417945
559105170
336201739
949714533
610736814
212193057
992450837
124495528
878420374
247383881
87264744
691579285
293680455
330261167
531170375
729096599
431099377
588506682
406994025
635300633
536866400
42937476
739080545
664218864
642080775
299365171
712897562
224517283
427974127
76787273
911566949
560080395
33000283
721036041
76577305
612223633
911492235
603910796
890927756
167953005
913582537
917554974
606073500
238131759
790863905
207498214
77289154
287570492
92042755
352219510
525366250
675203951
941996451
338419530
733225599
583329098
651385556
579823802
98794894
343575611
187388881
449125818
163447978
494506245
475745691
371621896
728505843
603560332
550102708
947842564
833766274
139402492
905157666
348629428
261411721
995308179
253972669
288753409
409711482
625744823
206668378
117509470
221493292
749750559
439647239
537178449
298052978
201397170
860119561
306174446
30774573
406576193
300046542
155915089
808558222
894615190
732811266
892601612
74809637
298915073
422558551
339980829
802613164
885841176
96804382
628331002
256599337
734487554
775196347
540102320
593447908
95883475
811267966
942332854
62814769
420993697
212837401
592708311
941500842
903687121
913667512
582590118
162832211
430548863
939121591
783741431
264320682
483623739
439673614
74259089
969824108
876388483
449695745
338752259
936452798
554854482
106829613
763523506
316484588
772128887
920483589
14551381
38009581
67007486
854144995
933068449
380072472
386579253
905705694
406484983
496736025
781404326
883574334
756766237
342599334
786196007
716781232
705906387
311355033
744026505
615845473
224759794
644192464
921894593
412217371
62454627
901275946
457876956
933790045
159050963
511873134
806506563
480084229
4025641
478501697
344893429
700805412
603980007
550334131
337369060
620826761
849958842
940062381
834464757
188541385
241979014
814926108
805278100
408407977
658489157
122487756
394697389
38128655
715263076
947387498
699576788
925763395
309277748
307162562
718064829
351289353
701887219
327030780
252653963
782681390
46302397
709537148
983230192
91893753
551463916
761558765
299314755
89020083
103797610
180857821
849455765
564823435
983132173
684297372
277937107
169807762
357560026
271578280
358796156
773031909
427366917
253640828
126461241
157673999
581963062
506593423
810876572
214208940
996268914
871123448
338787808
369511077
652301728
60971906
255202514
580315043
567024947
639611012
888225443
781521919
722142167
206983972
550963482
661307108
376781838
970781637
941410542
95475577
174991109
657107765
827180037
260504274
906092309
878029776
211350702
115651340
103522544
434241687
710198378
969819896
788479663
449164252
901102323
935575452
593118726
386042979
732631302
268908421
802316453
763803149
749986858
210308505
669480340
236698419
499388165
53304575
6070512
508888319
577217667
252294163
309705670
479367167
932268076
27059846
304455012
355377334
217835679
83438899
305231279
96076749
603386744
431556250
936546681
14067817
692286288
365649812
328760441
574746031
681863250
412997223
957842948
856936855
710160343
572224255
273585499
631873895
470415314
555391305
555435165
976769468
919691649
586653068
564501278
786024154
350260342
578913548
756488153
266787977
606716732
390123075
696257018
617575247
358610761
806931817
642327523
965720575
712520945
890506488
942147555
501778612
797061182
968561006
423556896
817504935
443367214
34267220
281536679
611752989
314085796
313361064
17030186
850537640
752937603
242127381
473396165
241344826
493830899
936544360
71094485
52065844
427408259
872676111
412961425
665692550
260292900
677690818
372942082
848637128
720008387
303631923
940607501
189269780
665107477
581939899
505919683
3041836
969674426
98294191
274670309
244852543
583349113
310988139
718252560
65147581
111835476
754174190
590806720
719038266
500636274
642563881
208962118
952521096
710318142
955881916
565075132
102803233
825621955
275953447
544920087
12575535
643033369
825477581
840303246
427236048
616262896
297339310
859033917
66156172
628756709
599459033
155814302
642835003
248941350
984573254
535828756
827683902
560418271
574497780
795583628
844919765
273873067
828667516
861378087
886751317
661776904
172491681
740690275
596275990
284550205
287478204
342453460
957997300
603686631
593788890
547635490
574118364
167718655
115745457
397253637
354604467
259877837
606852654
419033550
468615701
449892605
117026140
805220264
84890791
454042764
765967200
312944393
178116479
867735874
199638862
431784221
335847746
560615348
953985153
790382168
331568549
135024192
469470069
547261791
857270403
286494538
480899461
16241336
933704321
598175711
831342070
425178488
767705569
534325228
676811057
475698837
277082020
153113154
238462063
867272963
285176056
892692049
725453262
440537333
609281957
785738850
533307445
963520871
468089070
277359022
892880104
266769297
412882345
389562666
173762733
46153320
302414724
911557615
316336837
650027849
936723940
540894243
602992823
514177118
131225011
910570458
239138172
93993446
137378325
673705529
8691206
632487373
152142989
298493351
974535496
112112027
243645980
750224059
857153846
410275315
993019386
232806600
589049649
735723272
338800404
32441552
555318003
996896606
173208654
531121714
840065898
152013340
231394739
438509320
141694934
52345464
573007767
746030363
474957432
954616882
529145510
68254452
958038828
1199419
93870560
762778640
525302274
583514565
92627717
148223328
856184520
834950961
391386434
53896112
329231187
545595644
253477571
625493485
65062514
440917759
613641742
174823647
298418940
301338819
802121906
619569750
894078602
648224447
388589667
507048686
590137969
80363217
855236970
826065005
770287647
543092899
588206662
531084646
966291553
731891188
805632605
109610158
949912249
38707750
44497344
362791179
136590835
762505809
427955196
27536379
570476224
929566428
746433000
863234752
124392162
736292035
698064698
523996998
213967623
667813912
124074670
974175719
206229016
658517889
65405953
980552425
341042154
380092084
809921807
454448687
146267180
42686558
156059516
300140581
259235430
216359764
335878308
96656509
619361578
63678809
541718769
977459660
952352134
749408820
154992439
89611934
678103665
831498335
467654051
357072912
669410557
682163491
460696640
100651667
808143894
316716311
790543916
748097851
125975080
819103714
981268327
420652899
325385612
469780660
930820642
583655330
787981266
867465786
482481552
990224415
812844300
783910539
919373806
25350734
390657905
349935987
334034868
264549745
214029079
899697014
301212017
736505392
369308039
730970698
786635728
471162028
302849560
824636170
660757590
115769398
474155157
20981266
443656545
404697422
737078724
983702475
80786267
635461197
847417552
774983039
597850032
608203907
882834497
410463354
460627281
948981786
239587566
387492846
474796871
281477937
409860132
639916286
588127941
316018315
169567928
429337686
726655753
718625161
246665205
618795649
924833475
72028404
24142187
722804120
417476540
616252354
847255016
633271104
602074874
315123626
213554733
75352134
333121339
585617452
825193082
960053838
150716586
547352999
858813220
754320415
660312954
9715754
12109513
116658689
704098150
921293283
992790084
652706734
134573582
282642341
940911454
73201447
678179732
39014748
910075900
439330612
854718254
372793650
470324671
1460574
359086106
589021799
154150654
926557810
291631024
171340302
505335239
932751279
405749748
903790647
804428090
876853575
762790383
969409454
666283915
757622507
726764091
614222356
94887045
296175356
879316255
741319559
132878925
34198783
4239812
25894905
316771812
671207479
813597996
226245509
572152422
748193860
662926835
964210404
676221341
516862865
699808045
631592253
569054298
644836058
279119763
356474495
694756942
916041678
254068435
64967307
757076482
417055560
389920744
58717268
470191786
358463399
764274069
540234552
232113485
859781709
903867924
907472380
913197538
831002041
671406309
621274192
813826382
964531077
497864217
336187279
872744327
954046023
766929646
335875217
363721511
43213237
513738423
42033454
649834026
965680582
779006195
788415454
680291278
72660957
198909146
493954596
217100206
632128735
736071126
327226884
708439079
938269258
53399324
663015317
944473527
396747359
288483174
976673541
284290271
563259407
351363231
899479247
886281821
944317945
874539378
63218710
950812802
496255984
169213520
197174841
907990394
876652629
373258661
438964838
480372006
577483997
621866036
680313929
902280742
12780138
173274135
683724539
170199361
932073902
249842061
439185007
165571122
760896003
521809008
839612298
909186965
92414861
535515208
883492844
425185867
519233239
968134248
933553554
408914962
636637748
266083519
135269148
968458680
127276853
535752018
825968892
155458589
410368454
38361108
966492694
195912064
80131576
32618718
700473233
149478108
809511575
806870750
346189036
70068605
909257641
691751803
516129520
848041287
300157598
334454082
306117264
284702412
237229771
179143119
702768436
635311722
114363154
983001032
864571189
25416960
891053352
21454596
441730589
112915425
249064066
968272596
396184418
217671617
553070492
241858364
416414248
39076156
183741310
111179460
199045925
19476250
50581764
402173591
631055582
845666253
237948184
529615398
273860209
344672645
971763837
574664552
653884279
475178767
903294824
126603420
175839824
30256906
341872601
437768630
243694069
504550238
374132022
876426063
64742929
451679732
77464944
407573946
147039251
779300605
687218064
481155405
890956684
451046489
564328491
385026712
981139917
65303064
417445599
6567028
355808111
99771974
100526322
241527039
583534289
449317473
941207492
648109708
661426571
198019482
822931694
804380029
694598593
578420484
523658034
824312176
327980304
965276451
173342454
496981168
955472083
926031192
314605785
314055432
546798928
280992444
198323984
647192360
296047895
964657058
713686983
159960046
689633111
579084543
692808264
60624737
884303875
814902685
681440488
84443877
788074542
612200438
813670955
216161549
698660883
297524417
101247495
920043229
803525045
245012804
145655633
834433047
539235444
360575857
327789426
289921727
511344634
326167318
15724477
95867271
519292967
297155100
421611203
14173921
458103107
838581434
814264045
636201616
492824473
104144369
421135452
929637111
203477163
823694878
829772624
934962965
191168998
419085312
803164065
860002272
92537986
645559301
979810165
928573698
326902287
57438277
98189510
801105622
877889666
856943267
292234690
975102943
474629057
32120480
49534527
733352550
734686129
527585546
487795256
730443932
196114935
36507165
154829641
968743118
3492796
495570632
488262132
613551290
79135278
155687098
216790452
599036255
386809545
997846566
875486829
113082140
351615658
968895205
780657470
897077145
177301976
116901523
493118747
872225015
114712855
803359084
740991891
945845834
758261066
832591186
58821598
900680506
778033452
687946510
409944832
248664595
783613653
912809865
294349930
189934629
316231832
333269465
753891944
695213679
619689984
680113450
416124975
727856110
452955673
691621039
339623614
13703694
55658186
43180123
587887574
58597915
166433707
300851802
641240297
732418401
841226659
342094837
274593658
758103409
116223284
927762653
617533448
202422053
523319533
614747084
722055868
978655372
721917523
929048583
204276522
933852662
760532537
307443121
777636321
446070226
243313820
604664540
982974379
264173306
214306537
561233831
241341665
542270957
504493667
145779766
536384798
513303924
856953693
461837757
750430657
2357068
346053375
180222781
922668000
573220124
822715519
88147901
78687747
383791731
124162824
941114810
946407030
930887436
509221741
742282226
878110220
54458627
124966989
797689929
766954930
494915394
556351964
141338887
653854355
54913573
402200916
158276098
40127542
670547945
178940172
275121404
461968001
866593498
58333576
176206155
708217151
372120779
687664118
450483441
459808267
624658235
322223332
737374209
869314584
8791195
703804787
61910469
723279755
126167548
520235893
125765312
893596735
164963544
458618730
466394483
892371074
992609554
688023685
37520386
565990533
986120881
717153172
320805508
100185663
95112297
602317503
175864812
89690118
682420329
963675889
696495343
98448022
226133909
827601916
922364015
574761051
643983856
557493699
612176866
553490471
772086930
888999241
946283490
837495659
620081559
160950242
758420247
346834796
899438529
690391202
574303089
163850035
922295419
63771810
631108862
643484548
707575323
344907299
781625476
913378582
995350467
172856578
169347277
451219339
563924520
943258723
992894313
123540501
159283697
375551962
661342512
512432229
718478684
347214293
527411318
404081571
415984444
392420597
595566375
708046417
55776706
48381544
353709926
360375849
884702980
733757476
844358523
855994842
116731310
517358578
504879719
965714946
67029565
318847613
263635662
122085027
146962003
298030912
463287608
527668600
835910880
556704320
68875250
107595098
7535550
119898227
771762606
134197807
498434177
875570386
149055300
277260005
366694917
596645224
957555320
754429653
507539019
537619169
305972351
790283113
136671177
70492895
978529630
617905270
318655480
551699658
475108219
687230643
99521942
247774070
699226966
944202410
736397045
386073437
244984476
721367648
361599087
662246065
616724192
85367333
24943728
201354102
32144591
5493584
102104420
921398412
427716749
231604636
92315970
183997923
94959124
307258896
889323122
554737056
777746100
896989127
649863857
164397212
103145876
972253862
853959451
895817970
197152561
753238685
500493868
119530181
687571403
653431540
861415680
107775155
865146110
398050705
610894654
996537907
392443160
239372127
287256424
589807789
758302242
565856630
937273230
419424417
1263367
556733268
487127968
923792472
822554059
405247673
685822642
987427788
190853945
604287881
701819177
915081475
317349195
736790482
703843705
222965421
725465757
559954329
739105793
287733063
513493677
498079974
463154112
599817018
82189820
125529567
347287809
244187729
745342498
694737755
464979709
483980161
261059603
251311880
288526751
289758213
101417083
80228517
407070306
542850911
955202316
771604534
372919723
234598966
24748800
329880048
983610914
368594275
9739774
431601291
150143486
744710247
195133064
641989735
521378511
731057770
618301107
988183648
241571955
838869139
768305039
812988974
100123761
647102566
266732829
297858737
687335819
350171713
831699647
476128479
778419450
278940401
687442762
89954773
951267748
897048030
47950776
52138541
554697979
817922854
3534323
707635384
867325795
904020999
529139829
163478716
331729505
505730214
230673129
529849465
668515581
423445827
796826074
919159101
181800055
277748439
558753925
679820256
666871181
902517616
216722525
271911413
169277723
387725697
764844316
679283381
581023304
439521707
481287059
474965031
290947133
995195757
525461365
807496686
861762515
365822944
765849079
75313627
400871161
468913294
70390062
521185673
761716154
601434521
355786920
27081727
69065867
909389922
904998031
238424474
391236616
388611601
448311388
474429015
262052003
4467114
752028538
35000806
814780542
599674377
931496170
489213186
765069964
690886997
567337699
492260615
45527174
464448988
859119560
346917642
639112265
669566432
148013245
191559119
829225053
683717501
553390668
530908695
587500834
882258243
462369377
312213978
791330810
167225794
142333697
364571590
31481430
818253639
553400207
111578826
209366357
279801777
290622940
980253048
664312010
492553379
541170252
857201497
211450996
327734644
256058830
411025617
794745133
752898214
36459275
909363244
834723055
173244414
369721074
443593020
761631179
205562556
640340858
256661155
779568851
74673987
676523685
552540012
356191994
545029809
316079946
305004655
650622653
116831548
489410417
957098591
807577598
829488583
295962312
414181394
93068293
629038122
687307867
674968362
505634026
630645457
266595245
877870767
317642868
280108119
209199655
814541616
411493449
703139032
983854046
407503019
229081422
239964737
948705610
977603375
779280564
976529558
887238137
67457023
637746598
608835079
38578763
87725001
560210847
197817312
94467006
474810839
932901364
89384606
119724032
533041079
239136014
399568689
310373356
996516594
171563419
633243691
548599616
973595756
804508268
946387890
824836954
661038797
574086108
225337354
439026221
950300137
695874259
452765377
5996618
730515783
22993770
348208268
474744518
930656746
306598681
991918999
996262335
84558140
838584954
402758039
795663124
472681399
736443050
962891114
239406946
461178472
209963108
511781856
178448618
192377870
721366827
764365672
666369990
639977802
918987441
905759418
315786441
711206146
538204863
246166998
59312087
355195614
715131720
339813932
535014634
897258580
611871040
308474591
123659549
424626019
601589530
970874315
16950175
687143574
773049444
676369026
793691994
539043307
193713875
122242772
871571973
86975014
718083282
860652503
389784182
614391956
336700694
214191100
718914969
625137321
427215877
327864230
886384884
159139247
362929945
681534935
803184712
226294414
226911079
729432405
506398921
245611760
402875780
327984632
234859868
479649471
849955868
945899789
932685549
138514220
791781156
523139508
66431423
261890114
760523366
775056262
229766083
701138137
61903577
961331334
872658715
609451091
604704022
471468681
291130081
835497969
416332268
800666896
588950525
296994620
479721862
409235691
598319453
162663797
168731503
901350659
878144132
476688444
545695460
575130127
47566515
421201266
237112943
976601566
986374390
192880355
350682464
771775030
779719488
299296938
805697124
438719145
142704153
370092360
514517637
438647040
398686025
164403160
331411453
544244113
709129441
815385901
485142196
788710764
747126126
802519380
174078295
662970334
833933479
565281372
384052971
859745041
128750915
352968339
17003802
452521379
326587052
610602853
671774639
982550948
667018704
89742223
862837837
721889862
584399809
78677004
693417316
762757976
303400329
473758799
455201289
922733748
283505083
365246580
307720928
480895831
568307301
955929025
238491880
338648810
704644214
585527728
167626921
413965787
103269432
227432748
48885973
457307549
54124717
642983586
180728654
722939215
196419666
265109994
877947538
33795035
30637372
926272380
539723260
202001058
896081548
846906928
10273918
763408748
252225488
793798736
702118296
831173155
34143405
339879256
22075976
656503048
403772
731851407
13927305
211983881
186214680
9965738
63458417
202974019
97375976
935735841
437849020
430274974
989804669
273951612
482135126
126213883
205204374
353921178
989766179
264737904
128228559
151173081
571171751
182607159
322611097
489724585
424941706
707661024
400796845
633376374
104719992
395979436
265973590
913473433
572673343
18384420
256597288
248254366
566121320
473099418
862207001
634421960
923017241
254219829
354318413
153575849
76572771
163603298
638546281
690173413
359524177
497466754
246599384
90819401
388564641
392106527
76181587
166809392
736277775
668937949
262267729
817347591
761513692
911456980
368021643
58850988
573505071
155733015
405594954
515858576
273158420
477768319
380262128
631553285
610740001
517056286
362835243
532179159
762220545
502269969
405425210
473146708
863280123
2872152
711731962
607867118
215049432
742045449
492811360
547153415
844214108
223259600
393252079
51200515
456443636
399735527
844241391
1064921
274212848
20914150
485974646
859873136
84022929
985884334
446225650
167220861
254373193
620099861
468327453
544502682
605737878
305593219
872175132
483729398
956598960
49423022
535018660
397182212
5759122
189807611
181589609
622531282
742359507
969669578
428766770
251666580
116194637
284919805
627840396
827667000
962715668
46552396
186235908
865831407
39641618
706772528
634817990
9287119
457580868
676560576
671070935
200807559
198193035
547664894
784870526
32492478
918091351
341760092
135067684
862906823
589186603
909444526
114432930
873990788
575042056
404289234
327442674
493081250
163067979
174493057
506518996
910137418
541113231
863307864
187974995
363530998
522475797
162625757
163464459
546857928
412815176
762242221
855059364
859146452
669493458
953450156
500890513
210732245
334094264
838197305
596649570
792906944
494368920
388622200
789154900
396290926
412882155
397737796
920237624
743896671
866951468
317168465
200383437
871826452
29420605
473478420
663886030
803371779
139233318
141036102
773218024
166046468
721884641
658128387
531750964
596528015
585483313
409121046
864377380
301235370
21229266
728635032
187715324
355703753
567150197
46872442
799525551
386936259
407179185
770065917
194750523
793760511
690828941
700754912
422001729
875571773
158339780
598596551
847291513
655279741
607239203
863260918
974702126
592208254
308844636
577761836
443108640
544620534
975303068
780108072
979504351
665463964
232765782
766509685
604488944
654514234
987472624
214457755
34005036
420940033
22554036
951824708
803568482
322128710
661353563
161772136
394085052
740948210
641594163
364787065
265843703
627344160
654861687
359612206
447947591
509198057
229367456
596268607
255646879
763832055
352205499
891546497
142903876
860670913
116403860
845151909
200206467
686789871
982379398
273698134
713023574
618258941
72154933
744840827
705058332
987144549
809890251
318893485
791806308
375943283
905282673
415266205
688388585
967289192
331085030
37522718
596981233
501304916
368300841
209056798
31024253
467052950
946807781
514660979
800934828
452362107
444488518
620465546
963823394
385602037
487578422
790788435
134197316
644409549
59470710
319358503
650047937
978000413
553951547
862311260
747365904
827137755
392253653
613282764
951750016
719973245
273424378
369747174
978966560
932801360
278032053
64185685
920348560
395564533
360912957
637932961
762226313
616657383
403997319
271205659
946803756
125484700
900467497
629692968
837282373
35119732
51302122
958235270
724969918
5150454
539105514
80236638
892696511
504525181
759508616
130214722
230154574
962320076
983019850
285138524
440846758
725727094
356604672
175285426
377563182
908165002
680737800
970004431
112229462
831049696
830018072
576257749
797690346
630496101
757232193
984952557
201860070
966091584
907728464
570330019
613940032
345851763
806379665
817891340
44679991
168060785
399532723
482690226
558898236
229495525
636497593
138587128
476080701
158124611
545751499
527557836
961991305
31556060
120332208
451209307
523828131
73605891
850456654
301415649
318166673
802629004
481738232
216483491
128986795
931510325
396916961
574039585
947610242
109713164
774849100
908210208
469880663
866343374
237458757
478750181
824139024
909226115
123815079
97132325
202707322
184342871
108656206
255169503
268223767
286676670
845505122
52155114
584640147
842735572
648510934
646709005
479454541
276896207
849103700
281395087
666794935
730658506
392271548
660615944
876166987
244303707
36819186
771477042
297972660
696056883
450398439
119481516
658470054
222301730
262304664
905332243
479070432
180807640
510988584
210160843
938158688
423998081
661053861
607450527
132444549
490514707
644584331
597485159
69013271
751878789
119358393
401418970
852208878
898827900
469326520
587418609
380522875
579960124
470796813
374516987
484750019
138562997
465296693
110513872
615549056
386279862
991384321
833617283
281089605
967985071
649092524
207043809
652420893
905572536
947262156
263481116
800563039
850678934
597337428
800085045
121793825
397162954
852087176
488037363
149723389
113705208
786105652
370037278
344712309
568996060
311806784
767786274
107160320
141606743
93843195
960901655
726882143
836333191
123319466
513580115
537832915
243833989
705591869
26558643
544082286
934114086
724253913
534317802
187144177
59977166
813181815
466228637
596189488
194585386
354065369
885490522
273132605
482209455
134516757
885354950
228204568
526357303
497394920
389087647
681205182
725041815
85764418
729287629
386274902
126564042
237096883
323620043
256465023
388515123
652722409
178345787
569626251
439701979
498166229
424894841
305722702
341100736
883172109
991987029
521161664
915658688
533310018
30110825
917875609
863865418
758023794
893736822
437576839
36937178
365070056
223319972
600118183
579992696
399200150
143471404
423760934
576850924
848601344
823042294
154651444
325341485
385003766
147266026
39731271
268451719
700620869
490873279
898404505
592568958
315261743
237981005
255525895
115121826
715184259
544838365
632318462
103150427
40081855
364234739
577817546
346147321
132778545
872374836
640983195
258324050
320106459
689003690
36184821
854358064
590133287
512630467
717871672
227886337
715643918
433487588
678361943
119797745
316102910
379677339
273244875
609032915
639956028
596476083
753842012
88738972
605138864
140758743
805020047
722070325
939699025
235596766
551894966
235531050
927077569
434978942
677721864
232429534
105572426
456829031
660346556
794781699
456640274
43784476
837443096
250019055
378534486
58558136
939688817
189063533
682760185
842017156
711534331
331067977
765405770
55259267
667410832
619596133
822904174
429917926
53946564
963496418
22482776
466716148
404489758
312152923
55795162
832872898
364947867
259817657
648079530
175499963
467114336
876297317
232971829
290761198
469742202
704957139
416827421
13199601
439561301
397110502
536052334
513968262
236228712
302212197
425165588
493849994
844271314
958756806
161840718
686824503
763820642
450031641
834519534
17032293
551166347
459813512
848365321
158583411
932425080
213758201
786906762
438405328
651405736
408187687
727054825
38637019
110980746
167232966
4962481
466837494
480110975
654291226
863404775
124174914
379294651
718909009
531197689
858572513
638828336
834861405
498505417
416211435
455229923
657872997
855816419
574232544
11696874
574585519
210118152
703699425
778970922
441455755
872690119
783681701
322499038
143914118
403928703
221869295
540038230
185137027
714039189
852577029
499990748
581251450
959375166
994263182
603156190
321476767
356102888
18065285
687082121
257099821
391124985
716110580
7312933
712133521
412132984
664358999
934117435
721574255
563127386
138694062
872406278
547505354
292184701
196816901
893859167
492355575
548046342
704817534
171063156
506260394
735971594
707108198
949210267
331338253
428025111
116562990
654967172
472709853
739013638
822185879
896076631
870798647
58673388
99057082
255024580
522353636
428853768
46775629
962336126
690649989
407065232
571763610
11792272
560024515
274104348
313975071
820793014
626309828
757721375
751354707
109664605
428198292
68222776
619198417
132797312
667605788
161193739
357595112
820678276
517567659
923212804
348082485
957672185
904689378
690728685
67561983
828529886
865770580
682641306
708291146
112371343
196256052
700822100
759871766
342805959
270418926
209379037
889937969
855083446
823125170
918577375
538425047
737757945
383984824
857416530
437244896
891167165
19969028
283305823
206027528
909550316
804865258
50857365
524602031
632434435
563864772
552144190
963482507
35258345
683580114
746100782
117137387
621095055
610843496
704612253
681340016
482374602
453473462
464148253
425480203
305075910
632044030
664938592
830335360
271535843
527214182
922014391
11448133
675120010
80217449
383027465
159591882
303950101
668291538
263685062
551967509
99560186
463306355
997308937
725932903
329246211
621196587
902013850
333217332
176981640
497844542
666140165
184016145
834251450
201008254
253215886
254817020
490394687
175454626
414403530
644431851
705400268
448473717
481951729
418198219
45848441
176217705
880175001
508413070
105442484
650577771
90777512
584286932
39842252
669337259
949708554
943617199
661341526
582012705
776884310
165856515
304367481
540037148
574273867
569367409
399805433
491093977
808228706
107618043
528560568
56373480
536440101
480002958
40986654
267734073
103458506
313985349
703214486
790056832
79841471
36291113
5831872
993144418
746309007
719824992
185803257
518447124
417623687
642253601
198781286
642250062
553780182
64460052
958636295
288694734
968280466
135649418
245440889
690630071
456644877
839876731
754548093
769619665
725182938
274554123
360086845
601290129
397731016
774341519
652007651
805242071
933786692
275977870
398506088
240761489
699556653
678710253
254667062
11253022
405240033
293569866
632648365
392264615
300448734
439631251
624125342
632800533
284918331
761627362
394440245
902984633
119513968
235328712
122258803
473481440
713028417
691450563
141849789
177332195
245539942
961749781
793927723
572414476
497652205
886454167
462366936
944299774
844938452
922855156
319393617
376620797
735020764
967585232
85737227
687018344
123248901
986756159
374268102
48228391
31254279
777212144
234077177
897737038
221156394
483287993
324242625
179918704
971952451
512369545
530468577
211250597
828163972
692542706
678702178
344044904
780250191
316952969
614493646
208118582
694496475
800172871
826184277
195154438
419117076
411827438
453102738
906095085
828314167
202399926
872367484
862565128
583531700
753286839
550799484
750831902
374833915
167037581
965133529
808733462
321850433
833091546
977737352
5321758
58352103
149953730
147375500
784068415
383195743
440346321
445257781
319677050
213059548
568872884
684832586
196930074
108883524
640063686
809198693
962439759
546994242
533100961
183651732
682429472
555396315
822416511
724823366
396527527
32853437
972200148
718359367
116528874
272401801
847229012
354957196
45368040
787261133
930344051
907372837
641987999
486935358
821721131
578750749
392800193
183204327
59585447
778755328
895159378
640075147
20991927
175062910
526039507
703354762
707733550
303859481
687167832
888847558
784031624
946883362
187943269
98711859
861479710
717799505
929736286
189182781
394772466
430150403
147721481
115991330
79289457
415826980
21887101
225507449
498448698
468420874
270212229
484436760
436878814
473682406
462888603
115739166
585398333
283734519
564736374
461704106
818156514
237413332
815358073
160025786
554818977
769307325
432694324
375664626
632695127
410087917
75740507
388752463
346880400
573600618
446471423
422595487
767946952
824620083
690280871
317271008
251095227
462960388
184135360
449954808
453725032
512157295
823466714
496546658
695443413
378517518
902000938
317459114
791573558
787208981
596539820
342628379
502878352
644818969
750490421
735173702
818528887
932630795
99055386
361872239
66666470
648607651
805452612
533810810
240914833
971917197
657736787
509012298
119280864
52207228
272892521
488895017
765046835
354716010
696128999
24594133
10541568
561517206
271195435
85825511
317953918
942474937
937771577
412510178
49312537
900228094
