501229296
330479523
947935019
479414603
680502196
116145099
377255530
499631501
708072818
185534607
690802755
892509575
429298703
658002317
286512235
792594315
771824255
722615239
492988915
753149227
936799779
80477695
855602446
499079624
663718050
556023489
552125106
966595490
322352791
809478252
549673081
398773916
768150521
889052140
204906651
236722525
740671781
687628556
771248368
202019755
654121495
893810921
814973331
64064382
552014293
938872497
460976066
617902136
289491657
100268620
907049665
886235035
791577564
639081298
1785593
760136520
342357131
367040350
864676265
828436349
333786872
421979200
571646790
462247413
519466219
543767903
844312445
562096794
905950107
76482782
464924490
567437022
284699007
367134186
285584065
677365970
603125748
252560010
836909409
551569545
431063779
752151217
259707677
23126915
782281519
67514889
274727096
206834761
386812389
60916371
615384743
704366588
279251944
812120965
105381591
626765426
610272817
736654108
286058633
12741677
574400046
295547193
72627040
129705689
910575803
501917726
735169608
83778127
391094317
917789757
932559382
881006897
359806528
420109266
808378115
210207588
197552222
900672274
713941314
837238434
97512492
705505768
662313266
905955883
847074782
346915231
980183511
760295260
477034352
788151269
700642665
562650095
34341773
767481252
737093970
760377504
713197176
87773652
462240064
397863761
647323564
975147485
250218003
975284058
170563051
852933649
8267418
387854021
644337973
221391487
967673599
308607218
401686334
277740512
730411115
494008945
823300873
58406891
179930255
469994921
737701337
619375466
775121255
882133091
579372139
256184657
335031045
718496794
319400858
890882592
891897356
781326570
72996437
760283656
513246087
540082671
562843250
141345644
816129395
527324975
250846336
122249073
625331043
429511151
404229147
931730864
535077927
844031596
743250969
953674547
490599054
450417064
665534978
323058058
880617079
712131909
496071699
476523206
112905574
723854261
996133925
109989461
86689020
224483976
182099304
716692934
754341910
380063651
761469732
751638155
610259842
719229470
319100115
997516867
963187854
908813116
306773400
915030011
543497331
634694381
105743126
188468413
981921453
631622144
712379213
419364839
928890954
627232481
795284655
630509684
673503972
314263689
422774105
822423299
341790758
526020637
29100866
184326495
729983235
219257992
866277773
529478288
43701608
611728324
765722734
441078385
372079456
157204473
238181482
531271402
268690280
796224576
146756156
418429960
93105907
458944838
120198463
906813833
873304086
638020820
192565696
792456693
125808144
446609963
106711808
837418407
664877858
167780891
971314453
68295008
55695944
584415187
379686198
772518649
158965668
973872788
510823133
426740567
384660863
17337146
819231990
898881463
590689203
926988589
819726788
669937633
46379571
31230801
905916212
86764377
656565955
873206505
964574038
555415706
685199605
854315866
467878625
5100228
4665534
981209536
536106965
297195400
802044794
688894244
373035911
333932304
559600236
968545826
526958879
71239571
569305762
909407546
787958112
873448630
784946062
204119962
161645132
946372045
252455708
478055414
734352203
852333652
5148218
99483874
405971244
486342197
186043653
600724436
109607752
424025338
27485722
443312476
393519927
939101700
457705539
778963980
842782499
149016109
399345102
28784646
153162065
863049337
64480079
55115154
484020080
430689646
363914277
944518840
444805195
68936233
499186661
713299199
203091764
24171413
813787341
882779064
619520325
693578146
10271304
552624745
737145814
411641341
241742879
156838188
528288254
597206201
813901922
50424086
92271351
299079842
332096983
227368467
15520855
355832754
943344351
497354700
149538265
461250424
79185259
235484240
208199908
339420773
813064339
29201043
406585759
221071877
90043607
790272202
568570340
836940766
879619845
437309075
855412925
181301315
388878686
63773742
573717406
464548504
327870342
185175367
287551138
859697963
798560096
900951217
84808104
496446449
304557282
735309179
523555604
940201469
397678525
87090302
864753269
736830387
263289566
53871427
673431831
612600146
529146309
624104432
990378985
831491013
335323347
618130413
931558852
688348685
290447258
706295181
610747327
718281856
958309323
863730486
250747770
994186973
548912180
479196697
644222963
744829430
413316949
937487037
72874190
298870748
708932600
933867482
812661543
410990857
553380066
99478818
371428309
499029784
731664439
38585883
213750049
814996038
946178614
448479491
596747758
47494615
554153838
446939330
47098553
510290220
195040601
177696817
910602394
782578365
818191469
866923553
952981262
641811925
753959219
841491609
918383405
823378587
915808004
413797890
700492060
901192992
693163816
918348228
752779876
43053069
635249449
457050681
939244508
352431287
222043503
471915737
937945965
533914245
498361514
859954516
941517174
584236025
175670800
499264598
929604279
416551922
572237560
828936188
302319950
527618354
647891129
410215952
991242531
713163807
434076764
417062167
693673981
554179533
899386544
121023142
341425050
516946901
16418245
782544619
786444259
778503521
552155788
216790735
216056155
780022087
766119717
411259790
298086485
475613668
133507912
800258669
619063866
329825275
309793172
258126575
628763004
437174611
306799006
928513703
242139254
957439139
913720016
663989943
291321592
545588278
511246849
94149943
485717584
466575563
10659376
342068216
561606396
76731720
223669440
683343033
69278265
634328206
919542888
624512756
762372740
155745394
286663473
803024495
352955450
946261139
202171113
263651951
774934585
209367905
933112656
387481330
349182203
623755169
955386355
184780311
876894245
989683049
67593997
510939958
206484211
767568891
984622053
882727327
586752558
896618909
509151338
471389472
610575607
685712019
472026022
813555934
214844878
573646554
779208408
699726634
241454849
489933981
835269555
721469913
393105635
199737826
474547235
612123520
697483960
833785711
35943492
5659499
493242185
603812138
423803131
847765727
222838178
771600029
552595338
723270352
213963267
841341581
111812285
162669621
435754329
324910680
676007583
592066484
164338670
706896016
970173104
479349445
229755186
181221143
220548326
107780239
586941369
608076311
691549091
404118559
496497752
126859431
724388641
660396142
538145807
836977061
870413231
667824682
277132489
351179446
600544268
703796629
446157319
891376779
126328601
437959513
281882356
845255550
336541854
7825274
474794403
117175658
621233339
127168903
857688551
54124666
272912869
192611369
875676735
608314402
653229643
872149340
215507338
728327679
710131181
832675943
948271693
860895432
606974150
700641669
720928027
274016547
908950288
385907773
775036347
724678920
906129063
32922824
863603305
314145595
48575823
128493866
153471412
939369337
494156611
665187038
62644420
563351324
514701628
603474836
15910062
272895440
362433136
69113413
116651928
424457805
682671668
222959503
855897162
543524546
796250442
892812321
854037312
148773424
574680433
565800839
673442839
626196610
264990429
889979063
296336341
726274887
581039223
449449093
47441073
56038588
273132452
240166376
726022358
367671417
480323895
482493416
154755918
971833327
179292807
762917585
977185134
387068343
726826343
931413648
685808565
655340660
109162079
371557824
708374049
572041424
928836453
145280874
618746803
128845861
453047564
504110762
180813329
899683225
454712622
50899323
245619745
707747952
491707753
117271054
556523384
873095085
487943324
787934282
118276189
868405051
248361635
466358435
632516693
904310805
94926083
41629971
352799446
957970641
984600167
695966896
654776565
649420556
934592892
169107106
576314878
170312719
586893181
504196593
899858413
579765560
165025015
569616696
445592779
647860975
106451649
681925644
139641601
383255075
349729827
54434501
219264803
791687117
582789430
580905072
241920735
186267900
110574688
214278666
951918762
276522601
616647700
805466084
855265967
510282033
390594835
363984780
549611452
738365914
326476917
408066576
803257471
555014332
312548481
198802632
759765801
276569200
726484542
444525177
387776545
753387484
854569608
338569484
690418992
577783467
862096645
824433089
46114605
348541875
446759236
799373057
245694034
718126135
23395506
269766431
926912423
191340982
210679117
303201052
282277962
882053152
87570395
483418632
628197932
313141777
285915709
656002414
158382628
567031961
979392635
64288545
430667192
762522504
872615968
257393314
24874476
479409761
784442068
216457074
844802294
286119255
475818175
803001673
557215273
195584334
290546693
978933550
421086360
303134385
69459177
277892198
731532226
868972259
705477959
273969468
294829781
979717251
142410291
333720838
491041318
678033636
132372797
4989532
171141726
947026380
29497775
930288643
459585864
145025154
348697246
230918038
78380187
207063200
729565062
949966491
538404327
111727972
503783463
978239901
813646546
799748695
704663206
351546826
607084153
165634448
463344393
430758607
72555863
386458221
654928877
363224990
240318022
942485921
742873439
134666798
494134289
890084458
438376955
714171899
126626941
325438668
348715699
835181213
458954142
67783660
854892124
612484174
570606321
296682479
388652435
219006653
560371784
170514048
948158052
284318756
560458766
801050779
539769341
518782864
503318343
211332684
956026447
576128241
377320683
507265109
225341667
930876304
197172241
474743755
53500792
171468552
678079136
844063521
23648504
79817255
695363336
539586321
97112080
4391178
735999715
340369980
209400536
533715195
301731180
64584205
487732225
393396445
617174917
516054382
843140661
927060828
958184133
654674885
833106259
404149145
327539345
730561082
888126941
132891429
8024768
87407758
537788588
683931438
196866370
169092447
22719469
240043326
146786351
600073993
539737815
568536924
834968042
3193706
520867551
259585476
50260345
620581030
985259433
448266473
811844220
378867681
247157175
476591289
252870269
741676075
952064947
926573957
741840969
899038346
135841948
300122237
674187910
990317136
639762153
875184395
675270651
11241551
981933009
465189630
408949814
568629952
231374374
212067596
42071978
544197525
792905781
597448191
291022470
857904008
639919440
283639823
322644179
646418003
435470822
162739959
205137423
485352938
218774296
69906553
407622193
445950852
240789301
556014261
729562178
479305270
285090200
376746926
917131882
127420267
4186715
805849827
62971416
194481323
92539827
910769238
719650839
875941294
778190831
945754973
706061830
948038396
336890365
114810516
356337111
657317489
813827981
258152424
490587059
223473991
473977278
297769443
773773646
31681527
955306275
736166511
500059787
861221494
509556097
133366619
751025632
175177009
675944211
570023703
507751455
660936707
185979930
157856663
857909303
989468029
837147921
89916629
334222390
926007006
842370872
594346574
993859049
193752705
730303809
367776965
616618520
123268850
698895251
19240941
929361419
612657936
215837373
166204249
82763231
848351955
923593560
833316066
220897117
924827227
397475994
459048062
413918684
637815665
881226340
715966164
616594791
531164964
927114447
552602239
316822473
984961738
860320851
718862698
813547849
823615889
19450940
843854897
399624148
385990287
914014847
276117268
354719534
771221138
160976412
861060908
892996795
745685021
564050272
758862999
225047357
13768655
205351476
724972931
123443352
167445945
129781550
360423276
30861441
662871000
949194235
299247182
840090786
368304490
55926503
755034508
704598881
376895607
108105761
605755046
166585104
619600434
988881556
356057340
270376810
678488880
904435434
850523190
284926180
283168559
851124407
895051819
543920001
387079026
295063827
419439252
70448797
183900233
165123397
985860230
161649997
544136219
595339934
964262792
759540888
153961945
269156620
427192817
532725146
989214718
576589075
292645611
756147444
513548170
618702764
837035939
614561647
917375044
886092954
451309876
832322365
400964225
878194209
798372264
632931785
471899683
25245955
592866993
586017009
32958546
751784869
976907718
178880475
739033908
338988962
620909658
207729719
315772548
503793751
16669630
828128451
950251173
403213443
381198926
684915950
428082225
282143582
333595517
495162235
57944407
499984931
609037234
331828171
997714851
537900638
317323122
296739735
255108479
297300808
700145988
334807159
939261277
155339016
697076896
442676965
273071018
439866442
71480897
860080322
754518344
156593836
917460281
953121413
226542953
259026947
975665202
789954069
783025954
198036881
20752320
80416912
16096061
914644560
483503146
749608705
342230042
808590342
872799966
463703335
570822222
236097712
8085842
803962636
858029456
10516822
633981609
391430583
352877372
560823078
484718762
590637323
262646417
808570650
201410003
361145784
240417443
630816457
82490544
157458602
148440928
792997691
110513718
442364316
701273623
508715793
675754621
236133815
147213321
986160652
105549934
859748584
368176690
972303873
544860016
209038834
182970472
607905112
948548769
914139359
799696811
88570290
976809982
129562761
601634384
416655079
15140679
672012058
133643334
453133144
841161238
60600446
133696539
228564393
986789410
126847396
388646111
863069858
733725438
544809638
550255319
568046572
260301275
774333321
372174676
934782091
769689000
619571612
292912261
34012816
24882621
213830118
426891100
679968780
402227411
103365926
928472941
723827769
460037625
669621768
817617868
658901069
148170150
858611187
401549129
565910298
798527300
22259924
4799810
280155849
723211558
220983845
366033564
461167241
222180993
306724629
997835926
3937938
375829989
369845434
692037806
735118282
13434292
581164685
20981956
548559722
296474889
55837001
721311083
533184521
773841732
954456494
432239584
57733279
932322372
882460374
539006808
829563012
855958900
313597008
81148123
158938113
637790024
136036894
754646082
312527453
675059207
542472474
950964403
154906877
441957143
623878848
96925054
524752897
338095304
619793641
716179368
407623763
834608331
129437803
427595234
153050951
519376428
7696629
52481972
764528336
837705524
229231412
228794945
702895366
539985232
618110540
327275338
445596328
203812987
115373473
320009353
739945295
648443948
380605980
167616639
733712245
337377087
993588656
118604724
913546634
837245604
692642619
635713249
822024928
169843015
737982123
200503280
230224105
97498713
46227616
397630001
794407832
329432076
851381714
707007016
246461311
831545974
927428466
887782624
618777619
512677178
129610971
729881882
332679490
38346626
597028725
364866007
556698429
363155818
534612783
545297107
79058388
621462643
892454667
821544451
369343074
399635734
932852619
981141868
354761989
124990259
538025416
680487876
213180648
90076773
912755390
56141503
585211899
658438914
353817818
862609859
633947235
313293044
80832120
268969865
305009022
327620814
625638805
210529474
4910157
675719060
213082972
549861744
395813125
243689806
222382636
711438574
251600726
213209717
410970212
569804581
135209733
706060489
338473455
921790937
911096243
799152247
749246087
987838288
128206279
760322081
637266647
914661881
558823893
73721633
79220834
526269194
583486367
400298308
873208842
535716903
548784783
669302578
286525055
189382105
52999181
108532234
334562292
906932339
716496703
748625394
571242278
214600172
700881307
521226150
971553790
471823937
760851772
866643760
806380726
164940638
137371788
227369531
656126632
923256510
578881225
152934111
611752092
771935614
975133792
458558150
206941513
171293378
982561192
332467964
983695168
420466885
450014989
966807845
777977390
672858657
287544847
944938151
458066308
942880804
449320989
185437402
578493714
509159233
631186139
897990531
135616874
974567785
440513834
69655574
632583459
320597260
768097709
761285692
266013012
272763049
804415397
109530674
664628369
89281244
254475913
936030884
238682898
648396834
532593912
602757764
608284275
421977596
824824516
279555604
437278582
420230729
472601045
695998855
688248108
238199426
801735164
130948462
20081044
353770979
874230330
674765680
574681693
393016130
131115365
795571075
433278852
48227493
879536243
960988258
641819209
111127752
72499062
79154839
210232131
22229471
867343379
896505274
102734313
718443014
658266545
380356130
294987245
547544748
309376404
129724941
42330122
917627205
379641325
220482174
222080423
470368810
67500478
294152847
123208039
104068419
656877427
761741324
799967586
487380889
757584288
725394975
285676934
845025346
465900076
562054549
645453518
208336482
725882477
347875388
315785441
652952763
862716916
822262289
677126159
545275388
939932289
267794646
504816996
3229143
633402540
306330262
437231632
32560401
735755566
591609295
349546093
33696533
267282938
462358566
483909308
467074386
206326085
896242051
365055336
550188734
168180606
425370262
130961929
771368853
446464164
881437794
356716731
745237574
766602044
93381229
187812487
420098352
328590548
433724634
966013708
766358818
58205331
608679958
638712411
724272810
53955036
257605663
928287296
936228687
868158015
396063740
838935240
786460835
11888842
934535704
274937684
834386725
512729069
434916654
406316775
517047098
919648057
887159724
994617220
598900387
886507737
663165266
424632518
912148480
7299477
533691789
385406343
610695841
229421756
311113952
468814004
716443999
896495160
309892195
726671764
443024440
384126061
900465709
713107844
443496824
516845082
715167635
907614117
890532411
632135828
340386235
622880355
692025712
91487244
566305053
226286377
832092588
5923793
790136082
813284062
91696160
65266108
865969886
275290198
957006426
247682852
514983564
605194786
27315040
295481419
291916845
320277100
106548053
384862548
308057556
892132512
223313582
754639104
105082772
427291715
683244657
168983427
403152448
686789216
306980796
959502724
150057531
522575210
509236705
627750833
965214846
870429207
665827329
936176662
224919111
787377541
369164643
373109190
783937517
223655122
637831508
145018749
919033202
644537140
834994008
843077334
934756450
534655737
38743944
270928658
292725325
61037861
329891113
555905272
854862399
426716200
317755975
40289510
931345195
234770116
276285635
322821593
643479479
23004675
859176952
64007375
885601853
965750261
920648428
351451806
495804269
459349518
850260442
561449479
652187750
591388114
820914685
834299601
717767349
100576325
897252596
182546670
612349532
612462552
430336162
474335292
359566024
635188506
789750866
246446622
773137871
408534504
217373881
932238659
406024863
369606128
561605503
378834858
4136202
518781979
616456960
278473782
635234469
735765628
739203533
82807110
72341894
931319422
320573920
116264747
739167415
251853645
300942190
654231232
491472059
113514192
52261783
589485531
614233969
46857724
634049642
283969969
415930770
443249637
470705637
343038153
199900869
866537587
304863937
239578735
604845744
41486658
557509712
70122322
83179436
1411321
583989772
128641251
736673573
45209238
628654754
70581826
127851881
896394783
531284610
324317049
245867326
397962901
152819220
900435949
889031325
506903115
938064332
766648545
99019772
831350888
293211026
852510909
140775774
39303245
368157162
727549920
735539910
891067988
133157391
792371133
46098047
65505872
309141437
230477710
587340458
702785226
96591747
914440508
211266556
399835093
679945012
705660112
857981303
775472147
294814439
313681822
825868935
242029984
511945351
82089868
241346744
915719587
417026771
465823404
895200559
541484799
872442470
439045964
986020969
279544641
774696336
665053024
877434900
720746200
422338034
957066586
226073397
98659926
448384676
702526997
92918178
451813254
706883514
992422617
551782626
151991396
95052683
394795877
118516062
500723398
855904198
11354917
31483699
525432924
903591586
546885805
598774882
381182666
705502608
829106341
620919384
670055912
809882712
704182523
379760699
222144093
993869445
80300203
699514325
546573334
389121911
353772386
939791865
759686138
522965123
58706420
177221429
232914293
410071604
49852370
534476426
319851369
896778770
821122245
445966155
886722568
567584528
69890773
347440727
641529918
819132055
574772846
652205455
163925245
583005123
727984491
287905305
955748651
786868116
418062406
114098874
212117638
561725977
735214636
643264673
940637805
881393931
951713660
843926981
919574452
823060174
472349364
439704863
268150640
222840905
287390292
871896261
13799501
138045070
179810145
524181279
674474379
383283156
896092380
634364460
943488846
792011389
340452
415496962
679634437
574220600
168280322
9233545
495080423
708977787
992452946
33439474
5275132
276078788
598154728
404072646
954048713
46084017
679307853
9273812
916696909
758929481
228122503
674903407
266622879
367347255
741559923
615516711
939217146
463659973
525423618
577461596
222599949
605564961
146398075
112949721
266187085
539209998
330738919
502274
59331545
960430133
861241965
946129293
709013577
55604846
768240117
634427011
350915611
728149102
132079824
80335153
885395339
723713653
169695045
529761764
574147911
84016966
817704857
780594052
524623830
763255760
747220466
21874359
346414988
608669686
855669086
755257110
418969206
174616616
215206173
651053252
862909893
531773053
23625507
228464782
888356796
631523932
910927009
777238243
88630058
289357172
942326627
823657912
333400980
831773006
891724544
292439901
945575174
93805026
72428833
130453592
217051804
108586396
981270739
275939082
557308243
345072460
4646504
441532936
561099334
176138021
804489769
701036744
122814681
440775518
271585437
35098662
232502209
779933331
289834338
211073932
391756745
980363894
706967581
615555116
467854795
283774244
748199174
564767592
775590201
768186177
589196717
798638032
77348952
937035795
665236517
923419434
676232480
160123505
371584338
601450623
306809393
336392706
830575438
354085933
655624110
813391078
85333233
747183582
511045715
235944600
892416385
200589088
408085442
570449179
838744132
477299643
534335484
54090360
958961829
635811595
526943958
856683854
797839237
31467892
864100929
566721311
758370654
871767115
614674308
340404534
663626246
109186046
151749649
856975501
902450407
710093662
387375691
834591262
851998858
728913958
260983437
203785390
454882948
35991552
540685903
9583700
263800997
827266235
282170613
575626524
992582159
460924510
726621699
192694968
209351293
740690133
787752001
277812062
588922287
549273334
637289435
718824486
969415914
419546870
291661066
97161242
989591136
245930317
726028565
534112138
728606656
638168020
74463844
508593566
160111588
841704439
149432815
979159926
721996910
569865165
540518417
771112063
520502854
668514098
987992624
149130236
499211463
61701591
425519523
436890491
299367261
38779766
784240511
967923674
10613882
882384982
889894028
720568473
866209113
454718454
136403607
412472801
75105339
301976190
740754732
224956860
717944282
427236674
917667494
942012091
534685948
18017799
405860016
731339328
896999771
507728227
681178432
418873348
693419413
667932250
210215704
396164337
255942013
292650541
328427212
406938249
771007255
467929838
910615692
360191918
395168266
456801520
43292575
403979907
459315037
356717939
569275187
696222027
812292489
300635170
984835728
867801193
169972979
246585421
8687154
6128770
244218635
612288467
228603938
886834605
988285134
933895318
925910277
887963026
919169040
475916400
758332502
732612365
990073879
496674457
468337571
832242347
293579292
331733472
308080042
369054547
163720253
682930956
537489512
954168161
988611213
397499732
298309051
151433513
795575194
545008831
459282419
755447259
646335304
174364524
187208343
254499201
829573781
134716253
276441880
990907040
399376481
945182671
728291776
747820182
767101778
761325031
716967574
395329829
474662390
61393368
465847072
864539222
575221961
984156902
185998890
269947731
186259634
101961519
963484889
21068315
805075412
799787529
179888017
607755888
334169157
534792573
112213475
642311817
713208400
856579264
132641627
230551253
816799356
298137783
670473504
975160355
866790105
429854017
526667618
617359920
27980890
862795199
284800615
310032171
961570338
85911418
116509990
457210446
865239148
610795636
540417128
261134130
807122537
96298806
496987334
764431286
322021714
210899080
697567717
405162564
23918459
503086010
308922741
976507081
743370864
404522787
486330214
310147997
102280337
234216114
980031553
617234495
769223939
849592950
389648498
505182177
971992966
450704812
213084605
223246025
637638902
417452129
892264308
968367923
923092423
136615875
850859121
451435450
7078836
838604055
387457538
762302562
936513166
17840782
219255121
246452905
458623206
808938235
761983242
132026827
440602297
263710180
582834445
672180481
553142326
506628075
529032376
831421486
757327305
166017772
189154725
976573873
467830732
896832660
784745262
278846803
897520859
756371352
58580687
933124709
690505567
734504510
400365982
653361991
848163326
749320903
239764503
505033319
774312207
673016792
648089807
89953155
720467248
175389372
385304441
470345270
512404668
100782453
366352484
58870130
101403482
560093144
448634094
703092407
375479460
79101306
177164087
601031586
614425040
868191170
232676693
919779382
174607201
668672735
48894995
293727169
526294755
170657901
586938268
842619865
103009327
859829808
939586284
699552103
934476200
387453579
50557771
822502362
412110099
904312941
913256394
74580499
920487684
167027951
980768819
11216012
749468485
827853044
442114614
156706794
732635688
582460402
741932222
237487004
18985172
230389770
929285432
504626014
133947117
465936412
654957409
915393330
383670458
588596864
360598770
303085334
882857861
694916000
164804404
299296347
949478549
268565648
800039716
989441076
370112183
353007723
867652616
436589533
280214121
966879479
503279269
38039139
743908565
304921513
941336123
17330891
202818119
794864169
544302099
507980872
191330258
323787154
855233260
368866313
379663523
34798743
206492646
329374792
775366334
401989141
879868190
102389059
976044109
73643143
913201582
569311449
820973989
458968025
741892234
458521805
730237517
291383013
727068166
177380794
495054400
539161496
311831297
84603655
933002479
8751195
2302006
911386249
276029551
323329736
113136068
234030403
128766444
802709461
931562435
73763356
910216002
589482916
317117357
10602395
736805863
826437420
75443584
94472857
379739990
809900717
594477690
351350948
507477163
968665036
877456469
721316113
468740273
592605799
457955640
141208747
598437020
38504402
969282094
458203313
256011903
3952355
676509054
722941135
622817742
769642943
760353902
496290718
942443321
744761944
93408364
434350149
261353233
680144387
689883380
534779322
117218021
827000294
788990813
145824238
69142236
701004958
712769877
602764556
113776453
418875551
141927688
555714922
427742381
804092892
157937231
477813088
153561661
400674005
956003700
591206848
42291039
691011145
203216449
153826050
975312417
827862544
801017007
204934303
293915190
859808530
600793269
875925203
321415413
402464175
935536698
463542557
496904577
989576088
540321047
857434444
649243311
899787573
433242942
20465563
924176668
419493457
923331561
631633031
900193704
573009904
196411360
860323630
406896940
564055329
114094424
139174922
206206823
240810720
879861655
775717290
921050239
962749499
948416650
482329359
769128244
580543099
248627753
279201355
549591870
801458043
166092408
280680097
858828563
920388959
669745721
955917720
125863805
865648329
168775265
437837951
963808981
632148759
626190357
671875742
372638890
638858848
37710393
566708738
60108855
847748128
669246009
263490816
401631887
152937395
368645842
116989641
660465917
958324758
984285870
161869990
13022465
579286153
705550040
777306244
796807872
487479993
895451312
953379835
508985063
77929840
512856512
446853052
569004820
873166353
438035342
148650801
326560302
501575785
481243185
848746303
377205440
986631690
282298669
839325185
310886420
582756935
691547533
456756108
587513129
696862458
682976284
162733484
802226646
760033518
139446432
954759808
5004296
665774888
260341491
570286506
412394400
245110741
142990961
785427892
629758268
407156441
274320752
419269187
491210394
883576409
495673128
542939394
130102582
752122696
41800376
580348156
97195716
672583565
797283295
546385257
411074916
335432861
33004464
262925514
243389889
494440544
960839387
642428698
555976338
547403
137453993
578222688
497499078
514562441
745905505
831992376
569998694
485731373
896735055
212101272
56258009
194690474
766751181
526038551
75807349
292487632
207184300
129176251
860000097
622890152
858670461
575384109
249451311
270425695
949588268
358414027
784725906
302723845
756839527
932365004
95124638
910359860
532773504
571006984
553119723
178207124
622629228
824332364
787448435
8193013
920585542
593254087
641601259
701571092
88520748
59605582
87970410
770137132
601303203
549586930
116011660
678825132
980385976
112356287
337014468
182929306
162469603
274878789
593722094
242056447
582552650
504354999
271780715
57719781
146588012
612472399
96435621
638505155
886242998
489745097
60661593
856874270
38535694
858139124
800848667
185295302
567266838
555978155
704888121
4678571
432826852
347977918
946405390
175594618
589099471
588608169
485903798
471790621
26985252
689032044
743781602
877518698
706951142
713150160
216754171
677994491
645228332
498705995
318392339
597597255
664424183
638396326
469890307
192358832
704968961
842182797
932225632
419897263
952743680
572517648
686050781
676288494
467792468
819275185
317058216
246393918
671310402
298419152
546309370
24814808
987091623
894447928
584679785
517631405
227168544
354947575
938274818
696151060
360647129
501637312
178079477
847418698
986812601
843390845
343986409
98940913
943042632
130536261
287400736
204992071
940900477
922483976
643020201
887695175
864390588
32327893
769608393
811601775
230699208
818841125
307929352
331722655
496373077
769192268
97397843
39479520
816596184
13856600
772518925
775131453
186685313
237552694
55489211
151132367
369816605
716150770
330987984
513931300
372791172
645039478
868595071
526445071
124402830
469286869
223696992
253638951
938907890
744269155
833249143
950338454
917396981
148730917
26268590
676106593
499630728
326362629
893076678
759200838
687581682
954574638
96458707
410906206
495222883
830255099
35595603
104461482
894927008
575160144
494616147
786267676
144384711
928607291
699646684
344772722
315503914
505722879
375723839
44811982
97855570
432956719
546968269
422043102
11848860
775339726
200456754
501535112
464467144
899722879
318245745
830867133
562315276
462778813
316535261
106648620
193032077
197845068
579876604
194209179
612089918
140334017
513848814
468457877
173936527
960477267
286453011
689050305
371811776
391137504
470246017
37378443
595067706
585340255
661707153
540281089
958755170
864658098
117147255
694422288
72807208
438686268
325703662
121447439
696563570
593904966
903998687
689283493
224794761
835741424
321316088
309503620
346460985
842304726
914120227
111048941
467510030
964427827
575080726
717317742
806828407
210775376
31158863
397493687
312938535
648781619
661339994
835602624
51554127
187889060
145795174
97339867
485231031
581203143
392924720
17071612
760731097
880612041
184497169
320821629
819756426
399296009
502892303
193663091
492229973
68098893
70926559
582868798
615967750
352223345
573927573
303965368
730845206
261588750
62198863
894584162
278473761
365161203
558044442
767518885
447083690
698557272
73380509
949223396
628630702
478845341
780575717
884737574
822410940
306401924
921380254
884353120
169096315
691005828
530290583
437649471
585501035
464222194
317331811
314516673
887406902
924908509
232823100
511486925
292818617
584970955
916740079
613776617
554040044
396667053
106441186
549235083
570412832
225871303
83743415
514314682
264482550
863696675
846773930
414709913
411964013
63550096
301464949
495201711
90501586
601617858
32114650
17413013
657924239
886106417
925322484
972474235
688514336
120786897
524066462
792825286
249586575
916508006
224043493
442329492
933804880
526000819
767670677
950939711
836650498
985100847
638915028
289982080
637678914
343858173
378579362
765601488
196387253
509502182
899619091
774960570
338650747
168255853
215725235
930111337
571682092
309383474
118201604
53697399
283831253
335984974
770046231
215941869
414343773
618742930
403170297
478477389
366844411
785354805
359877266
758044646
58949248
45758978
308887026
942461997
30374102
681021592
853846386
541468378
648359070
894952741
677401134
932431102
942215784
714545045
69909106
285240707
771286199
764745539
672778558
506794854
226041713
700967673
384210417
272374000
757358569
464242162
346028053
52831148
639895451
865043276
202714303
481256478
59793505
483979865
732538433
534517558
601850468
408933345
553615176
676436159
844718856
417070230
115341634
198009809
198932790
220856207
715671425
243511085
152027865
363339401
23361873
815236591
469154311
681690404
240141227
689121650
884439642
566807753
581065196
716033028
203812609
757001133
75853735
89179703
957359672
224173576
988215024
335701383
492917966
218590931
189306455
758634183
237639712
331124126
515466272
449611598
929998443
621554093
62403578
520516419
122238827
880421450
303831082
602622310
709279383
304967709
143745788
695719678
776812462
922662332
173622805
691973181
627889841
975639797
674171634
313269708
168528867
898817931
148274926
487985344
505407397
566125517
440072113
257847083
275859794
938690975
787730593
624292890
319867540
825189045
333984974
836908569
826037369
292643033
21812570
777585703
175557750
717595778
475031621
281217010
659629677
366106940
924911527
712146646
313677955
441808362
382140356
98194718
473540493
769593270
913296860
185523714
429917716
813778986
823831939
533772212
198157027
857870776
299174766
764069506
985579397
62707346
325271502
406649255
492520756
176688671
501527606
817186428
308786945
959230817
248641667
630136755
866461011
237966814
371543798
46352105
87810535
703322240
897202530
729740861
797526808
897992893
182620099
117748699
516650634
691208464
570832954
437882178
319709035
443003850
228502928
331020276
994488169
17584734
438617066
434638623
304071019
812622901
860803362
446330533
538328392
964939996
172189731
904009594
892881664
884046955
386843249
12203869
869939360
458246367
650855750
691056560
328672382
66219163
359726237
852983249
539898680
770494125
297446193
706513404
832464182
372601317
874443643
235597063
994117019
406174071
156661155
254135790
577528190
895896802
180552659
712616344
149568601
82392288
51694714
536336299
379519074
610463724
359358169
440459668
878544155
549659146
749408699
54470183
484818147
73411604
857176958
327734446
494075461
199780220
614133699
34443718
975421440
269850492
313112518
402266501
114515363
207613438
59543671
510244389
820667716
958349309
446044560
842294467
155183169
583438697
384375709
150955744
969189414
900421446
328928335
781574100
397574279
501107040
326886289
214962829
853575915
336543880
602439566
638665301
530065262
991479405
189211742
28666082
629740538
197706949
794555730
412244073
714250747
967162547
865155386
975581948
86941467
239128516
550772255
486847242
776130172
78917551
836314120
300296124
465562604
204926291
856235504
375337804
481060201
710767776
780732495
133907810
781796036
589939283
556726763
558473637
672518718
366838676
153136128
776510336
131126193
372190748
578642709
739749805
106542770
30943385
8371074
720517873
922069926
392314753
954616205
483266236
958701463
583867480
58677952
639802167
550513144
652594048
64583517
479580840
492678398
528742642
352472152
461548054
646678187
523302547
214001384
927982435
615537655
144196930
123787207
449595860
281868697
804901584
73859615
387072394
333899321
846314069
679381872
608916506
440226429
179809670
580998726
816304462
384524994
276087751
890182351
406600124
66881954
908954306
56482548
605811413
377788443
91717231
112520023
804357715
944952355
153309458
611639613
600553548
396225907
742515592
468776837
242226213
743034734
217494109
891040909
40892864
285554797
701741602
934908522
714099929
420053985
904547554
500188857
313696993
82802569
629089429
733565607
581611495
36333543
715758602
896418484
235840965
121277517
610087572
432134389
554825323
179219923
416912233
367167255
153303539
259308998
358173071
829280548
25848060
587347708
736440663
240408611
980110281
221431061
170526614
604963602
722238282
459529278
81107538
347892484
854933145
20688757
809063454
778846475
65593927
368983825
169762
340717222
7368040
430188657
898973720
698205137
716957713
135382309
526067030
726229878
725831298
150048486
417859979
995009999
460912135
409782144
399795885
328109042
601614676
320997999
922075330
937055561
217795222
910282097
446995043
549195570
273283754
818465692
323339749
693929996
839416001
393571056
64494479
183179385
876833458
631573285
801443260
869468684
693543893
236199497
209267036
565211667
246027744
469701499
853110005
592235298
417727885
836250717
643682087
641157077
641103179
835930006
244107441
347395449
820482331
562927536
569542163
261148067
581766516
427755326
775892353
828260117
216784785
200127704
311179432
695032110
96773428
417876090
879185153
641185163
624075087
138598192
291638673
296400224
518426001
708059629
504913535
926202563
621069185
322868221
662085163
392964330
587266431
750428690
674218477
945918944
369693268
676502141
792066297
759602931
282690555
505728621
435233036
23225617
40173712
196808641
817534133
272487495
994811938
269423159
718628926
475166683
916742132
135655818
545807037
426779433
720707367
313736778
648419357
612347101
207879802
180345263
464782169
873717022
955573829
243266585
303464122
410954805
969950660
833994680
570989936
146933720
853146840
395715981
283186418
265274462
675205347
994906588
795739281
732359902
240810261
849036233
62692002
993745848
829746195
571584949
859484253
710967627
19466773
585581383
568147318
243653925
358353252
116590937
290779069
234823923
438656895
556208022
234090201
432321771
879368798
411642613
427317044
733161833
512772199
528557881
756783784
450836653
416243315
470098480
233497547
879912915
425057977
658577885
90439374
52425202
801880954
149245526
589787748
65119390
527327782
945407568
590240083
168697031
526139276
459648051
890942084
321505303
160776238
634089288
742270945
901271348
239643621
838750
579047870
729581965
279646927
585926762
57478113
491779046
985280027
166025270
102201804
758849434
393723771
396139818
200624408
362242617
572753742
306902049
501651252
226856469
768597731
782032801
678803803
307315293
15328683
397395400
589510056
505969911
793720679
853808655
545754811
231444606
261129146
309010984
930359621
881715574
129260895
62589036
204427064
487590801
553787594
93556031
34365691
525721635
176384803
46769592
277794575
825984542
661679670
622296751
568191496
2443547
402950982
608856416
132026236
129437926
120824418
683163984
988228924
328167832
900928251
576373104
747180847
248676713
814229870
960815132
716231003
326308262
971534584
819535209
17447878
500758683
124140366
427215625
990426409
612743753
450736103
475477803
34126706
965404014
118136408
186163293
359613712
283119642
924080999
584037537
336787982
233331184
56148931
279846725
829313278
842634181
610932138
370899276
37851116
587888677
570936201
721671729
519684595
620116290
189255200
327039737
714934199
155633978
373198125
711131326
18276613
107083052
442593547
512318338
619725836
113839981
630901889
224028791
21121456
780082084
206608774
593851626
468994802
830928448
450358159
546624609
108897525
526620410
424209577
494167510
993936129
65375654
379298570
170097993
73087527
174623492
374546661
747160886
784039402
293843621
498299362
976359963
747628306
514748308
373051836
449902646
763211653
222442179
218928781
791471125
151582887
679150141
15380869
839175528
281054377
695487325
978543643
141569796
890518708
646730432
586482343
482131389
792832124
228267772
390902233
95090215
895788769
553013364
344475768
174259545
633210488
732812469
158113548
135709103
236452706
296914164
270294483
760490638
394067472
747807397
522516431
50583232
228315642
441129781
25978880
430118366
925938841
879064703
711803142
566383690
570012382
203535848
153146135
121339502
404279758
532477178
899247821
599274652
826058378
243483219
203017031
70242378
529611921
44937596
454469251
39698897
81435612
361796610
745885862
393855065
934832406
674497796
440345554
687455895
183322595
61271519
154159556
726752482
396278523
622423845
80800721
653030620
374814781
441001610
969073365
714120256
821498397
665697060
67785511
12049709
775174924
843962807
94425601
446202043
18810400
721854484
978567316
65058342
237787864
127968826
113029565
276206183
811966995
226839039
235422662
653369530
680981121
43385568
187967755
921327911
618271031
353074021
41713554
817643364
124548552
550124870
695690529
443093515
275104159
390086934
348418819
908848289
782319064
814140280
31503730
