283958293
512625877
151647216
470031804
269444317
101685140
783553995
505628607
664582983
501962829
918020992
966302484
18637783
112088935
933521605
304635842
226745696
925899649
193722020
798780362
6254911
425928958
485703194
512131931
831712138
607027208
664525829
114443260
87035576
80654969
69094337
75842051
820539930
951950369
162217941
640552518
617542336
676271314
172758836
34884985
294494334
110774615
60681706
740582413
213498534
158861698
11756534
188595174
143355198
743304951
404112459
619686204
79386449
688020725
282046892
895914424
708316233
289998842
413732647
519439939
613927961
218057163
75054962
656967257
471324340
855061353
993178926
659383560
478802431
117963959
66438847
137074086
966456138
333324374
876317105
760019737
636083249
546409606
814972308
697811265
438886752
840137234
534537628
399885792
734099060
709498616
70621443
367657556
832495977
52574077
612747682
70407727
743179195
723267936
82157905
856257877
769454510
329039260
832459138
163963945
72304318
855488331
494692526
842891560
361587901
872083749
518325684
779955508
555068555
958910114
975121863
172029717
69743473
44415643
365524684
927910073
416022870
135814829
812242282
828076722
137846836
373577428
177633770
72950094
765526462
199232759
958816376
615357620
954045809
740546144
753896298
793949871
826177380
386375655
575784130
393890332
516514526
179301883
933569838
263192602
168041663
323619848
851346680
717785585
829206281
889653128
706213830
215293162
892112394
329912034
347872602
695307530
230105484
102037987
774910862
88118147
877647550
155809927
873439020
502580187
288255031
252096142
812926896
316357570
15268608
660595140
84678800
440486947
695903624
74243627
79597209
191610036
326960214
604223663
76594435
838901333
950514273
770892624
5368540
491067601
773458564
461051445
926465927
822266557
651528694
677409666
641399813
491219193
617476833
602438040
81824776
666874228
690042218
161357254
350510629
895458905
407099339
640394160
308893580
85054168
229512397
487494779
124039738
94845587
487597694
931031962
852528992
168652321
924418597
528250762
104504980
320557602
679558675
795450465
109501541
381670007
814597019
729393938
421287609
545175454
841195564
961838731
737919324
570120224
485036588
330746743
584698680
388591060
239136262
602271508
583237661
254476354
675478339
426837218
993234393
106358318
841790218
111090409
138996787
292285972
19061333
356913413
783914377
162973497
524402689
165769698
2789282
42938630
588007336
137335491
388028860
649636786
56582657
649514119
917350188
144752980
964373268
876281390
200901690
640381330
482494811
472726464
73795187
279918481
812916829
825820703
658308680
300197831
367763195
236395037
880995375
57869258
452937028
990686344
333953636
515550170
572537874
617683820
209435769
536977296
836668076
264333857
736480327
874693886
787424549
549720690
136226664
425383660
695665313
151474965
917333028
494824466
910813973
301056283
325458089
935690626
821524069
233344636
306848755
431535479
821596758
788640667
691168904
917000265
174038196
757753056
210559933
856173991
62998451
551801121
713675187
662692448
487593721
570556934
134307668
426574249
616403979
791439023
339513782
201161288
383580647
565827323
963709591
544725998
114616956
439054941
225876267
821142550
539386486
585667348
569248072
188172397
152041339
124112430
207528271
3236075
948967137
695022671
86498945
253144358
137428283
30850772
701192515
632676840
730992222
535519142
380688
543989451
649709989
20932263
460361598
501848644
389841651
921521334
517688141
921883757
514257168
947559066
795419768
830256828
558112324
744601026
795533141
237758251
47821756
568855138
588548400
331003698
385310136
499878391
266662123
175184300
596290602
58435141
936354440
307376077
341667668
780055337
63622814
262693274
510726270
652290441
315449452
775882707
826481836
803317137
194189374
298128400
926482658
782806078
41898211
459030527
305493348
901093993
79336854
82999945
866530877
947492008
226124757
875399501
878740015
690755344
496219165
801468535
443472431
435614750
542478558
94910297
708773103
946462959
573980900
712591171
175140123
173255535
950658478
365361380
71999912
699405555
5383832
153710551
223376940
879516176
810442105
131608502
48953178
804089867
820764857
872575641
60216428
357541630
408078689
429567170
188557298
115770570
855064651
840505874
534065562
791865831
6371539
146437325
61021825
2057553
714361028
887596648
327197806
174696838
115931123
85270540
198962204
135413009
377678540
291690046
345167986
388795242
198081094
209695856
767670862
488166319
343574890
289745331
706189662
31419946
977820037
514441632
434639361
407067300
281173291
578639032
355008679
235886685
511999414
788869820
133289027
708305672
316500959
117410096
473172658
263556584
293668227
601130442
556274689
916762669
196609683
221696202
671825312
371856217
795856723
585829105
194879654
333313502
606549913
711749622
368125669
446937441
814261071
402893013
429729594
176249714
650668090
7517265
176568495
181085703
201976787
209441402
330620982
345808278
696182048
134233305
410400155
764369270
357224182
797362952
373627370
334279759
990035071
844812523
199497372
863499322
569434714
435502054
676033514
659682197
240018972
540421124
375150537
966238828
13023119
206697153
672912010
385254030
794603387
531521376
947548956
574933960
120008772
733102674
361873155
955814197
953494188
12126281
88619944
979451200
230146922
138549227
720591589
898310188
750431155
740404272
963047662
624637175
976779117
724075437
497034678
294436743
119288458
403332406
630964084
522741944
555038874
609440626
398183855
184707418
849122157
806553714
392921549
435351041
570786157
237217267
738158460
703834988
420650146
996136808
3224020
603627564
196032721
397317457
706128010
566611728
949519017
572730882
808166737
740498591
737505888
890703497
728530578
932602408
140910323
810921458
978438446
147195026
725760575
403652822
498954433
415847376
579820499
280218425
688017021
436785072
867328335
321371735
754225280
280594191
709050626
293525876
40907746
65344309
781828867
976906901
721976068
848624423
559346642
725398511
18125163
164886706
350212886
807224879
736266152
962200021
139942189
270555334
552992371
50846388
500535136
915033908
648354821
64165340
102800350
421605895
622082633
590387174
723625624
343117893
530591315
795296884
435858489
794314922
128854490
664904816
674847486
966197702
894968572
326948745
45307363
362029228
979187427
75401427
656119549
887606902
776349340
719118855
256639712
953008071
49651546
21650832
363577634
290026737
473237912
66326565
437754905
215773728
267601383
624293380
304783418
112065066
554238245
947218058
388860097
844753653
721026403
170477380
841366544
382258989
429319511
261077331
296546854
915142854
648837369
688547997
285025078
96426376
678540135
458896793
961216653
255981369
477688865
169399601
536573957
145339798
924474061
324660833
113997546
635276956
869454797
288759399
641334089
957000059
856531082
158269921
797024272
907988536
111601505
659899901
792939514
106928758
208490481
406190287
108941870
512412795
928336823
404129739
219420715
960952376
447535599
373827330
731346327
840029830
586290627
408734566
919727692
333363766
100149534
882106216
506646688
978142629
957585914
589556507
892451569
587916363
595066489
586087362
791059871
573185461
793609972
735516122
573477659
411804177
806537059
674470385
504174662
573159844
668843878
566033977
876717165
818121394
653520220
4006392
95109276
3508300
144247322
420884522
710788243
616245769
277570277
205055498
862669354
463075329
332281182
126692686
801128938
897464355
977951297
223202562
319313970
647551172
885496912
183245315
995142554
285865295
967001579
643452879
668387387
189905477
715713958
610168777
454619834
241241184
154454840
24602027
505784288
204297807
362790782
320934709
200418480
817205406
602517223
410773325
378408305
394341442
11952499
138755663
156920238
557234419
317846328
793143115
803492589
807846544
303701080
346937631
441498451
302215548
836616072
1952781
124711609
943198910
878286304
871928876
29402542
594587111
906347433
451660900
514466907
978533279
728985285
99370882
211797166
571974735
815722737
438168053
564728815
372192307
567308822
782810918
92310801
927102728
911601086
488921030
82591881
373737273
737555829
100599754
813727887
866816861
79129408
296855581
24476939
521053551
122085798
726546702
518458834
979967215
227320058
870628455
129720388
106610650
804094556
442273537
379069110
569352167
803752395
718335902
214930598
360502907
886478304
503476817
502907958
186747718
623174332
576380233
859448215
699750213
807804124
942741947
221461464
575585586
380459062
723846296
695707379
402941561
522205379
104217226
503216710
236742333
416251831
597899129
316490083
61542254
89649395
503707269
888018419
427788943
707854890
761767523
422413169
60711987
123136574
548056112
716120371
577551764
360608727
471870209
330597118
135973561
919837456
374819290
733357635
638327103
683985403
863286831
729781771
356077290
305598505
37093753
595873228
587175358
36685932
202473233
732965860
191278493
183417920
365524176
846246422
517397303
145073238
124386503
819050762
224591525
96283573
8837440
304847274
565143285
7528232
226222370
91528514
264979573
265841438
696519487
490322713
604014234
988496378
716234921
575872319
357309848
328909687
904688758
486583293
465919650
83068899
187376846
309638477
380170306
830407440
984831062
146212993
254593208
21080217
746557007
701931363
686388380
817186170
775536793
698755441
729032462
461903203
398258475
152603921
901215553
415831209
698907020
493365928
774325280
892285620
740851146
947766208
916406893
854762446
544863063
305031625
463403948
123786783
682175142
425901336
997279053
897052094
466827280
137108290
411427477
235468559
363358859
183832871
154182742
366222064
575054910
739067543
143711277
394185640
443731585
480153025
34772833
131639085
343170076
781217287
421310964
37786374
237286775
648479706
552725868
112444627
948519856
513520227
519180534
155048841
718894674
710081901
689358835
476616960
154126130
142576050
200812600
642234844
939668046
987462326
517052694
452975926
326610183
929670235
568139152
470754266
651059719
523125766
554202173
995301436
832704185
751687237
427522714
594045546
690485705
581756469
647762530
307280992
398496584
456874177
648205878
634322514
895315482
828438319
489382930
366586691
76666120
121624242
143844647
990494008
40319383
151997485
807323165
839413412
469352814
841329124
462556173
131855270
209840000
32608121
15606668
3136904
924207004
365402397
679747098
344505224
66877219
512406943
440910374
676855667
481939537
731285591
692706441
168733672
753841106
417861951
187068769
364031106
748144739
265720483
907751074
250937621
270598356
972934511
748920307
139286714
933094263
319098145
439759733
677877517
74823003
311212123
281455810
240946405
156626040
167879558
943283515
483071003
552235622
204097055
930852495
733930530
147678461
976859863
102929948
848137773
282738556
392834643
536918841
309499185
598114599
182746398
500014540
73317780
29788828
641027625
22844291
395143981
192759952
244531524
387317210
966478037
938533406
633012916
700659687
8576548
759634925
652403901
892738905
519097582
878364885
896084240
776043138
904542885
540915549
858792655
419791634
271621242
114366774
426201796
711640072
272483794
63214472
905319558
774264840
887309817
482988468
932857674
124277981
292387955
498064292
35457888
870211153
409526890
982336129
749032217
198776521
779894101
170135629
69688642
274933447
921614940
969129557
542504625
130198400
642125313
22128111
596254595
231039833
597699166
330484787
978075796
71090471
302554666
52496392
762123861
394814426
849710756
793993999
993747590
430953290
9307035
326247562
561244170
331719748
577148242
730661485
176467937
467467204
663174606
397795626
805673030
159407069
70586333
417227359
130878273
164779539
458099432
640903581
792695894
120386088
124640132
759451358
220544254
734317036
501405024
591124432
25701588
856826832
674676593
355298131
914981685
377876053
831929353
860633505
410499873
175364289
291887304
560025468
192590043
852737087
708390933
9068308
846099308
151874911
779924255
824251527
366908958
753122500
646328056
263692360
8462141
229056261
852777556
339854412
955378694
936762337
519981558
433246860
316906369
242716636
126874615
168036234
646885198
908129852
239420904
19717932
818348064
264613364
990995400
834375119
366445225
650999459
546053484
142605591
867087794
366100632
933341176
504381273
768043380
560989465
271948653
378233389
710573162
180586154
567222092
714432762
434219608
283227013
419039061
968061205
886612510
912937611
712273597
1966114
896528859
640186951
592602377
584635538
333973964
392504564
847580468
10960592
544455881
780454971
78200320
381127421
829936879
715474905
400216782
151761037
442243992
400843822
400026538
930233587
493955093
582114287
990182427
154395515
547976464
22014836
838994179
732969784
631502506
460134883
337290548
306805417
475241976
71727067
425734902
692927764
908266787
842439999
335720049
881259753
132082770
255600224
26453187
331740035
609250963
121197638
651054460
571044869
385969190
918583420
712394066
879245190
597189398
374190523
50158947
150827061
670632924
919826857
988357895
354528120
591582459
971110839
968255603
688518550
965152276
548829358
839994445
211415381
890693017
986356978
19954588
393034801
854746546
202037546
65932684
115179134
125344867
891571324
130849549
31351318
137754084
636674079
147897624
885904797
827210965
870320251
515253575
757155000
108681101
804233633
665306821
919115718
291066324
45852523
963464659
739074071
541339099
485104251
861206708
367828680
689119322
355355012
927964176
457521477
170916975
16176641
165614056
577860750
949193709
469415446
873611077
175563037
843739406
209126631
162090122
656042635
982448808
523789270
643368780
453101492
631167863
222977699
10497821
491201262
571587441
963071940
636431446
374277
98783474
924387195
918717459
495958107
274723806
217238255
387833183
512345769
757432742
332225636
492316524
344781180
692098244
243558277
705595803
831260060
208657762
286077433
365687969
269075597
93133051
405771121
879739036
559006522
709725101
892461904
184420267
971725165
1013423
63842695
847526675
534721526
421612855
408154542
713882687
122096476
727251354
319109197
27423361
509681197
613133280
320970008
350364167
512930651
895143505
335590246
990470289
765764788
741768015
864060475
465595582
194421116
69366658
81213221
131390822
191799675
562039849
434207285
926179793
4569799
470715828
47437905
3896938
36096225
431911463
976649471
903289229
736575415
783918854
850313415
45109851
228217918
189216412
691408373
713808441
693795197
888310683
725393132
689349988
866546870
842877764
654508713
750711039
979509623
53045529
274189080
270497007
443317183
20483396
550202626
62975375
477859125
658184743
321846495
710413939
334070446
262884886
182881335
670515887
793224682
857650281
120712086
367210703
420590359
236122713
179730201
414771747
621323193
34325691
828463786
491412568
77776781
38043326
559865207
99693791
968217835
628350252
38659322
198817720
122199163
693543844
294940572
289528533
958237687
573097412
245341871
503885171
779329528
532654934
549776488
756661758
116978583
352504429
291955224
227928924
317720591
205645946
191197457
224312326
358516816
68717763
275479014
539756810
85232840
713621140
831408290
400364514
348244233
804904120
127482855
291168197
929556645
814672626
263329412
776942796
552491461
440085988
536522280
754749749
21480519
829938852
139758994
862654039
458567995
856872760
36486633
820331668
713097669
759597576
730325357
964513416
906578490
883972478
744101088
125561148
985513460
673623474
86186062
644241372
248735635
621295146
96264319
719416526
28548857
241151655
3329913
234046071
258534888
459855021
267028807
379775090
21219907
724453736
125549406
447091649
205109423
108720794
764695218
220082540
715877976
841056693
62860166
715900278
588053138
662693016
544699324
809732960
238870192
372597455
502234922
845816002
315048723
912783916
316560861
557548384
791484146
134287741
29244077
803436875
773148559
611312990
311860230
531045885
713196128
478014051
854478050
924486752
620494552
22908811
496169880
797872067
401298351
302446954
963959081
862808564
457029627
778395162
127374548
596385599
849186153
236987839
665521450
379762514
639758324
405957388
624373940
287460611
695988720
422861676
356587730
258898214
485015124
521153427
42226266
418728251
174998891
93299529
578825939
352715079
249422463
105391651
851424530
236299321
574737555
500522695
817084834
720636705
661799173
112032809
422820074
429996940
197567730
250546455
973628444
271995194
42453240
922307339
609547482
133696956
839613358
866542429
829012234
398622473
840433486
32473188
946457451
873911367
897390601
733172110
651618753
809686793
673408676
864130026
519394892
598514571
537335983
713279489
386623430
109414775
300970149
532772270
825657434
665339161
971926646
225575662
824161080
561021067
937260037
463519403
689818553
107330864
750094545
624781959
255565091
643652693
482912471
279547293
681208180
601013230
845487378
44953873
361527932
442452917
704631273
774502927
462326700
68597542
95070273
681008546
803505575
210559142
939650185
54286679
608884463
122080273
766837646
237398255
659246448
613800966
293686627
118736380
45940300
892009155
993505397
1107165
529942971
993998770
986841981
357431008
171215975
386002306
251144107
338889182
562645284
956019263
218590468
300532837
254958254
416234900
584891495
166226696
63218520
323447287
855329388
759192775
565853811
571057951
746493171
145732003
85321329
696488358
839517735
410906894
13647500
849441908
930344473
225068012
927589404
632163480
951099763
942877651
626478712
719945307
334134949
561024480
648204831
670555395
788289696
510118502
713381994
137067173
174053538
73190258
599978346
325202457
672110598
988910982
251220831
815857581
940692273
944059837
442796303
768731526
910573150
893385780
490934217
248927468
135665433
970336123
476953634
494027755
476526619
34810745
747667743
58491450
608384578
98974953
45372030
862520720
807503613
500144518
130695790
831722684
783931979
156585015
327536930
856845943
614881855
43211432
507049235
185032004
666109547
693462262
624179734
512083111
333953519
546258904
800358531
467056500
867284974
720026444
32620196
633773229
324881279
578006957
849903186
206508125
580960027
598265028
719681352
271809245
239506114
521380759
504123354
493378276
433964332
336115111
140217440
229987189
840946272
561637256
193285762
675273434
372816291
828084048
678280510
366716233
530098103
130763455
968683726
252203759
699790902
494332879
48939026
657992600
956149990
215651873
590167583
37475814
926817162
445623104
581318345
447616226
132216172
977297360
337575502
733596036
152327117
238891657
674581410
941005853
683998570
485405722
342646189
772113278
268964984
255114965
986617496
219804450
132862668
291227099
335680001
361634558
431985617
512193734
503134969
685326111
964850332
100969897
137758812
842653369
534541219
497794689
902019713
269627258
393389681
738712381
52896750
489775175
300549044
324119980
665755994
6037581
289472705
348160200
377355270
603014348
535976202
932495602
14471081
839601901
874074610
585407149
143098604
88552916
490319445
606023391
471338108
324673058
960852509
625102657
626648955
586390921
433736744
754127563
461055161
829283745
676113227
775582760
780179455
186378496
721275520
592635362
300350
298299451
192683229
363241115
79002344
873955117
477863574
970575511
722988474
117368689
60083014
311091266
936446022
829777035
674719610
674849674
449583789
278700452
528553108
499169545
753535201
182385970
320797825
916238052
774540608
50034013
368135088
965339188
3925104
658933714
12566120
474476270
212494217
943398781
869834181
359748970
478446329
446356759
854914738
336986189
221243707
93254205
382456742
99663678
897638643
914890440
791574801
142374442
527427051
69775396
30066330
239866425
560727752
815400460
390473591
504517211
177871125
848982202
670202755
620766390
456758258
76042406
934137208
689621774
48695979
218012155
994481501
41908793
119345243
882700199
345343698
698577776
799159793
201517527
630040884
578810226
611204554
622304238
258501706
237051276
944219165
972489819
315874082
720867842
587336885
203754880
530471662
887800223
157564490
797667792
386457950
131386789
308197036
340008594
658816054
36434979
21608684
926493930
898141502
428009350
610166448
259694221
771079866
501420509
407630479
196318800
916664661
147372880
277849787
729985867
933112988
476316750
234798278
28166974
961929496
217210569
595142535
143993953
353225889
528726854
688885885
883806060
515203711
607184827
923825597
736048588
40500065
516268717
328041860
741246555
171522165
864370788
619741630
185377250
146502229
103597228
769653008
222439026
60456369
544135757
472196470
694992539
446875487
101347637
408925292
19636858
212344042
219950854
478434444
744785705
779738539
600464713
405928762
178113108
935468050
8380948
26264441
568793305
512142035
656808763
387770469
204283456
890607095
879151042
685527500
818545633
804910886
521900217
597559641
166671596
737452423
807720352
702642018
96413980
425580073
260054977
437049794
785083338
199549620
43013880
736742156
628421371
99796014
274022519
700883639
203829640
784638712
288437301
858689654
273852188
842636771
619861081
176952205
966832468
995872747
52341124
82613228
399917719
9431148
550881874
58614682
988658445
751593886
395474588
506534503
540917216
372652502
492298432
543064032
1356859
685207527
10329730
882687634
437115277
587072923
514133539
284795851
960839118
492449110
331946397
283225252
582295806
26034389
129333063
772480778
694390068
221504995
63592112
824483273
198047330
900175587
714953405
794358533
900601285
595059025
705503826
395656317
56470225
851538885
879948813
498966484
504774544
549507906
361523269
575933936
775730497
572515736
667902486
363813500
757060736
824050342
626631127
927785426
217721635
876580404
249680747
988799060
643240226
49209447
721701501
227222054
475880748
764738197
622469772
242700929
886734630
581263113
531048912
71781325
605077124
746350658
207122725
507483176
927622112
306647665
670916391
804830848
795275442
871730662
252928107
987238137
319335297
57755068
653969688
844140
668258023
948464974
183851494
479284870
926304327
592385158
422070935
694734755
214344886
262020381
298589152
937075153
879406878
696102533
158666137
600926327
914575423
932475401
776443629
162012902
76842398
728736162
608842043
530402641
844090811
79350237
878831398
377316121
842588192
40848601
163118875
423168421
218001821
821577412
255178311
507010607
667229102
663901618
703176349
300698896
74453687
193879504
876248650
592561032
317458522
561813025
336308144
913043661
778944135
804758179
278003593
361151815
600306291
914607342
933090679
59990096
133207899
510509872
849156424
177760415
753708813
589539226
767544366
716825815
330466669
484739689
989444930
404080017
231710980
265247089
172262717
793091570
392576251
45432447
218553386
76759649
553505199
35163082
54525062
505735889
737644109
313322801
877596891
283330154
723190913
797118581
422505982
303468313
224492955
533001608
603438360
312816820
753864482
696674269
77334852
406498412
992720298
957716444
898464364
301891581
483274467
64208687
928225786
169180470
699520134
119509530
169735486
268164557
367534194
26945033
277252610
656320163
955869378
71400927
807733282
481928016
974674564
801559917
110423485
295367604
606975300
513445747
817370633
730917097
84283831
502671724
683630991
76341454
492929380
325339912
110750656
533198459
89328860
300360020
567368394
946796184
520386196
922535153
283362075
732354279
904619081
452539816
224103570
158838341
329511243
554121245
136473184
626729811
917043335
248860858
713399445
966401785
383056178
240930193
251716159
508614261
948783267
207843087
302811788
381668346
766716991
358864154
797368444
220302235
579704598
656926799
289907876
41375803
449973321
180713010
577056542
407256598
703680975
840703480
37234941
423817806
823997689
851748537
818206400
107465791
254763953
13266426
523053920
507877886
646200799
285185503
252923756
631291245
450308841
332209143
576574629
452634125
212261365
141279150
757551421
133436053
33198376
930617040
189032737
180448599
943411552
202001583
805460932
710185941
83819684
205593585
604691751
868514168
834504589
673963937
251425638
845176872
674916222
549600043
134813750
86382982
425973924
757981842
697742579
704594664
369448551
114478032
151024152
230720247
78235510
25577150
646245328
17141499
143572154
217168423
246410260
9488168
950149151
712948967
869194422
442906399
805554200
578674651
835613613
661802070
924079720
181145487
510621862
191456507
551029463
329041836
72325826
665320969
508706396
197138300
922943424
325794211
388613359
838917959
784536719
481956209
864740033
193397624
256829498
739976942
573459090
229190106
794836518
236490335
260772980
340637929
777911333
443245028
25183744
561127950
869035113
858069937
221809284
87404491
98127214
541698565
757528604
937799826
23751575
118026255
91391323
812233365
235964225
595534693
384408623
436885643
540910344
396457952
795755080
779406448
767534343
958837165
2119745
295042904
555821285
978302389
698295833
449096140
337105168
728071712
254266713
364165482
497503571
469440567
699328241
516006001
671680685
376971088
353071056
572825390
854759034
699072572
786989645
290092170
831694084
916591113
281823711
802377713
130898077
160596055
247340482
704606204
448414571
686322431
115390168
70020364
620002955
267363287
361073947
965482116
152435886
492864725
667962164
473875000
158404470
901133154
191362418
376154393
973770575
163345855
841511300
576005894
438851616
635248568
195908970
975496070
807977943
850401762
728657768
211661018
98182456
967333002
712842100
513075427
550481848
458814549
183430548
361672998
458364901
625428538
199541605
685554757
759117859
772142892
43062462
88682144
65619679
586990134
707841680
16872599
882977240
884685112
736789449
864930439
982635036
468042579
691400823
636704701
325329072
365235192
204627028
570276423
173894454
543467937
270604036
174937832
921024562
243709170
691823274
364589500
767730417
745730488
787828985
273868482
687229963
852734843
410436656
660253899
19508342
282359474
631360988
55454639
775996259
72460660
734322854
867774497
294342275
723006653
804462976
742024863
532687470
679674074
603215298
788260750
941561894
627984721
268332851
169251729
486857370
997782167
937802816
846590810
253331996
238852334
28066253
991989204
598205527
236876588
998233715
596724233
35123032
80705831
401967133
340190390
755676202
314534052
82299808
50820997
39944250
728670464
527242634
470910031
955642060
407726695
283758741
191462572
516507384
141589472
17769622
576270478
843991985
672855303
605168713
74103529
304986852
220160360
255362485
340175409
726541107
892735978
970780423
585039702
331683119
115194219
86110276
288403671
240753650
849940005
594161193
469794840
413890664
8302278
836720824
962527762
727886660
347421765
933589325
516027965
552956845
971411324
465012329
663229454
665751880
755817384
692003084
500110922
727516805
56885271
147649494
444390392
479503017
227149266
206884038
344895227
227989703
719039919
381564547
897835264
944854252
787762734
519969817
290076823
12485090
212878472
81578904
346748337
428336926
685220327
637734627
2117156
451237272
733426568
603422553
753331946
113694822
438397036
607693296
778090779
939319050
543093354
463598408
585414030
380667965
952111273
389348884
564861365
806202024
308399957
598821518
365851781
154968676
677075676
464682439
922193432
439205162
765428810
899404927
753195286
975986309
114160222
491972932
210728818
59708858
132091837
9311387
524901509
971930992
154488249
482414768
667613261
727228807
833300868
259217042
251616298
731730814
341153580
177881617
894062707
448833534
737865649
122989310
298045103
73890289
661464134
905107832
629228235
294903535
394354817
392691122
151435959
208714141
334386028
973140421
228407083
104678752
643724142
290953972
926327286
187375753
970354765
109804590
152368057
220428053
183077258
67259442
34578705
11584956
459891666
669204102
569607695
221853325
57001221
162953231
627703296
586382322
326383721
971062334
204415297
728162553
481023936
958494265
615151632
776437365
436677538
652343987
188014069
232912738
812509824
778932394
134872894
326746980
64205793
930322554
316008213
55901342
881017314
736013286
367445645
340617457
418879147
134280354
409006948
747505379
766954537
749261675
294777082
113999297
329651426
493942613
555141560
799010863
196240262
215921252
354566098
610772437
207268385
113871802
891275189
715688087
275414389
580882767
323748932
775339166
487304293
88199307
556671326
527739938
203431107
368266151
757823717
502458590
217456406
3396828
772725803
350142719
168518412
619115203
487678719
410639162
178589899
702205975
726944778
53743611
559659912
355254325
553733086
561068732
989361407
145827726
228525765
452731798
592088608
61246388
425040225
91853123
575454371
320075466
586936297
931431183
259012988
896447309
819732923
620417654
336273363
32468325
475284490
418592143
369475358
996074043
326173630
476132832
880953261
264597404
74882235
137658654
554865453
730397983
889612798
593423636
749134376
851678624
874135535
229758619
706074818
124960312
780646309
172768097
779439537
858380799
382093543
349196059
662136968
929586309
258243308
291956328
689625223
157741309
859060741
684682262
25046529
921992390
367124256
676712689
583388896
778753549
504595710
138248453
340762787
376380463
393486442
524773627
468037805
212430475
534081922
551402684
630114966
500610382
799063777
824861523
165229631
923229515
232785213
97973714
698162115
616370151
261048205
171703329
21772350
887850441
326467154
48398613
29757903
581863261
335782724
106422726
822756782
997944459
139455283
115691958
1101679
250631979
445568027
92186749
32079075
347267681
440148468
502633160
732457758
887593665
738990631
412607696
674565560
21701813
765230972
385703996
70352584
146355130
313617765
957712692
350597819
65709241
946381188
34886411
515045239
724938976
781824898
743667682
648662971
351738757
155090567
330132481
459366141
976803246
873391954
26940357
143016586
447730121
520287801
669824366
104898578
564720537
467935681
865664376
419882389
931534372
199766676
766467479
460039893
320919152
885273409
622372521
796945957
348253873
20868641
122907588
562591433
677793786
10930656
499143082
103087582
703755165
418834858
569853174
722895738
820336530
83978811
917824538
234515294
729389653
643553710
856612613
337429021
93564570
676386538
631696381
369785146
287555224
362389357
277716213
639852814
419361613
634184527
168778404
228636203
140683554
461116744
764111632
234836617
652097271
807734461
995394499
353671011
793280013
754938120
145700462
84677113
958641763
117904460
268115373
436803427
90623093
115066025
220472709
273504335
675678442
400487565
153032760
897316843
412243363
203822681
575179976
530424182
778068749
74766175
426102419
586894363
907488579
896867363
56494212
695000938
384106487
666103253
270758895
176233918
722012911
600247776
933034789
816942754
456122539
375712140
701703227
686768477
56990282
672008994
417569488
176282967
558805877
154082509
539510167
517519563
576563127
722912436
710094535
276764156
335914174
140819580
312434530
981105634
562237233
277329381
769159083
724450653
131335836
80685284
437511320
356136416
819924808
55889787
509874812
971572563
75245009
80218884
234747721
694482898
121153213
397931070
562364320
910898674
681526860
497630441
612430916
53271310
441989335
770990818
225550005
53899916
610856973
716650518
132616111
386326333
137949537
307030247
996557935
641478699
72825647
987442123
352450419
334401393
441475813
884335917
128702224
660693847
488868380
855567077
937434381
798263964
23588134
131212099
405653977
158224696
186809745
440818606
626061965
623149833
583070590
258198032
504876897
677280050
577547533
2908911
483208456
842930002
288389814
660264212
980580912
202049424
46028936
8586862
152262008
968526182
119004820
35505424
990048836
161234682
126112070
364273180
884877895
289663750
987482798
907094607
71183492
360081904
207365871
523429883
633212155
521148455
837476194
40872949
621567782
827379098
22055901
407961643
887090223
972305624
427330632
940075915
388557569
464076763
486060583
3844656
306218759
629959924
131524293
108330417
327672095
631124053
898557897
656169894
382394587
584411034
470566942
370183756
359245673
380717724
366304528
398520297
570390566
665169713
506826286
922096553
17664056
910052728
88153404
934288438
252640894
320970885
955231050
784320776
606012898
327992466
97780635
349153262
44706081
729054588
207558269
629005970
392857952
532668408
517294374
391538136
650611712
779419451
624796578
527999685
285712029
856509146
280593211
924028764
254057734
522016693
215379208
946714652
498025018
364224831
386015986
572974007
47695100
90681206
551383289
627403609
434217254
790708657
519513364
416980499
702604878
583243624
621157427
801567510
537179476
594196248
539813529
574147112
188373812
417858148
113772868
721992026
541666220
267391107
553402930
832827822
494525240
612758696
58513888
980285690
153997723
432674994
369312190
759448510
109556956
81512727
838388634
895997268
829509584
237505346
717183674
282354915
188393966
182014915
727401422
287381902
338681416
631326008
693654941
533436195
281940590
73580966
662510798
501759048
442312134
373992827
278952748
987630915
459968888
408589209
855978275
772958095
800879589
770217990
892176493
475894225
508109441
483433499
190138093
926659051
929104462
752791872
83925930
168391155
461143882
434322434
453597207
238980732
763869590
467224635
957452961
633733735
401852192
467228317
233303384
87993795
472119655
909591837
654916078
555216857
401178998
315280245
369847765
523407132
759437621
712783637
397699126
661342228
979486664
794895674
489218901
962086875
287694317
875034704
849838046
221405597
494327229
841903066
313267751
712770081
161155956
610875724
406030304
40730814
438169592
821726252
153624836
492156169
271017123
982061829
500118012
908248528
85849495
168224390
727025294
448697947
987832817
401939243
99205077
39576846
892646579
13111449
270134391
951491115
151972108
232846731
131749844
107103078
180290167
447835835
59416416
85829940
802383490
229666710
739351492
542400311
568123261
168757316
885393341
494927602
508520007
882165955
733916262
560044604
609315489
14684407
336827716
433601414
177931633
497313966
956134183
497498839
266932464
636196445
420115435
539868288
748958309
486711754
792912743
82962787
273900911
765586744
206008443
328239835
132149124
737140240
260003686
894758671
818622752
849470244
771078106
433994855
510338955
206970288
956487689
491217475
194593209
228831685
543118994
978797652
207050284
583851623
554879692
175008216
629488355
442541162
533277790
628645137
295333200
35995618
882241104
786099479
715552142
171893730
192261740
167277848
952238989
389190491
632367661
397709801
887660635
698918130
164567990
967571472
382319113
610682022
956540830
869242803
667477389
724436812
97687682
481541044
426114770
130697058
827248044
794241908
248311168
94469526
530186613
490683724
132894584
454280121
704258435
133237048
3324106
611896325
694523799
502301414
949995157
589023768
579405016
507648618
298656436
399518224
442677052
360877086
376122446
895515234
860058979
422301999
756921314
667469604
713259844
384042836
766254803
673635381
43641848
319886274
991234127
909630274
388759946
553712709
867488390
803145058
840354736
600499984
197791804
669490207
902194051
914660448
312031435
821121081
356597052
723006340
831392464
780432647
856289171
165428795
363911246
127909350
158268900
205182075
60078495
583432158
760622729
156984866
79407264
575016255
231591885
282006840
89422418
623720346
811051685
908914168
997533558
832818810
604458887
953769367
444611774
243179072
694090577
414817424
275306977
234356633
339353345
99419722
480110551
506993964
671583295
635069340
417703921
933978163
839395739
257911615
916961901
306759862
325625525
657127174
919042101
588921943
380052637
847076805
457236784
737663778
78840686
35551350
978214318
968797213
180262391
826838584
684732905
571746000
307447869
671107665
868126197
324534697
819671420
939188843
465956046
892565465
530129462
639594743
966828370
207732263
54625397
703642127
635715974
501959838
224802521
917545649
61018050
860669213
462826173
915972712
401679427
552352837
35078059
308570410
11415228
34073667
564222813
540562401
890305932
34922441
106283187
84109673
652002102
6436554
368818567
363592746
92340502
757241226
96871914
741578497
680246683
208537241
112083234
554005814
532094788
527987559
908146677
508366247
604713788
423849926
934442334
694208383
461188717
733342093
96670576
61002726
529856777
141967689
650205365
939224835
906221950
813531146
457869231
503045709
128863566
958877605
6993674
497854718
192422151
483903370
469770447
669666873
12864962
642646991
974292660
931318877
896433923
375201400
206076481
794065755
791025860
456082271
144613973
453038322
128945505
986944306
319832773
115057025
88803857
828947841
854440443
104498577
187277892
302107023
630755762
694275397
473278092
752773122
318299550
601937995
369869849
245948869
161183691
611534544
656865530
524099314
615504583
253646826
305530739
193483382
993459756
838852527
31374677
209839615
878954799
179794393
843822544
123440270
683636490
324025098
753830957
518946746
607531213
633130475
388196526
67445483
856482283
249577144
444221395
711882737
144434043
634996508
735111262
580358957
341678556
864320289
441744214
703084983
706671724
668872332
240638044
133795823
627798420
362363487
878697279
650908019
218212949
876871622
884372514
62924503
106839632
265614955
927416941
700875836
263039183
972215108
893460339
507834572
36113930
292660654
738701138
384523126
261253120
366640375
909707388
990365909
243990756
829586723
212078686
783015544
366185716
920697782
684094134
56283307
530458904
686427477
277569115
326316665
847588746
177004200
391727623
696809459
224126687
493500990
861924364
906346119
518448494
306454037
8909315
162796340
800810657
672275021
937619867
281492093
838259919
439443226
921153902
459303404
28260428
955514408
763692875
599202285
881245636
501525502
486513441
224311044
739863702
969803648
521142148
188417095
977648929
152895540
828459537
14751197
2523876
210536650
155657504
785284220
263394315
404073429
535662965
343371373
315072952
516458527
698909801
347848409
993458987
99763833
163223506
116610976
226480810
636305956
369399892
338255559
504933645
444716351
16848682
469893851
461772422
114353789
529019239
63097212
264781583
382501657
960394390
662480379
997653372
377908242
659900355
908076664
369636400
162673707
736791203
236105727
72152566
452436805
711836977
660397390
817217710
39735421
507933750
626816764
946025469
988061142
411996577
256493140
697951408
558792814
243932015
957825980
491749803
100736546
958179966
891877407
129739435
46877361
800167280
207274235
437683870
276307542
157427367
658529570
804693701
534510089
692447511
241133269
147670573
353844930
161868599
880951962
194934837
933650902
320157919
562134417
405790017
46436171
202077696
793410267
266860697
842101429
657436845
780001339
347980641
577399722
180859291
990747572
855716660
825362513
445515584
438482023
687608966
212905898
21411919
714470680
942680593
747917395
579075290
416034525
230758737
258977761
87594849
301565067
349062175
446295200
502406803
696451579
128750663
433297234
262140417
44255771
434745530
109052002
72236513
731197118
411367270
599800776
91213783
137571653
534758540
334943759
659174985
732370509
81210666
825612650
58696491
185720672
475514448
371365883
59412302
26539602
847777551
757249747
310471811
256644481
406371496
746085509
536731752
785666609
347178110
913751999
891504354
360237388
488749632
182228659
319106300
32224984
188841001
732996647
24883764
730906458
788268292
756687753
611208272
598900067
519066357
424732395
873049526
583833946
533215490
845448400
82939034
113521239
327333421
405127928
153979340
329742649
343480769
794756421
203659626
227163350
381381974
141976883
692156877
35625776
135842699
874796686
904028452
228660541
64210874
465424127
357581224
436268472
489886884
285516176
519020144
895261570
183789456
697909239
949513079
741524785
399325850
249133483
154403573
608473524
908664518
953516818
819403281
875712358
231490453
707092999
373431676
427724065
20730105
800172852
979821361
767315077
21643905
965183388
255304605
537669380
309160522
769463291
673197048
382245416
9436488
449241681
54743565
148558966
712424080
258904386
282896518
710577005
747068565
336114496
242190062
535930026
493936881
849475751
749719250
966490279
409497040
233709649
478364376
365165300
42707009
834988488
433849941
531149159
298102416
735273285
32395879
197416520
618960189
415728647
983598437
303973149
