352893797
78247215
992518390
424142446
648464574
183339447
474986437
512626480
148579476
585716395
887639710
401850339
32916466
434092157
257687662
410348834
152494903
259575853
203740110
539779106
843398502
696043621
639824071
930554296
51220041
729141085
833729901
18567931
152501872
741523024
592932478
214752978
801831873
672375572
400949385
318774018
616102971
734980973
667648501
237788407
398577148
792819118
797906962
398023726
271055975
583386225
918596571
981956345
774403911
904868996
633258663
801695376
835809423
507830154
351553818
879437241
202896
763644657
343957278
441788358
212311633
611215399
837370815
605768059
668457261
89765626
132641378
693161642
232691679
1844055
270012191
363145344
291175377
211913694
222446390
35247299
252658061
314921329
690868081
146286142
499103938
375634684
103555836
756326923
570721239
461755728
904832921
333109235
46603361
553218863
262699902
79515225
584155799
929595710
672768221
273800945
175310077
129543056
895591042
883142857
802493824
42446888
938913582
748509873
837784352
774124514
760409740
65447264
466207697
325165915
761190328
702051959
786136227
270421
390867955
900157630
953551221
4363432
865674947
756406248
679032965
651150753
781288659
302475109
874300496
854284748
232852620
539858919
148335499
252232308
953660982
55272157
32037622
931050005
900513446
985249374
559493342
598062565
801407398
490659236
396382237
223910160
28824573
382245481
619329352
463039386
289248805
213370121
93401277
382678427
215778375
566769681
612498009
825126757
716639558
948027559
169850919
67955228
954984956
184020938
964563001
216676568
802201619
916192860
124568810
950891936
103599867
962475701
255544347
100991803
17066369
664285009
280958318
355486272
540623848
634190144
513332099
193643977
273791002
84539659
954012494
131251144
648476128
878943632
342154235
601640046
520718987
386647991
121475239
809008154
732520328
854723707
849253311
454002277
711671067
867179505
673258428
74638727
194912299
204291678
991767983
155220492
63137675
642118671
350467687
935883034
146041328
405283403
930204194
376516533
156151841
265044345
211560280
604003514
368138528
871969879
340209028
505941861
352684841
624851363
693340498
880769608
430857723
352964481
434962740
607111052
388711944
127843173
770150575
253100305
131957811
379440169
72791451
726037565
973004221
18330863
923130973
592623842
171369054
178954938
571914654
419838845
417510160
308294311
242245354
896308842
846510720
80832186
416723880
54355015
879268960
603480774
971018639
490874836
747330891
220436341
896591076
179743753
387615958
913934634
603173587
598611188
33310337
574491795
423028940
800648059
95123970
530394441
143277251
413055989
536334850
862370726
79829749
428486501
444548135
810676100
772110916
462703552
961732479
326016814
433238325
261617627
899200629
113537095
677538431
597642101
6734352
724448742
225845635
462555863
358141580
590717557
96346059
779875146
842653689
439367800
100312790
915486986
259284683
958007815
681092477
304062145
588046634
121617089
870519101
25874798
645553646
888014422
657136428
940206351
668498688
49533638
891160363
498152780
487130447
340042441
23398536
511420514
381941402
644016169
625208824
973406982
196978872
740189549
894537175
158412041
102416962
307262755
93643314
444693508
139022312
366672221
103007532
993471218
46123084
525166687
956112171
972049613
479530747
647959609
191390652
117778611
939704630
720008591
377484438
303229514
627742079
401039456
290721902
786921209
243842727
33654658
370921254
499953673
618802088
312871155
779211309
714802048
688474815
605044402
841480452
896227729
874541361
359630963
648935613
20278555
418318214
257043537
114805236
183030459
302393998
400579226
885419556
346640131
732503685
475056099
732424829
679831784
469860151
141885363
549027003
935989113
568455286
828774717
221851740
727070080
485688128
722330539
587636462
193845505
92497807
870362521
681927221
36770348
569753888
635630803
828037202
653483372
517605447
720288814
299856449
344032148
712661886
163196688
736956570
962281368
421172737
689564685
385993665
637263836
689732927
813451494
142188357
72295532
39645219
305026412
680070577
622452867
298424375
282488948
868227979
773784913
840790269
414948066
367565835
87857595
743625204
23201721
853258841
991377608
213998160
567277155
500761163
308057506
912290943
80531404
868066804
129277573
899051427
859873908
895042102
375295850
297815615
862321874
138246596
434951531
868758659
832283598
109143379
877171023
806413699
357538678
509678422
327930156
83626691
293461681
15964438
977576183
886707763
76640255
290512395
943874835
411582455
253797293
884914681
175210849
918058708
379069390
960015766
745270726
123019802
333350916
106535642
127460132
734416551
543479384
154083293
280259377
255343934
679644541
830414863
522462093
194985253
569907909
838553369
977020451
320040842
945824696
893909715
513657965
365445871
795451578
877596994
576927646
395583708
791624902
975710468
116049383
29702985
825033594
128345652
9192623
210840666
22298601
415357789
779662993
607569461
93598877
657417258
401676013
244609053
198670679
231846018
743437006
357632861
182292685
103744272
166408720
294632228
216265688
70850885
899513514
596102146
744640183
813810985
370434725
456549730
113245243
42500540
972710845
338257766
582584765
223349110
439725135
562869476
930604550
778307551
930817760
878231148
286718712
673681454
715687217
511702009
974010862
632936064
405486245
518749625
49240980
156325216
470836310
415274038
613362288
787909561
779285196
116222475
916093442
105920811
165751935
527475737
289454261
89625251
973474706
400327761
435341829
363350612
468363473
479224590
47316104
505316634
517653965
587895981
111508475
923114442
709865825
253594092
53056460
202958118
125517092
152749659
303218608
372758779
534101314
444964122
721490651
754150523
633442005
870781605
363430301
516700721
986560629
434246763
8857826
606345662
8411274
167985675
658006735
290776366
477892694
194779599
495352987
232501250
768441869
400483097
440351823
519176941
725462604
431165204
977064191
276047972
635032593
7553522
178966113
574620052
408127724
196496278
55432261
158818664
375629038
433315892
853503289
427867829
365028460
66587007
110075091
931646630
88014525
747116989
116152125
191160497
378563242
175707002
273061884
892861708
982424978
306473442
373269547
82404230
653802572
658205704
458531614
109579032
771754248
657029737
600251934
682699987
612094801
257523560
525047
145205270
878752926
170017571
664863960
482519853
105178943
675202535
687013426
576563326
355358783
969779759
673786163
405413894
995693829
742173883
996153506
462076056
26621379
35488868
377271231
615884491
828145414
997789193
118383434
851025873
61089318
490154104
292827236
405281180
604139763
806639755
69980745
279613057
853287363
803320413
706663667
656451929
988237812
757432089
513570234
263330199
971030786
800087705
826554475
411583973
739248785
453888066
340165226
842109922
106101204
367490374
73271836
952024156
279817224
812244258
457883498
3526093
642051799
831872394
579508719
213993779
362517595
64187216
748143174
854669437
52270014
599488770
450125633
696388510
585330278
344961645
690868808
633353540
481522707
667283880
63463178
102329269
720089485
279767636
116770533
464982710
65343842
633704748
563552029
972309597
876593887
990882280
868945889
945034559
136567436
545041816
544304239
637587568
433213857
913560360
107237360
276935665
947525995
242691691
736807548
734715194
341867556
903586097
369274354
296352909
93206618
471675690
989872467
395780872
229513069
515842089
131056675
601880397
142678806
417915199
287126595
455741577
183174489
212207527
209293068
722090145
713938253
522484981
709915249
639429683
482323203
533158296
701177039
208172643
997758297
523134594
701642434
900839759
252595713
609342551
260067197
923402323
78860460
286208955
876950948
898672266
51981625
485662499
867450989
297041142
771727143
428884439
256667850
956207735
571814411
41454806
642363075
7108048
55469303
464608433
443873812
496964008
625620312
245393533
320281764
349410938
50647769
14437338
366357482
166537485
8845665
830182920
414232345
981188207
144212208
200115222
530944282
354138043
509443658
770932076
116318611
119376239
375129758
159991967
490118581
898628794
911909205
304090013
92908025
551688716
9382477
208069886
70383783
96592670
530367153
651807795
332042966
120152489
409558966
258632354
314905322
572602419
342306787
459394131
597830811
365057484
624630183
51359314
536181457
36135820
62636564
82792640
138426441
591745557
745151548
848349538
607470349
775628181
285640075
158373690
277024032
307662295
590743079
36908504
85344461
718672378
397961075
847546097
391315514
245529386
676466570
161567918
491799790
899070680
579233265
830869294
52696995
702235436
706691255
695388613
979936827
180109738
496315929
573684153
18544035
659928530
369955420
858829054
783973946
939868941
890228559
895453897
286576951
930930773
933726656
412107911
457436210
935129548
686233869
53734885
801263907
691685770
580251616
640134774
866218615
542997373
395265262
495353451
421858447
214483631
304394615
63520872
175727906
318836890
739705492
97126931
711698436
943123946
412785110
679934602
955855169
993955380
702952543
575192894
163103009
848157919
454812730
924230755
918355321
52647444
112745602
81083384
87784812
453846533
504366563
298111143
830689503
593228316
267723535
894545975
30292832
404832691
609175276
654454386
805869555
336280949
68339809
91164569
708114478
924982719
971656470
286767269
309254476
345309593
804461283
717549846
176858406
375223707
181958505
2609231
232817269
185685292
351685999
434006953
151375666
508045443
901827164
27283355
341097092
584024562
224725174
519998504
464702087
65609708
137892321
821256654
719456210
986983009
416773197
701649428
78030633
253056737
539212060
625712990
195531324
779831445
908188612
132173003
701909518
113424065
710635659
32550673
192547737
12859848
471011184
856176215
880898307
49300395
303250681
979086726
840165401
590214991
98800371
299747856
950536890
467150643
240335125
332353515
948596169
279476126
646953578
773257446
212374003
416696010
835352133
868980361
165992545
596779739
219743766
606573919
691662950
909907424
447076960
905712939
788590167
749973990
208257244
304288365
899108493
379299827
561952654
786020756
845609010
440608308
544971328
748139261
30767359
7280663
206367856
782947120
854255444
916457761
947081413
150475803
909224508
393155346
913956112
9720844
510329995
15465789
407921534
706540391
840480376
422763087
491951631
379543960
738362161
787081689
480171432
400468323
461286461
38593876
419818777
213225522
140922197
729355754
809581093
151648500
695932386
729664475
371367579
6966008
845514789
811949404
319776857
793008648
338965870
859689911
477882517
971750030
282262398
963789507
687182756
699131566
261609017
482372449
908812081
295501735
167615455
2638293
355640145
489895823
341628569
335898480
569220495
629165469
446144312
361140216
96675824
536388794
289005128
532694073
960861227
377672114
837142481
870921266
78297851
463999119
585551976
602603314
750568584
977496867
481347035
599369017
149849532
935120081
599703866
102542151
526178335
653921233
688081315
113840306
275723533
217505
109544987
149689885
388010272
742293415
508046973
277076447
95021932
147533438
238928836
28507508
852058397
863236178
603802725
723936931
506211435
21238484
403995454
138942032
587431015
488878276
411397198
773066421
631147494
561818000
375162901
379359399
410827048
732450854
493294009
570914542
438160759
131182457
261875819
824081949
921644637
430997893
222541896
965258238
899223877
490894393
525246902
722281515
272937414
500387433
520735835
674121
178583207
851955265
894869672
668060423
278769564
82818983
400439243
704185050
468019760
71650440
105274597
283298743
456086765
955590758
374692708
567499775
177146057
413359658
795110316
451993183
801899567
260751756
156847246
44417892
220344787
803657775
40234125
768639665
489853915
502590089
286096183
937320581
853644505
881179916
231057833
646305897
183054190
212474253
873838618
892364149
302285273
138016355
826551965
850094294
17194925
546869137
426731119
991220756
836356913
240407986
26148396
280720040
552292708
69729782
571340982
568221203
515982112
677692932
875443474
548313511
885735081
545921446
994417938
348220204
846529376
931721228
871740439
809559723
885491434
901973826
234619129
17225774
381315432
990238719
951142726
214280322
458783403
206399618
30781383
699707543
547892356
19233435
734309910
249934263
996224368
171721432
766314648
77643087
676199206
13442974
622132072
864489287
891870977
699058447
155060274
499354779
505801573
184112992
320977477
982745673
578259283
639147627
947270431
256039373
31723506
387376235
922328634
581235232
437400273
918940590
914421045
456106757
7764100
675068266
736228462
683009521
207184468
614235050
269930853
221255551
121529918
261952149
380072058
3157488
633672214
107324244
710063118
81455555
352798332
246549097
483789501
531425918
689039840
873872939
861444602
205676463
268237211
651646881
588208267
810834984
69564792
742889292
751691701
721321008
762592211
237327457
549546591
541786031
228977143
590106237
28674296
994734624
981205873
723513621
169055947
749056348
501457127
995108578
153512134
971484915
544578080
607453323
375957163
623855713
32655331
248262952
951696094
216582255
512698391
396660997
175362215
733321206
297971942
670933580
921728338
487718059
89956996
271101047
704349096
500465148
543206453
203532699
352528387
247218002
509272744
218171253
783324268
824739571
222239526
418717694
778126741
460125056
22739244
208740664
375727454
147043364
709034540
773155582
265595640
452542206
730290811
69515758
769682664
250600349
216556706
50596793
711405088
331479289
538213425
589104138
984321191
260452621
777084479
479188708
519739070
184851722
600909080
271397056
782969537
146464791
321372017
22307533
136691550
876029664
382805707
128022648
972321949
923785095
377333453
418313391
938653672
895583323
478333394
344363235
195784902
9402091
823490497
887874413
285233311
903283380
232653343
953992544
344506435
472693434
939500813
178762641
838827218
221108765
579743705
246763644
295682563
232976327
511785460
878836408
393731169
778293029
15378358
725754776
61070515
675857269
492174985
732276526
87104167
708462896
531459600
435167762
388601715
316972130
532069592
672010140
261693331
948935403
369295476
215805687
291614647
517058768
902963749
636702509
958115114
130357125
405684591
139556237
564669491
793997643
48798192
571182347
106789141
801092759
825840949
327328768
393731837
993960252
260256930
783994217
71430880
995492216
912437062
283307783
226865196
368289073
630500999
52894189
536553640
181903709
727660872
387800022
442065407
358146039
856587029
362377599
445998913
773286275
493771419
61984596
938131643
394488627
143794038
42449547
442298605
844843926
975096682
793441627
102535
222802070
981247619
960207053
746083005
128622479
288935498
479043964
525036578
803481005
504754377
482587728
62436644
622977205
892270512
466873494
946245534
622007753
760166682
350374304
336219830
128745286
478483396
885785410
853064840
987816456
433274065
290219920
538367657
664687163
568158696
26884229
467879547
698338106
717835954
106439506
397685985
722454671
237845974
63260528
638823429
311831292
734654522
475559521
343597947
967475997
949741479
764073215
523519802
551168048
127075284
607736879
867685866
119228955
265728160
35359297
131048502
996426821
537424561
228580516
529996145
617525959
820624278
997893530
10222428
885759060
111542254
112957027
598784273
23374557
668435763
734160571
34045664
172154559
957231514
760764203
89812211
823296740
606351790
207395793
783116922
617003759
267845133
978531071
275864662
961696779
971342200
315182428
13663364
384957551
825166429
617447180
879093050
794770438
13348864
282631429
115856236
422767125
686474833
349802263
720461399
29502249
619983190
544759514
336824876
203823556
579472356
718756134
994799668
529659429
468508945
989922301
912821868
718060367
288495094
138588771
175070492
26258962
275500754
544460066
82053197
614553105
693590260
563689830
398872655
904758067
899020630
79424768
707546711
589134566
970604642
764019845
805311039
820980075
843355809
524831572
912231508
122581919
334070815
423272792
931303519
780363730
512237295
605833528
507082277
743928818
792056413
372530038
168507495
87761456
370447647
61728331
159679272
512096068
971383453
997860440
271905781
859022489
59510962
533897484
242911272
195132510
281164773
950352895
695913565
545987612
282219955
3143207
528706920
259410986
478190003
225321786
177628203
4077793
520326811
995022910
343123958
255212678
37865354
527879262
357928018
536897677
657528350
543521928
21885609
613569624
234511053
746553276
926806358
587659907
348913453
982912015
322245536
97936108
308924631
337057962
368023572
754602833
4422894
551628629
910892487
285911749
983893643
686801139
95625191
753441327
901051796
423790346
114873609
516857468
706722652
460227116
792035265
669131033
347499413
452915281
747622328
879299814
445840973
186968217
228681977
868102284
75932380
970088837
820174648
814160126
960166354
182791649
880540718
578782026
800238759
280065002
940975081
233455026
839002726
752089264
699443540
158588679
767934834
810057216
216370947
300265030
65275885
735641559
499695188
548422731
117515376
584899652
713517878
816970100
352881586
315846413
562115603
735305495
210351475
991318647
369852481
619341918
49869182
103323534
91194235
279998591
873331558
133434973
466368975
172405326
213473933
884347965
196665775
260210745
405389910
772052150
711644250
476395958
676556750
693214793
125645352
35446583
731865125
595149096
602062052
287871518
514241789
757968201
453489194
424898798
785514384
930246945
319143277
450321008
925416062
773773935
650206176
768042182
370732808
859573709
293555369
721939246
366442120
107338872
243121438
229280933
573488256
678245694
206175189
401964295
355827606
919820470
342474432
864559358
38346341
163606385
645011394
413013666
582391894
750312610
520710059
859100987
518821303
12845002
338261386
46971483
35542959
945065573
690356206
658610835
410991195
980242106
431658712
16260785
58447083
949713730
174530637
506836324
619574807
487238110
215314862
276544915
457959089
197073681
948812286
107839181
787429872
372205392
623949512
128082650
343134800
587262644
644940133
414872409
605603351
493421313
886490295
22563831
614943832
181343334
254644024
48921728
307777029
133746935
925511178
468693871
435508738
753687192
761021189
571847808
468664285
928805449
313612740
595377363
944533578
53373058
693618640
147100793
223332997
636156168
2076301
483634603
834477369
308647241
809898648
338000325
260536127
20051005
404053912
493307223
6939674
870472686
23840380
811033058
285087334
169773205
787058266
466677371
969382848
461925460
774382097
206528385
775234290
190297008
703657726
489096215
531248848
677730091
721720737
961308969
499903725
631163675
388386837
588529085
445222687
826198185
220918970
426934706
600062145
587417564
545074274
252542415
850959626
491488180
989189173
611599220
2404022
990587204
131093596
148489961
299385209
828837790
980042026
558096608
793920740
693107849
577762328
819935180
282003902
223442632
576558770
778222135
796647667
679470949
289745056
121642071
454596403
518860401
770259619
200181227
809314163
543060270
516601013
379744717
282213016
93468290
240988989
574403634
863538793
340823840
211820767
6743890
800729869
112537998
711071216
458913937
301073621
862458049
280489407
182804603
392301353
364375798
701619817
483548933
33484813
462094209
93817837
970738028
554117796
593528379
965653752
197590143
822977164
979158332
471320082
612624675
174807034
65103288
518493847
359612776
907841205
798491724
478758038
899156610
126096765
623392019
241359366
945178524
147792675
347912686
321621729
140388265
792914308
29434052
376967607
784218629
97240923
478352932
737091114
766463395
464709174
345583991
679817764
773758220
789970009
569434526
210180057
551794854
627109968
411741636
392090390
630460932
185618303
173264948
411086956
399860216
333725442
775897628
828708000
833202626
780519775
878069667
377766063
510559459
52740924
449155513
14952836
82144622
128751029
437662504
737709397
307865698
86061923
496363217
24948356
969272548
551001428
313018385
343957051
254360700
87104706
275160365
108074952
219751668
290807004
860168058
9682178
109157692
711846765
349117786
187725129
130744097
650046107
422109243
72577601
646540714
974650160
88647339
301647712
657702138
991690358
83857704
400339003
99110526
176197410
789538620
85991123
352019867
211507848
547489375
984852553
650137999
871818800
292815383
925374764
73213271
212226143
209500011
610413086
542928554
533091760
274163538
433673220
162310082
421879240
908956988
14334989
22182953
147878274
896836693
681837077
80608634
74242038
486880553
745704986
330540594
492591071
198791412
551711051
330476160
302991083
65728701
240869148
731931454
903241174
191868493
481011664
631987343
853475090
130312752
441674670
148652234
257124930
856779023
887201676
33793414
773026537
882834694
28416504
369818411
320083220
501506985
904509304
589024002
529014731
457400600
718733476
822755936
186456858
830473714
944960265
766909898
55931762
332470397
49514392
600232177
795957096
842702567
10004940
61383098
330251022
742619447
60604174
896164355
898397996
934194570
980746563
912761740
799127656
15366147
303955710
428880010
15605112
225386868
864748387
495942924
337899199
407107329
18137409
706768520
383716799
913355744
278938232
271000729
69251143
645615323
317591439
393460600
412096293
543366345
820109578
488697839
352490942
41646497
805183677
565316687
669680744
546974594
446639331
812744749
141965282
576475562
342919361
33093723
597814793
79632983
705830186
835622638
715531782
908595242
631344824
904408959
99881378
806860461
318081523
602028846
832820522
131818478
22665612
266558910
885355034
933551473
747772996
193409608
155121112
532059912
5103625
396288592
928812566
251260080
143788376
60289867
183685721
235685440
98614732
244004132
391331724
432146579
316909550
976967264
886188095
374361412
200424307
378472983
561258128
569448705
82715960
20439451
425158019
66351123
837710358
153463885
818716832
976070905
48750100
940404921
228786229
687392105
338919382
375971596
506130830
888685796
132917036
312621574
833887502
971078745
726840606
49150795
852777749
711943541
744788301
273885891
2758322
564469260
507975659
65600860
445067074
80453295
830522331
319964513
233425410
609856230
774143520
731413156
35815910
49021977
282434961
884192076
761798357
328053739
69849418
319131802
208432753
47076169
293436872
642790856
544189157
987524710
137577226
132219324
160532909
579102901
834532710
625116110
102876319
862722461
16961253
523978042
396216532
374722947
930380053
120756016
911112751
61352258
297963677
74394195
869922304
204832829
742902367
286892362
415695235
547550220
991698708
88192169
345037734
380266165
850295550
53837758
641760816
961797746
897104025
916377698
250112915
973088415
198757830
870099775
743882841
943454320
176623174
509980453
669893004
590474213
827744117
38490012
324523206
159216274
946553643
426233674
323947320
21995809
543611421
40681840
507628789
883126102
221539758
153554853
343370390
381517092
953302711
667299113
835952500
859952775
951378190
888335886
483985777
505400289
128439367
331718427
997669516
110828067
444795273
618245022
150331684
266223363
88828159
204648412
493483348
603804688
165482297
940736638
658801266
998087438
457267615
346648292
492093560
881147435
152442506
572505201
158296504
781315092
984968022
147546511
799827380
807762975
188469622
897317989
788366627
130246558
704727402
91200953
543530716
329955659
660271493
609707067
565492429
578566190
684734672
480954624
432610040
374927736
375398603
691754235
871671392
561090891
969275864
208638865
803411414
998068224
941458769
541579994
854452828
709221455
229279776
572182596
125680475
118622643
37116966
314422400
841784302
904850619
567200617
447119284
2732907
141286978
239344942
683920230
748672945
565384455
770313587
454663313
903303400
441986935
255754487
243825808
106897129
519641875
749778861
75152077
339153297
530200954
943878687
122023535
51126603
873920201
440599344
274589454
763421786
807453862
569070166
992482347
110079003
420324204
258043690
171437153
658341419
514105070
180094765
59294734
26329023
221818276
471135406
946345716
543277987
10756705
298276131
580697833
680425803
222222826
68677046
187922098
379205816
105159032
712355560
772355424
544592636
537651948
520858042
91033389
894904218
130121104
543540620
578246038
348256570
786423356
203294105
974605968
369629384
52892186
238135683
917488843
803836477
722387850
308671573
93660639
656194518
191770506
379526534
516790134
96645993
646492219
715341262
838804404
760649994
946670699
980518100
702181032
832610536
616305742
958459002
580745265
946237155
957583156
572855409
817893938
605207555
344415832
354910319
374646119
321008506
245266302
323885409
574536176
702699655
605937797
415471200
482530265
586702628
430147676
424388926
486378135
734328849
771322619
563761062
901818963
837144756
713384529
913364848
589305986
374342778
107577901
68858007
98290908
849479880
748167462
392737051
212245218
773819971
121374624
295594582
835925684
307299264
820283360
844810829
430834113
706781854
299854693
838726402
85753815
356075083
365135602
838788672
253161526
657534157
800624192
459364572
622415640
66009267
491961858
557451676
577044320
578257119
586481227
12393347
699544432
536753580
355993639
240934720
394205480
978510657
135358930
111819674
904964210
619431665
653293778
370084105
9163103
573929972
397867591
205248359
725745265
558232698
510011228
103220705
67530763
298856653
548666524
54591502
622513313
128622033
252725849
736469495
379804117
902976324
54920228
122883683
570761605
682469950
760453503
108064335
491382336
237875082
71625467
224505198
912530938
498485500
85299823
962779229
678962357
824932317
784724935
138942696
142995555
754301532
784832112
482005507
715982792
444048302
760426317
89636160
916942210
291780924
720788067
576890685
810387418
471633991
599710670
33519098
950111698
538143119
684281
454143286
420526550
828429978
507845557
912779872
443597881
690408088
991315877
941893531
793700686
172796831
644650077
75086548
521640899
21725904
388290320
361006116
399211109
62067235
775436104
339141053
636126069
139312783
541978857
499171972
319597877
312947581
709827095
450146834
368694712
299975430
595737314
4850002
982683249
395688046
209859532
523648154
880538722
290822459
25623955
928229377
821387297
181301275
412893173
311034946
672947838
159028145
897240433
822082297
568831772
446819147
662028669
76462211
232859411
896371635
446538563
848909828
77913089
337136211
795433584
576203517
659298691
764576107
526864222
453981280
768843277
319030043
814119619
156745974
893319859
370009411
715062758
981167971
858489513
860903914
880590883
761631120
775778357
478050794
233897337
201700808
873805360
716718591
652395948
740272667
920033139
379358839
936848762
585562012
475429143
464134342
324743295
910159413
633975394
645149195
14912831
293924806
388485854
862758330
904418642
847382298
670644
70825949
735674166
494433149
62929877
631833841
943756935
152440317
584072611
421323615
708466641
57155989
594092858
638799706
172576162
917359388
83604149
619605325
553485837
744683404
300993003
760640765
527300127
769190363
979695090
533864590
909531721
135339630
894835160
180416770
228960306
911901901
630090056
402309122
386668466
866251539
799021357
178554117
861071439
893578488
355815570
699590209
80449953
231599683
58744531
79141512
821245269
697607702
333156025
318890530
712277399
503024736
356911177
409993554
911235000
319496109
391659190
196315288
346706007
739911942
108969468
38662103
51493701
156496233
807589011
243956863
91594066
897015270
965847869
962767316
654493416
389970012
39822039
443736411
214780373
595037607
571340269
108895775
763958065
727630681
923322173
579685806
705267451
550008530
659672931
631289139
945494228
8684401
497297211
681934168
412088873
280582821
682295944
500404180
508799770
553516230
511083607
254492581
105935097
724030423
861080424
875853058
225663485
940115995
913224920
533095892
131798581
420972883
683942491
177242029
981484539
331908239
62619151
979045546
656075706
369435702
135562709
413310004
176394491
853898903
728720832
510809058
604844211
776390093
450217308
185427942
733488184
164622351
418378618
910190797
26147669
288624478
616955427
870472140
513995807
232812232
920352501
901833703
99271423
723644538
479945108
577783504
130818604
379065648
59971569
51698876
350851569
397048842
913332325
193883737
822501298
783650103
834669765
119679816
623901066
306304870
896021110
719472146
844852142
539478937
720618126
91022285
635898173
716291132
678877846
602416671
957108284
750343511
13890317
457525662
216888927
611399463
625032821
803073610
728299196
624369145
978284265
772699078
516369726
34300390
638613075
613194211
547939663
766371422
737510814
839579431
669443259
561762326
943076114
44302118
692949195
90694623
195142319
161582968
75412929
371984036
14767282
292817393
95045185
492963739
446370838
409403048
694399335
624976755
531435837
533236137
55735782
873334925
135870055
848189812
650148360
370905011
612892174
786224401
543960519
874892008
996620270
859249579
716258062
471539875
357748785
79943976
586640299
119067335
286199688
291892676
305139819
609646791
170168393
385316809
17726404
552568902
47614467
109332806
424177757
577818873
451755855
400980659
514258892
182654202
683286354
851191183
912167341
116295671
761172346
797035621
878107871
339035924
38030349
15229493
469207491
514341892
755211345
941992662
126511913
458267801
440291843
663437665
223303642
980045570
332632841
486186240
270730099
69911613
834731379
30531301
994097568
186715322
52828396
991467833
422301119
797385829
562657659
772633488
436596866
609388524
7253217
399370350
817344314
916165342
252095336
938170119
462313697
463832262
703526446
828359137
269403871
139346195
259767850
21334002
699360648
464882527
481836110
670706471
634858163
489957289
568662333
46829337
54891788
444564671
519799544
807643142
366380778
14136010
906203086
715290372
542536220
822573880
398166972
244944913
252909004
417168233
828000377
714643077
35444862
441160598
487995091
303675800
253456195
84899995
393957152
427025201
410490869
99806585
12217970
396214651
648736417
384554959
260580304
303747112
520599189
53017736
113792495
963714211
262656557
722506683
528554128
788450867
817986300
819698174
322118008
565284151
120814868
26004098
944181309
592490664
607473466
435588718
434018137
611396375
670270809
566727249
578466502
624383600
916665549
264957526
741577931
155989448
226559191
207178252
180343872
405587418
801748154
391853091
274101557
965199590
573263169
593710513
469163553
652314801
334278712
217866385
430823832
683624498
634189264
418598389
916821257
181385445
520899446
65879745
714972675
513504001
401694474
557087521
267712785
187083065
510847825
546710064
858731856
827280930
181319786
805681682
598075812
866692098
632626259
310190638
19645971
948936336
882862901
125279957
108510952
23195370
482938168
256441843
711641589
422989752
165854132
451912549
77559990
89185035
161958563
253576688
424563905
885757833
63948159
128145872
949637396
385626000
51875353
880864632
380184012
693846092
960901545
295319401
407864914
946769823
861254752
721525332
957145644
143727398
392181165
358173647
611116288
645525203
460252370
526809590
359821707
352948712
868465364
782764992
167174303
833295654
890496941
366582183
322775987
510669429
893132963
391266724
533292357
296508913
15680169
41715122
962544676
940968202
584568032
411590217
375218318
668131731
558574289
134615213
620254713
214029385
542586653
585916857
624830263
384654944
294070393
18816108
850062872
395193116
165638143
663046207
425874820
796891193
861016904
600034078
161049569
972188233
989680697
971798193
380288668
240274498
198726059
429464762
329473630
282696820
99144471
912513540
516219698
188317548
102250533
297430402
948937557
868786187
746297272
714037460
875541785
189989925
579841515
891426909
36686198
280803329
939135815
298719353
888251503
29389931
508503770
331613942
596210213
135277618
259645520
278515103
782085695
805995
633191702
548874156
624743528
752166566
211604934
209634283
162655285
13919943
550115263
10630991
800110455
448604026
618273755
68383134
383719021
44903523
586232744
326426955
902570514
927477946
408073441
850297172
653285216
172403715
898484653
641007474
852154209
477647723
494096283
639373013
495690647
312931272
21505156
68358764
248446690
783243602
817918525
589418173
414546026
357876454
60125502
162827788
210195024
547278430
138109418
79475824
972629100
816941344
855323794
785951436
527585195
571959797
362602089
726966286
125644314
749919654
26243138
247194434
231264057
884241977
211552576
157968359
37120475
927606743
68063246
472599560
300182227
920972826
262205898
3119696
36745695
393662718
741135013
360586498
468491226
387588473
487772350
429740509
33093976
501451473
631252091
953658127
99647754
321747031
771109596
310774420
165312794
160370698
952654328
211400098
389231970
385714217
674320035
435830968
179766579
100529225
448256746
839539950
766996106
666118729
367323739
964679013
354733870
290394953
23311127
903666887
580550377
778799305
669845356
157075854
83190635
783687353
494562533
404093703
198523710
291224450
400584104
642342578
649327528
992725926
461522338
545162606
400670326
972805285
689112812
32807065
39514031
807348188
686740759
85308426
220364392
800253332
564790899
212286972
149392723
818585160
174385661
301485193
149458926
227015147
562729253
558229562
849283650
838129796
991932162
38621378
863390214
343543140
18024199
210511500
526671919
907951610
33146904
202209094
661493060
778768046
735511310
708300607
153022200
101499753
696609064
382155496
253299618
731341035
524091787
965460925
406076775
602699998
804525911
848066642
929629649
955400153
2825060
746362758
485584378
222044520
968968274
258521778
269310825
417564560
885692053
431959891
163468300
912521221
992042794
487941555
753662178
552705046
419491833
620166699
542779533
577369218
728678478
266451769
311588047
39583498
618064935
767297396
140280570
688007188
266879379
955424160
615499916
899002327
19981444
575325013
144483734
782222428
881309033
260310580
609631629
981465031
370880545
384945258
611499668
762291634
219212830
480573083
238657871
589925580
998095952
875683093
987006641
798288706
698262533
646689747
736655644
898251141
72748374
291412423
919370277
648296022
764419466
718870356
737561516
46389740
662383971
679832715
742846734
507200033
525494390
373492000
975278393
426371328
74447517
637118785
10302149
371625367
463389189
166984040
911251982
467247430
691271897
65387653
434026462
960489435
226556101
100215288
209553324
13525654
259041040
321485240
48764304
39285616
124789105
462584313
836120471
833936552
760786602
846664046
641481459
336803228
507839797
778565050
443641084
615687677
230617468
419625255
339789092
328259557
338396894
842387364
424561828
922798547
161691220
21440254
644504608
796493140
484255388
733837556
263351016
958111782
46741167
470665606
911876613
838548205
422221370
481197987
64858520
60428934
435792006
686520218
816730994
590578381
890079441
187808755
269017567
547375436
284742031
472049703
729413364
969770087
393044808
522506667
116277182
903785674
231363917
70889861
784137202
487094298
629292112
586531480
228310633
730910627
677625611
937460361
692183612
682838482
607564264
278417256
378617103
505416097
136679711
677055130
433044456
113674374
297487979
452305764
566458124
928329438
472044200
515441628
56846002
673731476
791596179
236695344
10933017
634771458
799837058
421818090
523432701
79938245
580293971
979684780
761833670
234754237
405243766
737609655
275480540
525023139
415860299
209857554
795135070
822787129
346207744
641387266
415345020
202432583
208614724
305813906
579462368
631786627
13494179
370666633
427970744
507509542
120123925
466613375
61151604
372780962
686997169
472592689
745451914
780834325
940066266
279875151
308883049
236442381
132813922
628634738
856899117
938825870
641031065
837538279
610299565
367083650
907088639
409336626
223525943
605259479
869409796
991282476
433583962
158159900
42294987
470247994
159443384
554191025
881148479
131513984
511098650
860890950
566623572
270054025
617567021
283131635
402773013
327329561
495870237
845053440
829506269
331023837
322591163
515169980
650064500
483046625
577096182
426574610
650444329
253621191
358040179
356102464
40668283
195506869
857636298
365992048
755642136
300638375
546774290
553973525
197578276
460258446
721246457
810787121
82841799
74032348
162618998
715291203
290388126
134304495
103600975
436751034
703877324
502364420
583013114
815168477
168367632
512724905
614027535
2228962
512881522
778889410
1692343
945796769
844760919
511666015
816311223
346002666
418138151
889402849
10035952
235222830
263130722
369116069
366855426
455190126
310927318
382539625
421519654
73371213
31345642
619113121
632636590
507761355
63533071
502860911
467554194
690715323
475180610
829279663
488664080
877198826
588700778
72712663
4708965
702114971
291574133
7883087
501584554
995547155
720071428
210944862
606607152
208249060
776294559
767471943
60125913
237306610
743381573
82232634
432012362
634322261
425345342
871672741
948670302
121730690
696466626
395457675
728692944
795859146
597621899
142572002
609375849
801687317
696119316
312901656
236003335
474092412
476727041
861895022
585349148
650903554
736551488
593590286
209540441
444223090
457813096
874098409
917334360
38082770
131581565
446903688
516059641
242935395
323456865
398501737
652422602
571050892
165503730
129888298
87190981
882870258
676288895
118568051
742146170
495500720
286611232
962418384
552241918
90892579
508527287
77776885
959073747
955592054
936532213
538777626
845041119
508765307
983845462
416575012
908571181
988900492
786626885
619511545
73580499
492220186
274823541
111723249
366100524
416358971
886602327
913607818
253237603
826757963
472789445
128378274
221902471
241878479
832758280
41592921
561235193
621989747
414631501
70100501
204833317
907755098
745007436
301487647
539384525
305434414
971948437
634784677
37500239
605051730
139355672
174944338
869975430
5295159
479430826
308597288
565677761
260196661
321861655
288819377
418742955
136005841
819123449
955020939
195550827
815398474
679746279
514686410
436727365
457199023
604763580
319703639
988457356
381932936
936803429
845162388
600074419
12512882
910005866
631006265
479287613
695851734
653034054
96829408
481160711
64855123
631609146
361536487
256468240
318937850
261729591
948598716
991797435
13027044
49588686
602828383
454294780
511434447
814376516
452330379
249546206
252693977
948594977
818296378
505694744
262667343
115350579
794940862
91113432
522006565
128348310
875746539
508889053
605495510
925778355
972925355
696253858
369339415
734756197
621790180
338415172
927795335
243401822
292912566
786198892
221957483
452828121
17293270
480000355
988307317
156914270
440460339
378318285
389750223
473815052
930839881
130011359
876549897
93865869
10779776
565271847
356361442
209242450
278611193
718186943
267983977
377130884
891709242
708803677
823675565
826507600
445099849
784659111
972753262
605146494
894360841
350496818
771480488
248215140
64498554
892788269
21256874
94939251
835469631
596106799
781968076
689672075
620820047
381093445
147967368
745015963
683792380
624885098
795011743
785145350
757183447
358639579
593817031
222886945
397809404
435170972
496356093
745669996
460000443
216355040
418607142
983697991
724753659
976896798
453504215
685090815
836944093
658257828
728600690
549942680
744687089
870527972
473160598
276951994
807801609
72376033
820738481
549031725
706869559
491725965
21852809
613960122
543622891
565726332
580187194
172950488
564850262
141136040
503336373
369078754
41414495
352388176
811332739
865952688
170470055
689610902
975201880
278579146
298099868
122078324
235746400
432544550
361899491
711268926
463537026
375957638
153238206
313840465
753024888
385408104
327443857
336102193
468419844
484395443
573233917
964833103
426875549
39625659
143455406
488153788
988518650
546607798
302290819
245622365
407237000
988173715
761480718
491892186
607355795
389806060
593638868
889143274
47788152
430974407
130475862
343353444
129934372
146301238
256659672
197028378
836628655
61768109
362418349
145859479
660159524
896084955
163982354
792375748
351741859
734953450
737437000
513469467
195690244
951818837
759753278
807436868
494485893
225781954
554241671
196127791
335661390
278405270
359711023
599623594
972679255
968680756
542073292
572235547
289363804
483195770
751970967
