687682639
945980434
594520007
564889796
698888808
401563595
568799862
698365898
801991472
861120414
860835864
639086768
481551718
811441834
535330418
298891454
173987576
226466423
52758120
699433226
509899420
460461565
494599844
963711746
687513003
618497587
144199135
986773974
908062632
794921232
177217297
283978090
31497197
153230518
789042733
798719851
90538054
444834516
527004282
231436798
417892064
8362513
874846623
102412102
539256971
921961564
672485916
235144487
705359266
192968636
436240285
550336315
392375150
287402862
685255652
400617863
966927548
202039680
739633038
87959162
488075025
949768848
125852936
266532668
121541987
549462698
349782353
305598655
808971041
604058336
668075743
512149976
914309935
185309351
52146203
148015023
715616486
350122334
918711116
196287272
818991358
739748442
618139747
100388792
69368983
748699534
664730077
959043435
661247559
815242011
171248418
235576419
576949295
161070902
166229900
562197034
613255592
513557643
156198918
813725970
978953126
439851909
91595545
415636422
656190391
341857093
703641863
530226656
679958069
575141384
873354839
383768730
187345395
923719451
880642431
118940545
292944989
617372058
123077881
516687124
377291429
929347225
758799760
442474556
259930495
696433080
505595967
501044032
175585528
486776967
778460281
253769177
525938350
505180417
300239030
879439591
920651927
775928130
594106952
401618106
657688155
937804037
508597861
384060164
55544836
669138166
773661445
220514962
443100977
176696879
449011417
153215155
832657875
190005963
395691962
910276377
437834446
832479029
439813104
321575251
559901354
601748843
726598030
648591652
675686713
282164901
337826248
378430239
652753498
760959589
43150126
311528391
616811850
446389615
708392717
157834048
930435920
847160845
20078353
921976132
187967904
621004023
585490660
838291775
193479383
992603167
458049311
683050852
336330578
721263643
281146255
879418750
712107651
386861901
976178920
772739706
788262821
794937294
617080871
843701219
797696878
813436346
430059872
672302786
231867618
533816856
255730076
397215106
764126360
756994373
160292237
769500742
739603772
574930241
938199256
220520224
952255417
746564595
860585955
981073696
350600980
536345966
490594584
425492765
333521748
668712603
151514840
660278493
126062453
462624912
113073809
139646596
710882053
231325960
962840639
195511258
942092339
589705528
897942232
519629234
813828862
304960070
203476824
51953343
480740641
723562148
43662048
440451903
690453588
655686238
895798101
479893606
303865884
208920130
750961126
440593989
306167965
156243421
658205303
720037969
756810896
873583169
723928268
597387648
805278408
21625025
7638421
804195678
757816170
356713207
608191378
877926183
276585507
120673501
176351521
870012843
561286027
957227845
11251847
658700328
941034346
430216611
893878083
832361599
759367491
872245707
28057058
675719336
94513496
254689742
601151817
895029576
908029269
17577162
2784704
283479121
554182357
114633106
267341712
118711530
165765662
106691156
655831096
681949511
763182164
454460108
409100385
303292948
381919608
531212157
679323196
20588964
391549966
42539231
96043755
528017703
908415479
471268825
706232853
320170198
782765386
384771833
599059614
181055490
307990921
937681367
804870388
499617927
501048573
358941083
38337913
226726265
746394912
978273705
403890780
144083078
978323827
423226403
968887663
271796268
24110189
545439104
113318094
483656021
360740913
650001913
370251309
883761582
484267391
372633239
165442598
646543377
801590086
641279207
586495918
280242127
788048545
768472909
724452976
179086157
244929064
609794477
313183260
134806549
490835522
709794118
555230587
857305373
857838058
705291263
525716431
792831481
445084216
662634118
151206386
394045376
18238976
810706672
323428692
967593018
729863664
296066713
779106959
356223728
652497796
457320432
173984040
345996705
223369136
674640973
703113522
108165105
361702677
613890974
942035024
287203019
27653969
834902162
838876908
112589846
56687504
455371671
822052511
235383673
128909152
383685640
314563279
51929110
244616219
386206175
464156884
560256784
702785742
925013229
470598734
246486659
507657179
120198905
562587086
579206650
761403990
754644853
460217303
124871323
863848617
948586157
183348914
853748063
547025077
66619585
511435704
290922045
448768493
768759279
738033158
345255644
102281991
149528091
431783571
642337740
457898048
295863517
601368130
704438389
847790402
438980987
477651757
733960204
464025061
305139792
733181496
828517570
61553974
671331915
283614012
715707680
170821773
949945184
596849089
536465488
109702825
27845203
596486837
3574743
738394463
861176377
694489251
544135276
214262691
28367885
140745988
207518800
752042898
133808666
379490482
574497006
685773198
392191636
785643813
869609301
293143539
524149419
263131150
392613250
643760346
888633072
28064966
481467498
305142711
654199100
887981296
677358755
188984900
6370328
179140769
440567113
901235349
280779209
526738598
893714858
956815101
444645788
217997747
734684268
797299030
467910720
531566305
876141911
535740447
974032625
872904061
788580998
562496660
147351494
809375063
186928265
665775854
515747968
531965871
347751354
776594414
110386613
897683453
549295584
503336033
145363586
870058857
820875242
860842663
647540567
810313700
735957816
15155609
517610285
932393347
57323675
686924281
359828093
673193227
595986104
754510765
460187458
332353532
519263742
730464595
843816874
988371347
54493314
157629329
279577029
805418333
345060146
264851318
715484333
232183360
577196763
621641720
846383502
9322364
674602795
561071477
951474650
835356731
231477121
22640797
630379108
370280752
803216286
989914760
547221009
746488053
156613979
711619144
830558495
289849229
771313422
985627986
460745614
718744377
105866114
73681462
131925345
734485275
608573246
534088808
659826387
194441770
272776021
486652027
187761271
491786419
957678108
531107580
951749173
966091206
462342556
854049598
953317915
832211776
481711510
687225604
989262366
66999676
289576178
714355470
686059290
324796629
377529372
334418830
467537341
387557238
381087082
676362268
850204755
340007248
312926304
861114996
617147842
873395509
345052179
922991617
775346982
628245107
273743759
960818948
798017300
685780226
264392393
355752376
827498863
266330257
761132664
548636612
935487087
980199056
858054150
906295196
354957932
220803647
309946884
538305541
576616796
356663031
748576302
358754021
27096942
620433406
48304485
650372576
435774775
125976764
283344080
667089369
487899400
380806530
531995785
836488586
614656274
634993679
449914644
756069137
550463737
509776599
73829643
730139467
955717079
822343131
989745332
488621994
488958922
232404409
679762811
258627903
940880228
170691608
318441456
973551620
153588036
673530102
534959961
190502533
314158163
488037602
144738630
686852010
164071597
789081208
5328004
210136528
889528460
714337533
433376726
279409217
559697390
590045580
727306362
943982366
52297427
910793069
105972494
986177279
142667528
123668579
517232373
376725124
913278460
830009710
491156180
983943626
994610490
942637550
407763602
474568463
149115740
971211489
224711590
268126652
771516032
318163975
635462887
549383549
831325300
549010338
50780916
594603870
283224448
362982044
306332059
394917343
500052301
200149146
86035061
598556690
751360926
195053282
982399549
859948148
718933553
944833264
953781185
580662300
43591330
88181578
522442647
739693228
94588846
912071345
907661899
551714174
897666567
590777501
521462308
85432621
98104312
192137656
106951186
483346436
162248278
847179099
962688761
754297798
914562000
223653499
306884915
585094681
517195087
300402231
664294581
728902082
405575571
238099497
237877308
736029404
396136966
977928907
214031811
78855391
474205548
75599449
548640832
889856994
653755523
471178141
665423539
107507428
116147649
495009795
294625676
904527047
845230389
105669805
291769627
120903431
855059636
196942897
936327832
526310464
366656355
775634969
978525629
977819405
686015920
857041020
314181214
814308675
459078381
63977629
412850495
400123060
324227065
506224373
127433835
659166050
55975289
69819235
43395593
167087138
887122935
648635599
549289471
634084352
12423803
931468823
770387115
15285245
190219698
896315841
298701332
369162326
573683308
368393503
525160799
498658713
649951888
578715048
645148046
410870999
657718884
709459152
68827818
200073854
551710130
27246204
318918325
585488616
663704672
218605940
776813218
778615918
390819147
25136477
327516755
980687394
972115013
904035263
529606157
552575743
729540115
70598589
845084471
138687658
398398715
669116466
544343232
712454860
25681324
666248555
698164972
238411457
662020756
283793922
440440823
477235953
128266918
937260231
469632211
794478176
581291916
293415572
920659706
845353523
102416857
860745720
659350666
197632775
811315949
923748152
734984516
171009891
455586897
189598836
16283312
680532164
779579298
239305292
593484345
606424714
200509719
77560689
662777112
510169227
285423921
793673631
749914185
684648230
319792886
350282055
880924700
239898248
744169955
941764025
619598574
427751167
656928961
715566424
465701895
716119409
459713416
378408517
547368377
46366048
696349792
959406537
528116931
603990287
462260685
660095504
234258802
589666052
840922872
398830326
873556402
465046653
526759825
862107387
377928933
749095296
419975547
332217956
765645652
586577651
900938841
243829789
83892221
1779381
932668337
19300836
812133023
201906369
124696712
615279801
650840081
314082967
698293895
147820236
698208933
875533747
504679203
538541815
194227817
982310468
960163558
908219505
778931941
678473458
22352091
176288988
522510972
981836205
835395228
140194931
845024267
599640707
952225365
297411387
512846268
853234070
512790237
380478842
848812975
670458948
703063877
694007469
870235386
570181406
935524314
822248587
506451624
390577583
930217065
739305855
411197364
252470356
170457004
783560371
66829771
866951097
335587535
243737883
612932321
163556006
624547473
989737188
94347201
353477989
342137356
123138971
810233127
511169958
458792291
131064886
480875755
982051747
274996607
469168532
51613576
938084784
641591232
530913835
9468487
195161099
317222372
800140337
515481813
345828389
257224417
248217157
433261288
692143437
454617220
613381908
942123717
294606825
679887454
339715689
215428028
909110679
689722812
455720365
385187661
199817859
630161740
790676149
408401996
80254386
753807780
759159026
713789387
682648603
512560886
447451020
695523467
329412641
149375123
671968616
774831881
98268801
821707844
246236423
243413728
223309035
954558359
453546632
525625531
515224318
101738956
651753707
652102150
682312605
975560983
679962854
770828109
269150201
464612626
980031773
804230083
730433074
273984218
407097993
659110045
891478445
614358692
784643425
458708664
442402122
561235569
796788636
593634824
989337557
664469546
491977799
886010429
765404480
30982053
966770403
116696408
253445433
252724200
594692340
30014356
362536751
31662215
945206787
566452384
137551439
748070910
934010694
279962271
844278133
353910548
549110201
837093757
251446450
374261306
715031587
564272100
913337972
619824710
93482929
139810215
517279551
139970421
1818031
738394464
583766439
329570512
320776446
211345037
156670618
518794050
114950624
593817077
316188116
627259500
954540031
434199325
221103190
116522400
666206627
366466068
214570023
965625304
77817932
530683341
321319066
758327948
88207824
224008181
644470302
780575845
135423799
387804137
419881990
488786827
501732950
480342730
375776471
404633321
266348842
615739143
210199207
83593298
387499959
246891489
943761795
905400426
357037224
145340319
385376789
456293757
464333967
337700242
659358329
889310934
348193059
435180981
884384859
59476578
691007736
671184907
85395495
412847471
577779111
983192508
663489904
461278665
405340782
954193047
972034393
408232869
484309392
232670712
335423433
792141611
787461052
965554100
86196973
364518604
415208051
226605828
848180135
740529961
824740811
613012523
8280309
606265956
823649044
254367549
428066028
675348814
862065629
882921007
313785659
843983969
394605274
163328692
808405235
554864098
969763373
269387429
256449664
4519580
389878392
259172780
287626272
400734634
565151284
937364131
183188859
278477948
336792699
154768912
435928259
221049164
689190709
945231423
402214699
386391284
835450558
631571001
442935878
617886680
548059522
216488439
862977601
19880341
681320236
122725250
503111622
920892368
430229554
581733258
963926079
742358663
306266927
634119079
569479422
852994170
995987023
859682945
191299212
550313549
227739849
417747656
425084168
699768249
287189429
300442218
609106390
385188848
981740340
199446690
57279977
282688105
790300491
726516840
517981110
454301361
558463563
925070413
106518221
629699201
293698561
520306189
963071612
989030334
435199279
939447606
332763395
443070946
657419032
709568922
155194365
627911512
683799814
105058272
648460804
202030674
687074097
104774743
795263202
483314093
628716053
209613671
767302822
564039990
566661580
317219763
33737761
839865091
990959779
490119297
246782570
82744176
404271890
488300693
969088180
742023472
741550239
137221718
625324708
90202038
423078592
60625023
511762027
706501360
476595868
646271113
123765321
752208654
844490282
934554249
383138799
650807085
456855646
558852649
27510397
416351727
990688544
974927427
946502235
786715997
117674802
326707490
642407672
724185839
486686230
305409832
654711157
516777827
491430820
369126970
675101903
548547979
838396025
208607021
182250392
609317244
483056429
309798474
315068617
339413748
648396042
399660323
880892961
214425998
978558100
153402682
95180255
891717784
832783921
564048046
618723042
25992748
545135367
551868002
649235835
274774160
224375242
899033230
251335972
394708152
908998503
261334483
480149921
563551586
163218859
887794259
478319693
802562280
530422481
686883335
749732191
8110676
884943608
990507954
507805000
15956939
410912459
480001168
954691538
749554675
431385998
761035447
411563596
148953467
80752928
195827713
147186469
705476872
558409334
125783188
8245667
184098980
357442302
84976617
20205675
2119258
859533361
556887264
591355575
178012954
591309045
793712211
182273496
915085674
665253179
617880205
896721641
660131192
815405399
460209637
678725528
876246494
346942186
631679056
431275763
443217802
917332757
69712849
131117023
362911663
859353266
402853125
955789547
182771085
508050388
11650031
984163582
825627633
145471593
364416395
373796257
306165619
552383536
696648533
189030763
135222281
813110528
899118297
935228915
39856464
966304667
696718951
789235044
573764826
254119160
652697445
183371461
738036665
530436980
954002885
815829219
107380648
871765122
759166222
634199461
892271072
116511578
87238551
440090123
83482652
828651237
359834531
928548058
658729228
132671670
817374250
706941901
11620440
3472038
322450006
382988123
484337652
287527764
308887030
360733471
660663115
6477232
758171597
857070044
241983975
555946056
379339218
344043930
724706642
147368638
351314492
893568569
67697660
204369575
900520175
396560955
34236295
800501118
87962868
688442264
765318511
599330622
192919176
921829100
192667154
580300424
586662374
49885146
233118490
706776612
882104446
20573450
638463805
207355474
677501139
538096735
232833301
684459944
125683515
105726015
461860577
434030795
621616616
93895767
594265269
306468747
752223317
492770308
147266122
796642242
782290523
524211553
447148890
252731243
105342571
448920007
395202099
305829742
624522773
109418471
844442031
753235568
612370317
637487051
23531498
182844617
689566171
837208960
169134462
127304456
737444028
714691145
523093173
409114356
462420287
898602330
981859681
743883395
265120307
140950805
160325024
578465721
866468186
843546473
226580146
388743951
31954742
578914029
101282758
799105414
918181502
144931412
802958606
302160237
400395170
326996006
403048797
891330887
312829179
264587160
437258107
451313118
150795031
378369487
120664791
431363473
118205401
855471226
458328778
988589129
854964298
552287572
471483302
5260812
320000844
467513689
87015728
335923186
686132831
943476376
282510102
585813862
430686026
925372674
430849657
997358431
189644895
692747953
536785033
105124114
862757671
737636986
528794756
125171578
926479224
182785006
358495709
413600593
490690444
166515990
308032610
213246524
331725714
869324836
870520874
416380128
823712199
822839259
495522133
434303308
987737344
954812875
446599359
462159729
726643885
906768239
436622961
444191193
811043855
569752971
574115735
664790703
621820
265979161
804314125
454657544
855729401
562925322
8712194
865315971
188855536
450471708
293163111
819767839
747534482
882274459
120653168
249666850
718960190
569529624
935904410
827337202
902773429
467912734
11966575
405998633
885424026
907803041
858840100
900128105
812812929
973032775
568248817
623726149
967331519
354887315
222490744
752771813
78479405
259981580
91652297
405357581
880274349
845044695
931839432
714220725
5420605
663416960
888543978
442158257
859794920
468168263
914916553
175484430
566240271
16633990
650706062
584379240
194781316
482674922
271034879
958022348
433596394
951471813
93253696
115370082
1816577
232678578
769057291
976124917
170592894
457722677
571006367
662601949
195831279
587933822
118908539
25867144
174778088
392445712
464509137
499563443
528996260
733963443
527033061
260035327
459808920
676187676
247462386
708058983
3681721
844160159
394053370
111859104
822781451
158417461
715953332
257817439
867182516
902261986
396575792
419429654
458753596
600852311
814490080
968449993
930247444
269642671
541104203
426845687
298413532
680596310
68230326
168845598
862114147
740745837
656865967
889661996
294233796
882692020
329568699
835497640
4566250
110056519
139665154
560498876
648624542
98576444
270855925
38490729
901441966
179808942
295989945
145393515
376120653
954295448
906999440
859806486
33692833
634698604
168057327
134032922
742515823
123577088
589556306
125350380
544353480
896480338
10465012
595791770
466061607
16408151
388123764
42083299
220260814
456964344
217925606
405556376
589578007
226883904
906327541
604838780
875848791
303038581
123802922
553807362
491078933
601029101
360045261
582247256
306064286
936321104
751909799
574006360
580288073
698365892
440301296
766934961
426983678
325029201
232627462
308744028
92253817
401496955
728356552
803255523
850847828
812451399
263919978
457602199
973830489
469744856
392051844
23633420
41912488
184191803
244070842
45795386
596875430
630417387
633579794
44856047
737480850
908211367
61808259
456749219
468289844
127685314
956423782
124518445
741611473
779691553
140749089
876545400
815400901
1862479
101437393
35613335
825379769
772074966
168033252
673785613
962427273
802842726
879401334
928997663
271170136
714480532
597821096
226525321
86177474
44916824
195670830
727196454
73294154
387060851
631374717
830987952
499732304
689137885
570917751
670741026
859312219
566900816
397641440
118425295
567208892
704778668
142139914
137874701
392401305
709453303
201025600
558418308
192364081
330645471
238629670
159129704
61919374
855838553
729208274
148443381
558508784
464357075
885256946
138657273
648963609
908576878
97370882
929269376
776703728
709512732
639353221
377284537
849210577
84770739
673546106
239902319
287306403
512329143
185001572
74061778
248735172
163109226
277319816
666174519
398793411
876863879
854330572
307758970
865189301
494971394
55330746
801572410
137352483
413815360
101816964
460139757
376046610
764049019
266520855
351564023
791806512
895590258
82080674
932431130
592638936
803747899
286054184
473196906
242498924
655903079
706438327
524727244
612603851
843162019
311641741
205116347
56493347
692700363
421600585
964477704
589209888
584163473
382902886
359235308
486931295
821971645
222861971
622629467
632052767
907110353
182160406
184388205
200296336
879357699
197108044
35532741
594466757
982264251
619877249
85755498
408433434
965020055
701737805
848624758
686980139
121934209
154330489
727047993
515872266
36082368
994714215
39960038
937667346
567829826
605139360
648426682
389342141
753606299
52977268
129093900
292366430
173032664
838885992
28484863
789399245
987146658
897195328
633401933
359550731
576504765
407408570
395985054
906709865
545425139
437755178
656574094
92716484
944519917
873717708
851392228
510984595
113885206
702197220
226123388
954863187
377540128
132335278
548953802
765806224
343426876
239204676
914511698
531875190
688682935
435023039
505880218
481641622
578810164
415349009
151175703
517763979
640279149
176101015
386132178
785828481
540952831
298969153
601285475
54256736
419845881
12264388
463960179
502939323
682271070
777172272
53777518
261572146
713291752
883827527
27954803
285938991
167251188
473362049
18126062
671384533
696959434
912980711
523723945
145720011
782019126
400826458
911217766
46049029
966914180
365555414
50967031
845032981
469788252
763733917
274997453
16004622
982831884
375566813
193525577
559901237
713954732
176530545
853082926
335611490
460673793
387759719
741854016
502847376
661171628
909491858
157374005
893663381
588280027
321531649
576635922
415920774
830597947
187088197
264060386
238491876
119172026
305840680
665911312
891953293
794116809
629592612
832548915
468447755
41102442
671465441
162727198
113173271
895472697
682313840
376623844
160322931
903902298
829374217
62930170
166498530
140632600
863190771
259285119
144484730
23555250
752416625
965103195
997421614
664045451
517731079
875116118
853165776
659475764
427815305
340125448
257392222
606163239
613691026
829196391
971626250
306126431
473981170
654712687
18467940
426596707
557880446
155699099
466398296
236610523
475624147
457779545
744125201
5702344
773641074
192344986
126534513
240235813
642071977
660365472
951231401
230715123
831532328
823999455
20006557
781633737
147740197
721385160
401767709
756270332
656461477
19460165
914298612
978424579
909531658
776880510
912763037
309236992
951322080
906728996
923502677
968987107
946658575
672497472
100795225
829172978
653407622
644952123
111330575
449788197
77898059
436946433
503365054
531921348
131933700
73155776
614416958
758389721
51599324
169232391
255048341
356670968
550317671
438604474
321412991
922650535
863922507
394929115
192076914
218250808
88635342
450007215
859829632
619321332
820216778
306982995
770412733
967400814
575399011
245188425
684865723
545284587
689011688
334122291
7090845
426325951
354794073
488249472
577681328
302425375
154456014
772661376
574280148
777006884
173481541
67083927
904113049
100011207
811563808
742576985
227529146
528481279
205938714
687764895
615638698
816463281
624905953
849010174
38995665
513702249
891598880
558995791
300524977
42624104
279918757
274834418
281894268
113662300
322662648
665281835
482095531
287160508
797444433
313145783
117162909
543902175
59498116
587550077
451011756
168943535
533927758
584765278
55611468
567432469
424019032
761278553
60720657
712258920
192416616
517696413
72830473
988250132
535838031
402570472
507838769
821959607
660216680
729789945
373190755
341866748
360945620
395777361
950621534
229124685
463592051
494066228
333526530
736765597
124247622
485971711
408753986
429712559
27278977
324151923
669395292
6596664
993012450
986123634
962948347
882165249
889269857
599353571
173183183
206148090
309724263
493372044
808029620
891274464
441435012
474504083
583754374
457527955
442877879
498341423
626767401
327809478
693689245
646865086
107870672
485324074
687605748
121651226
824084352
869964984
832113986
212563200
668802091
54154183
134211453
438775197
191128459
957275671
312029645
130297542
986574728
747686097
995801261
770944452
924978245
447953353
707762978
456665728
743021191
534471185
819843441
793284411
732522157
272795214
483980942
644248121
763124269
266468904
629710257
116587274
609464289
209083040
487105098
739700227
718982342
439423865
755203017
327293126
601905490
672198676
97985826
905750275
558940973
646601645
483947555
801616029
695009808
14353410
238449028
689327565
602254452
920945666
528604247
901296376
323144290
60037113
960325143
194726840
51185636
445602731
216843398
200598068
68342105
368599765
50946597
81709076
281262546
376891188
742922238
833614530
396601265
637413967
591114213
394028762
339502827
282704628
294173623
660706924
906072313
226616585
449606277
855447452
754231661
802694749
298104867
31809840
375859070
262376096
978455857
412540126
569388539
683363044
662722716
740855233
95259126
416211364
183847176
951481540
928875209
227422833
303781625
849057030
720039878
416004862
6753833
725811645
210414590
642639150
543185414
307510001
169763553
889154680
589403371
914643873
987515633
594467080
27822453
329612640
153323034
991838131
853770943
557435685
473515246
369794709
576551439
138911687
618831214
805772687
42201417
581085025
796716542
901795661
401614342
961188725
790027635
791345026
111379099
780358417
117811007
448473073
510415366
810544260
828466916
335492818
90221848
687935279
470906102
427303610
869863496
792750027
215785348
112171266
725160355
645357338
212639471
218474223
953827466
871161453
856650252
768569938
176999659
614083038
259885984
426543437
475876908
369211643
303529540
469354957
994519829
531009141
298767428
174031081
235140892
524264752
213955248
862368282
659624719
390142784
702785116
92755599
685922925
606572642
828327429
752132042
123127681
599183367
449697709
158732704
368545059
628256941
919791464
984025756
37788732
296042308
764588981
443205101
850034460
802379734
852816097
393623808
472013720
720010713
596250997
5665008
895780587
355408939
69701529
972209438
186867646
693997079
287007354
418842505
713479182
770764266
660919564
686954487
766823941
154556813
807426306
195895864
208304859
13106
767191211
795996338
427176852
930905783
782728519
23657201
561764029
689184899
949555751
463479456
222806035
718195445
138866963
317419779
764083360
880366179
919715750
978027627
807752924
63279188
279173573
954177894
16930073
751908139
998186879
16228160
402411856
720561289
462518583
31634709
132936229
659766114
503768472
697898959
755824948
504972422
812695828
982483087
531783280
286365302
641398905
196518403
448225661
495304871
914608192
896963326
236487628
889110012
37380854
976556705
429227343
432124304
231026556
145870666
858959579
485490322
194739413
867018963
177887007
865548244
689887490
633370316
835892523
171092660
904376693
773450426
314166908
828009225
474093842
916439673
354765578
350137531
812730504
761635791
83025954
176167025
763564856
103019788
851822913
923290818
140166291
193547193
947933367
804686522
647035219
157141447
158344354
244825686
181846036
434284440
637213665
646259721
411851685
24273037
216239735
502969597
254670296
329110451
194400077
952892643
995306848
904167223
170818882
111846752
405451596
138195280
659482745
466973433
412865137
753277958
535955437
500328880
802464325
227866944
689337047
742913479
893947008
390887722
949365272
693466907
337282752
580638149
670921053
13523044
797118140
566699713
842656951
270021111
119870811
833038112
649953688
100551213
864318630
501203709
836923638
962052973
824550169
679249126
253421067
12753958
246689855
981988104
336076481
163905743
108313911
823014701
85028771
382113690
259866456
958328955
360192240
421479945
537643024
475296644
745888292
44673173
542432884
997238242
640263469
82585015
704729221
195315877
825399910
442418750
174961599
248953894
902351067
354468659
849225232
171575897
189680638
436117399
588410141
164733305
483041432
298865103
102372598
733655464
796886817
653937773
766218901
133269001
490898608
465552517
873197526
191443720
813422608
273238719
108770824
639301800
400559468
260103127
352635818
228300231
221423961
263672701
987549210
590142935
992178766
417412805
530967096
833630344
101187754
647028777
566425507
777525958
223865633
479935437
27750665
234543822
406238090
941582148
487824617
291718819
87827166
829514844
210217937
416776052
322284263
488331780
306943972
865025522
721454784
525909953
428225528
268283345
780170657
704857076
446480779
474584508
758067824
814613817
168259462
716377322
802850843
391671621
347761567
472676999
568879970
592826796
463943088
453353021
445207421
215851081
124400274
264273794
327233528
896923790
300469768
733860711
745853222
237201623
456806428
778376609
521278231
180117656
93873401
96005789
607796303
556338198
578462119
776879069
272460305
2053325
860656942
951075374
965830861
977491533
348421705
310010895
739824112
426002391
625865886
332780115
643718051
799744592
763533250
523093290
422062240
226168385
870959195
432351693
959298724
61590920
594087189
103745719
706357943
112175533
646452508
648886069
749851564
463230086
141423625
46439059
265080558
534443708
58668374
763331852
195390284
323111808
361281042
568869120
980741898
797641384
775326172
776410675
485669223
225230506
287056580
226089587
814029616
393025616
671893456
572231785
461403758
129974190
265541020
614849634
992130816
738649044
559846623
4298121
208810534
141529605
19715231
878703311
983807755
180787430
439476823
811354241
377228404
506965578
209707893
966689366
621259904
928002296
198473019
237353588
89118412
793359090
386166078
243563118
339800626
752510925
984617357
890694766
356815138
372146991
716311450
724988468
881699162
5409515
7913636
568734861
338269422
282943763
535866113
125921676
757125925
997282989
23520384
774883411
344878793
83497388
37214750
40417129
880981757
889169180
375505904
161175195
201543184
994810467
657517557
473929305
733802029
448063085
631566580
323880946
604030456
454872603
898809607
499105161
714231038
875519655
677499757
868167672
303131553
342507156
230950369
70951779
695481914
429658603
103581863
585003034
81585000
338226481
151200213
814206860
708711012
800407644
550581546
218572561
657622069
669277880
667089438
480272155
280415677
101591106
55367047
379061149
264885904
618883310
872813732
457719993
229821746
791156339
215746281
585026684
621358582
760485350
817034239
934816565
713809272
951021453
25181359
431822973
151811412
588123193
613419560
687086785
312014180
457512698
1603585
314081181
6840381
749872413
939540807
167571732
333508652
557367244
448316246
747439390
265745867
602543720
887589053
411654463
64060193
565148783
809331761
708493955
529198953
737480519
989333201
799631735
740969675
763333155
725210359
421978791
47135961
509555581
152630715
5083239
988033459
315835913
895484303
70596535
415959303
277657338
603153691
501267664
548343175
176526122
460831834
16248029
483946158
687507136
933133053
797177206
515595972
23159324
566627192
571834280
939509415
157555373
702288648
122654036
133314398
969154887
543072140
438040925
677086717
847758652
683546993
352412460
554850924
66949153
79333603
755256564
398276031
383671343
62840713
645914820
174294492
6182451
633439969
301743972
618278104
491536041
136660016
656293229
115530054
302348534
2374406
612172916
850475678
476694530
262834700
348949057
307856796
326729385
92630769
518582145
842425047
891905571
359641987
603378299
350205167
174690450
722805361
597094350
326302696
310394229
570564667
355078949
195863229
29027538
470240024
216721570
378372366
505291341
221875410
860148872
299280963
594218020
76431177
489458613
946355140
565776022
723898207
927747722
652110119
629302508
500216743
636592714
791762047
938214766
929394742
989190843
953060348
344967684
186003585
627700930
12650565
932780656
264678816
693669468
8231925
435910721
72453359
247345148
369832355
572579660
684301785
51864543
611414835
23380466
467048402
879681099
489749134
239716467
906426289
525890704
420113159
155636156
77517282
108686226
952639466
333303109
816595705
970746785
626926575
638354541
89723943
773275869
102455555
362918021
204574692
893387898
932967288
177682102
54474835
476661785
760912825
963058381
123423092
454636559
17341572
34231821
838225505
520836141
158415636
500996346
971040816
365418554
790972864
819635544
648090095
139242248
189473485
443828342
68724547
491593023
630642060
85954510
370511204
29122141
901671553
259267673
756837012
557095426
161913377
487177863
844917838
119130862
841182158
998118311
192567619
765377983
301142277
358978440
63130903
667356381
409403335
320126417
497691272
43950239
233248543
163415632
290181340
626805568
243961749
210670626
795155553
137674858
165584147
882625396
242377496
289750270
556439818
137580362
383636097
508668943
344223322
975635993
657865687
440851524
507599170
688917122
598975600
416368827
157697036
482189070
498472858
294861732
95036672
175705210
275147084
922443369
25979275
442105512
372541022
231561766
829299175
275264520
92797378
139699637
235345922
946698120
698942516
796979602
111732738
158251448
672588038
735629933
721267296
360395055
626130319
614941517
519927053
590861105
109078917
252443258
124469553
264851116
267068583
21427831
40669654
603368747
487330031
814345302
790610960
464492262
133417804
400378913
449787316
813244648
496927336
680633835
741254616
703626504
829963744
805361922
667706401
744265720
957941561
405179777
903549280
114333587
511675572
124131288
944474193
497026139
855337670
830505810
560736509
707552072
13410603
865097763
83188512
246919458
638803514
452918917
386788940
100484013
446038882
237159186
864342320
819599055
115943370
120046677
619904709
249265513
139543801
568378944
321272411
270009690
574724857
916386291
285987591
799041736
994611677
61861673
559695864
665539749
725930391
187618682
577419329
506036259
954261219
430417417
315301368
232093381
186457680
325281143
102354927
951915958
885275988
353409947
194715225
502568328
578242870
320655479
659693795
571521014
814444783
839070851
221140204
349311595
705518847
539157406
98008702
543012877
70382453
927140162
20811374
524701398
218169358
835631285
700829114
121821676
931148974
705385071
864801352
526162666
221436796
644022130
299225803
10893948
255991054
488897315
533137538
879194803
988513947
910861311
962352429
485082168
697234152
696766013
43953588
790697241
918133287
635750676
315910794
214087370
903739156
50876093
380313868
262391658
332456213
706559785
734140592
697714872
304834575
155433422
177468715
996435767
314687454
44641401
844200492
455476611
64048036
852625029
936631100
872644618
510311200
596960529
279181998
500488901
758639201
126101383
59648740
144033008
891842375
493551662
457840297
636442535
647507134
238075529
484898893
819585240
599175400
640582706
509673167
98768786
32727144
14641118
374320747
870752223
120606855
764317902
730786135
967842713
827502822
765335925
892297330
569736144
539548437
276555327
140260144
679578856
357238695
978582370
121057428
439777418
418810860
459815082
528372982
333097661
552834158
246774117
224347994
957478679
103891841
209399791
919180431
50603895
973822593
892369001
507399369
876953458
924839839
686637758
99088984
269849931
392128491
564058563
897603337
977304784
81194315
593725227
336036805
959398818
837215764
335195438
934959025
198082352
691930465
656504532
337057790
225736572
449041689
654555880
160210394
535950213
7067454
448104945
932136669
184262716
463817485
652736864
845973447
510075479
121598025
986547957
807199043
968237226
62043760
251626680
584389736
844305355
895395661
15288034
653988001
811960010
140253907
827648852
970782258
700782114
518145819
27778686
696502373
676479749
434979028
431214669
966399752
263309130
534146015
378820320
246101284
200584696
261547334
106727596
561755732
335949456
797365707
385627251
191177259
474431728
231124740
586538416
385887736
126721428
996399453
216802648
831850078
825083553
486280549
114478904
760419558
274281042
791537504
101171105
883211626
739183631
715532711
916114629
880634512
984323775
34025936
382059183
372126395
972782222
350879945
661462951
115480015
194826220
49948780
776084432
852156400
380428821
351270028
800113964
984227069
958753118
171002150
2869391
735763108
228722494
544488085
207741468
878915641
603310217
29998527
335742412
344447508
268716475
609321859
232735557
474215930
461355020
938845847
411274399
858870319
926323299
238793756
178160477
987892818
493422818
645420875
794460877
841744421
44934862
414411547
821552158
825732632
502317720
829638895
6137739
840843347
373914898
6233458
735440063
414771318
341644976
619024385
834033034
925388991
344473710
899693946
350661563
536136576
955030659
134971089
108244412
46050338
711427008
893138505
647176097
255074710
881197718
384520033
868690003
966396160
184179747
735490320
954556332
2789071
268490542
914756578
719122849
183473537
741947677
732499175
781171302
201729863
252151110
106840547
574632105
567882012
987835061
970924742
532588133
506575893
571939407
575778133
19255485
234405192
349563082
129187554
538579023
129162899
556537244
612415598
371330101
3010298
738997486
550995516
579950550
780015134
328196127
726595466
438184653
472757935
496257681
221450448
86914650
179412141
9755926
879834938
585934596
889916148
64270769
49308687
690835970
86477229
765277614
416568480
219314465
62939949
785923562
434914769
100742829
921550705
369027618
746360521
276033476
812414122
698259184
118904755
402910316
149165644
801410518
644900111
287075022
706912435
855783304
744370240
27648697
104647999
292184076
10409026
17466244
850156885
836974199
252586045
270713944
904879410
360041818
787640340
68748026
373529175
249551524
228408820
138713311
848469865
22470380
761309032
98732316
339937493
516772267
911953686
248226514
145598466
745233242
693254061
193257744
588526674
685697055
589512072
826010578
568834674
855870265
753434777
178513949
683148746
429017264
948226082
809117964
196076404
47364319
53500740
90922494
365569194
53511549
269427314
675441531
913368447
664481378
949196195
130317506
795264105
576354218
871852580
982872791
243879534
643169982
118483953
524277429
234150964
692179873
642720658
155848058
184265600
949235927
81349355
859655825
174320469
401627711
797894639
141482821
54871855
892875462
237788799
687767956
446705025
571729517
918179703
125383112
69047860
118607644
760538863
798342821
867901082
566087248
52796700
140005028
560082896
390453876
126344581
734630781
822456797
112957965
352791756
591968267
377213005
630402773
116287985
400658936
408763851
117789558
895934539
246977182
886704512
553833475
783814862
306785381
804512854
531474538
633174725
871171201
144644073
155333580
810870335
817339568
639466616
63906068
860303239
281132681
860671834
458731021
109131814
269515985
496960373
708132944
654179520
662650466
304526367
338117763
904254636
802672224
219413027
458966444
184660402
10108070
379517777
304964882
136940750
923152228
936516914
70306759
161491272
109366498
814223271
117114312
820327038
342528831
973658818
162404814
469301886
592980382
686391378
867036393
426206764
957437295
948701437
305588641
432044573
614152072
40765055
383501300
337143187
967472084
735814054
400408669
425104006
464471103
322473775
605925816
129963030
473787616
684933545
343430094
353046229
592557920
27044051
353467549
961017091
548373435
294654343
149577973
264138471
721669912
330158676
768324244
768822223
755582136
442698409
372401652
602423305
275996741
962924686
161687129
311627209
908661298
925840572
894276756
606913870
817785806
570663402
328129120
781425881
825241121
605159781
367938069
328491121
595490569
799099838
808543801
245580686
766573583
460538268
498531467
381563161
903398901
215394648
442826093
362005074
152678880
200137908
703037780
625224605
298376986
760016925
389231980
451133326
543020660
804757668
399659933
941404080
748623426
695486235
480379664
561735879
292644581
211269769
56417594
235025431
806053352
128242103
320941664
305055131
476196372
410414223
956793511
696882132
235512586
175474497
175854684
424326279
205635074
922947127
329123466
410240985
828936629
383448914
250518390
442163736
816129612
274244034
657629189
97121849
23459520
290865328
824318031
466384419
509976546
637696983
894639303
108388526
551962303
6353309
793460160
907398690
87456816
644870228
401292816
535602784
996956895
214954066
190128459
518042581
134714919
683417478
653553373
73270275
242296101
429811018
276770256
993165730
369649040
35784428
163566450
809663972
773314046
4439089
552263728
400688839
602327241
954994672
739397881
838006102
74098575
607472250
307283399
532748986
531905533
906801516
602181519
966239523
616051758
472489748
446403469
991178732
302048589
326614835
187838295
957145694
992716977
107459348
189316832
590449891
952664588
394252310
444905615
853125526
525322914
598054084
383341604
355462734
44382967
232308045
187107486
474784954
910783427
12170780
108191031
788002072
804284919
936681786
215603339
28501602
919380062
435728046
388024813
333735245
787916555
123677493
219764286
325564188
530604128
768300938
181819952
488847801
680122312
669864020
66946253
664494829
954085749
914066600
538095485
933653504
831160200
646535112
576581193
585418890
915499769
578579311
125451593
256409177
180398748
854528130
117703668
878989508
439715535
74523210
179244654
341205437
