621427759
239049003
822994752
119191070
873067892
908601792
503063674
946241464
814784626
24708661
357436260
62046113
402368803
726297325
342208179
378765149
153266100
496889535
651954583
728777662
449378559
507218262
242018956
516416770
484705687
456660599
144569956
895339726
143835226
481171532
596052652
430004717
675822380
975816517
861472606
111684677
707001466
244799909
458203620
58091268
123755767
898911149
819638865
47029565
89876905
237823544
264776507
308552027
662527568
434200924
468405548
856536508
320292090
710320869
571091355
671299713
132070890
242244627
651377974
34311958
495432004
370106892
824102498
940302827
255574069
397857202
849460663
661580668
313676998
562824979
650968143
169917105
394306759
791159524
313069787
122434093
996645675
193417357
296370595
332289172
275601925
901167326
659052779
51911561
935443584
930564226
339207175
261949915
870832469
491606017
979299020
650641075
724057139
881057198
604568252
341820272
813364581
760825521
101601621
895520741
195676018
989125339
82898344
682330434
649477264
913559067
976912487
240616315
919382571
516751605
748216951
931430983
452077879
719189108
142230745
437576055
213073077
258260675
659041312
336348781
247050757
168511839
741498525
143195770
57030337
686336004
795003497
789496303
883620111
10978793
790686272
354677944
602912113
606177665
618469462
199442226
570365748
269074967
851118750
461637503
222796617
441451636
578088345
162215072
458114189
714387259
806827514
290560885
729146077
717837936
273986528
45672044
925241938
219697628
129845287
581099247
689809789
795237278
443219821
523866348
412888815
233731259
306023211
507993170
571506771
89431317
670354392
338382854
252715357
580986924
184100261
489377398
683743764
480321159
473311057
405568804
813591020
137288264
366797222
8277319
895069299
867078503
40403639
368753835
477103337
232357259
245766174
779654725
557668159
366421051
45734767
549895882
38718934
822087842
614037165
750717792
709821748
293274891
60839835
174089399
594637330
157484076
640842858
671423306
229197857
228738801
949382511
557760468
673827773
535972167
430206958
587908670
273837024
641084439
718902720
752060372
226912452
740164245
461060982
50247918
806235186
91417052
676840916
551726019
466914736
462417908
565896050
86038809
736284810
982940971
895547475
786179426
362475717
358093191
840152272
387730800
970618040
768562520
905654035
718522590
797637699
946030210
615939168
442420159
69798331
968696739
21726232
567420425
231179660
246190856
702767044
215042390
840430137
972609493
992492451
579967980
470569621
466084451
862305383
634623572
514695331
894615585
649396196
265241462
851657834
782429713
812743084
762297899
493185910
349177647
262558209
457376150
140843105
872163482
708538234
689610777
867785168
319234097
449462151
897831997
704024292
562201202
775324871
255773897
452600730
670156896
274128690
12466022
220138849
678772988
664088334
309965491
113570215
605041538
956186585
465423194
739659148
884538537
256263896
534190621
244311534
824216755
385694144
932627118
612695525
255191511
276200100
280200424
866224788
219281602
146725737
212135259
6512917
627998230
220404734
635740835
688336900
587589448
60470550
477726204
471311700
292761909
95245933
704389118
625565914
380352910
832849360
586423294
867807699
411548479
834205293
89099524
248504373
64606602
565530394
59843230
422830004
606431705
182969152
843986748
50935857
107586902
963637422
544729003
994448114
385299068
581969599
116765542
405074054
498241925
117874207
441272854
519816534
326174191
403099148
993533580
95433517
769719052
930531213
378918461
141896998
419976278
571894570
858375678
255032927
365440668
745664729
846494435
973186394
964571703
408813898
922281931
654874930
350994047
27551178
322533235
470287786
170593111
6719035
624443991
153371634
534046312
420967970
991353968
452147996
771908322
936705914
582760074
738867475
743473592
704187752
216473880
374891798
53461688
750600809
694605765
43278520
867955540
209787412
872091609
35409405
212400430
375473159
747374584
962513687
376270865
775081875
852609134
343074393
661455294
539194064
692585960
651611906
879512425
398816539
132723960
220517205
114174160
427817026
539698058
961844791
664723809
802124455
111739303
625305009
459905613
437072196
968493254
901015136
762123829
385522070
355342505
450414379
64972745
790613268
113694289
849159101
34204688
70730406
70496637
503532018
349124704
81685442
787493459
310713851
378066485
294409114
431914932
371632740
521973970
470868046
943088052
94401905
870272183
422980381
73134170
985764707
16791171
700433753
493131126
872323547
863170603
491856479
586544945
91471321
234082719
58678975
258505062
511870792
911861508
539288334
137519133
235478608
745821738
584559150
201776950
620195503
797590260
661129771
548847134
930908504
519139812
322481198
352900197
50930493
952264827
985322158
145513283
678066604
211469309
920231112
979810525
707336447
131146564
134962704
19173499
188853501
798508971
507311157
83424062
624135634
838084065
899319012
659824072
281350331
927774294
97931937
800450456
573484482
927860435
983528898
922181160
996201615
168123104
951011137
951651725
364514784
948816240
140804616
720987328
117670215
361543294
931144732
980876486
743679264
125230290
239959561
483939960
758705467
713080350
659522999
312561076
848027807
230617375
889588436
511174422
484059989
145462686
26050351
878268609
244996001
822110879
129650196
899616027
342739198
976857596
401254211
706052996
112973495
815097634
550146357
93165256
872535736
191098185
233847016
823315388
523894188
432314594
14903662
249305319
740731995
701404270
58496368
602221435
467109224
787151372
796964948
213670066
395296808
972297044
403901238
984153368
124343926
709564831
90989503
780706389
135152281
958909873
197056817
187684026
869030520
780427708
596721733
954808104
240529186
609443
757941731
471313995
373227506
142434162
760356690
764015179
672122041
254212132
709641170
978863227
417980111
679147587
260744950
828580594
544041901
121660613
511761667
808661172
52213105
799396472
714349824
828454924
643924538
76490061
622054515
2918197
945495493
712069487
817290244
436639089
730584110
306383578
818417874
925787322
655379988
386685299
104301548
484338977
400896912
130003170
250046101
39824529
48282880
753101465
42001984
635036597
574877939
333922631
455709350
612118280
78305781
948705033
375952341
647820230
92534682
152683788
306963121
57099102
54997119
58766874
589672994
868718120
354438219
233469418
991470731
371050264
715112425
61417226
365862425
261835701
353578487
944209124
711289824
906783268
4059323
933753070
3700989
709086200
674461480
796111339
566778952
446915764
520633661
159333558
995626585
919648322
283055458
444530595
858863987
670226529
337250760
527485346
447654051
551705688
368677295
525478279
6357917
704622107
530792095
448390093
719498278
597818989
259816661
39850726
568202420
774943388
693989198
118714608
386081640
148930668
812015264
964044126
779783748
227350681
593652524
883894526
7406625
428283163
157524139
213357629
64168305
959197284
292373403
144006639
109886737
818795538
256276121
382705419
415901129
853598238
374980418
786599670
163015040
373057805
734047126
455079175
19868130
168180501
351622288
142681421
202012276
4716558
125727132
987142336
268319805
501706219
522532254
658534366
630029630
631143300
758634394
194378101
915851533
593547347
432346670
507713542
700204739
980702051
433683598
643114947
408533216
977473280
987460714
608541945
627549701
417393291
232466941
865167868
129461124
664874324
793546840
879646602
232050291
931548065
43222154
474696404
326300457
253697567
394871424
503923813
779261595
295170734
539609312
67249644
146868261
549435885
690255313
21502072
475396946
200736641
116161034
257500758
599868263
373320406
927664539
95982397
628242447
210687161
81670442
822701325
330340132
236007036
168091751
231153515
471731014
100243952
931070140
341057016
3370330
726710191
437841812
288163962
784869070
507488918
831768293
555429128
788725554
977281659
587163212
62099615
1142970
197279043
407869627
559793548
490344838
295734990
201997562
928050807
22504660
845358419
262049355
105702422
646202540
319968646
223439944
194728186
505462437
121193772
37275458
600641533
151576226
52804184
306854943
308190138
309303079
598211566
912090887
911595165
182795287
469802798
156007289
353224043
46201595
608092661
788273771
841344740
408645334
283073191
828640940
458542445
841426230
170457790
57756474
99215286
204158932
341387833
34276622
467987552
792966501
373238768
262963460
537911580
50429373
910298343
720074625
554454126
686145467
550022091
29492317
649322077
419423174
494027785
367961211
987031103
431921554
296778388
384509209
235336697
215770153
878077945
138428440
471525472
83258858
281217834
305638421
417269047
475760592
269535433
809974911
430639138
172067123
54663952
62696825
123243749
296887039
915041468
309631761
673188131
555202356
142437296
22965310
386471876
800862687
928210428
176678828
700225567
928177749
969405502
458035095
403303336
442686112
13918113
744535176
751541329
587002276
673635335
875183987
7988786
781618819
945870276
262529753
181343959
110563393
331775184
871305509
573991444
177259587
500126711
713538112
661620332
144140040
882922691
946757511
679675097
212576765
36225319
602500353
931439604
997484513
744164638
134568873
164790255
804588954
464634818
139072930
403808666
455865459
467061477
942438150
465000011
289423630
286468655
811157861
758673084
563040365
345224242
150437602
386476216
475093545
147219173
631760543
33694793
28176898
286655565
944338849
749651591
872752210
68027205
985490042
582006415
672065813
265355871
988086097
264615792
697419193
216487514
684961060
49532670
560422040
140209043
420809325
640727940
34003594
649061935
198710873
484784955
674212786
497612110
379617902
774048280
237956323
543453643
29457851
25156799
329239511
790289764
655509710
585132203
503880802
647072757
158306697
493902860
132405168
13407124
403964456
105004483
681570418
130354367
227148571
44686525
470079915
390293991
163752703
833431068
87703007
642217517
843476751
738137697
960063290
208627992
383631907
367792511
19468802
872403876
355143239
243224938
311623412
385116898
881659793
122306072
450245737
485049826
683789963
886835446
68042926
245230503
362596025
633793866
13527634
180420271
849986509
148980122
749505094
233524529
965695993
626518591
273006499
482296860
778636113
495596957
976490588
352465490
272010250
377451795
700444939
861073654
635545845
677393752
866761121
924320602
835624591
551428427
753545444
129951195
30104816
790960823
268716772
101069309
551187505
357170530
702541671
286314500
900621042
420327638
820131780
471647596
46625072
413232460
79358316
393667894
527114600
547351685
612481949
341468350
129078714
953848968
219992746
182739284
73495068
418114776
518872348
492144040
437588316
856235594
567954288
56139846
665236464
13126220
390960525
515947115
476985354
524817979
266561196
817768241
951621343
617457746
495993222
889415807
303747076
216141166
386516448
57252706
527621746
924418800
401413932
834878051
783764118
331609118
618100269
729400456
199515123
552146920
477429816
849077128
372659474
708028468
395261019
494460077
769759990
257611120
77184219
777932916
283840169
924997095
745333506
133831815
668316542
852369261
319914525
500606579
30789336
502086750
876577725
435677853
767519831
964733058
360258353
168685721
747322200
264370999
654534447
698518580
650655082
380806015
358573645
135611160
969528589
795899724
208977454
276166583
712295510
429377579
872634097
445216217
395816516
848395379
693532569
896042572
888487350
7519865
351787409
56091824
400299653
603177912
592825349
545251414
924525981
554695665
30531719
756816339
65793100
302504957
80425678
824861481
854292616
181605115
419120509
135861454
499278658
354465225
499380725
524691530
578952762
388600366
372752554
622077687
609284805
222310833
865164075
670337560
543745760
806913315
506626220
963987054
961933336
132601754
212629346
836718890
231716157
836765690
581944384
956022811
122385439
578255653
830843257
600126008
73090789
562334006
708332036
22301039
142337985
298670063
858555740
141659889
367909514
632494696
616394091
471275699
599426987
484223728
867355481
992034431
848980053
920554266
135687813
922330278
412660291
268440363
842909660
644943936
922378540
465637953
302210965
377620695
547890131
490878668
551152141
940766702
665059601
984509592
691467168
284690614
272806181
326078572
291803569
625276417
293350515
150089537
171878837
776573096
540955803
772619889
326243160
781074401
717683559
930757942
475224100
557224779
828829539
868499236
393832356
274853921
338667824
108294772
784882495
677388420
92243338
49167208
63516003
742513843
725992875
261565358
279075428
235099803
653173836
656228215
378763471
389471021
329727920
109888860
743257783
520326151
310039629
380922906
635788643
746786694
161362715
629253885
224325364
256106874
44811036
212326693
626322709
439759817
725668442
743870409
723447352
198501779
814613447
613689881
744166127
980521579
567857181
805398992
945613135
946890256
23196469
791431643
608851923
81563354
274146266
638515016
216839407
992670692
514990749
78421016
375137527
116983941
585566420
721300132
957483193
981704250
39541686
467682729
432690592
235584662
757890409
982843918
57245291
480855903
188440784
344470719
484797987
302071927
998076239
300962891
963771615
301865837
239223791
785050743
389084665
380427336
605182171
633741922
293755285
210718286
832347368
340833432
750484199
38902073
489582122
295099198
865038627
356790902
831310248
843101397
794808660
7142177
728394210
865946049
633837637
848213947
138151018
736026408
932888268
544489029
760267214
658138422
720759873
875259744
647251293
382903593
464878072
471161418
561235158
608722163
886121453
784680281
301439289
445142006
354079187
546112770
871998617
21542487
844245754
39095457
211847849
659388580
745754544
407554429
926197441
317188854
866937116
930777928
639575841
32700939
581088976
33699873
534272160
69218516
137232417
990245149
718635440
717721035
539382482
818653612
706295166
837326116
799420188
7790717
985291588
603409650
313797059
274880579
475011540
303448686
937501081
141428738
593522775
519094528
308165654
800637825
898144222
342080229
804410867
840261135
519942236
276031513
806820590
370283858
96875900
508478629
524726455
94594285
829799099
984059298
723791250
947432280
69651204
581266664
837139218
583744482
811260484
943468054
336180181
239270794
643550074
745092286
417723822
199912655
901065261
227268221
600384730
145229693
701106968
844695736
785982250
808119572
467888399
303201754
969663085
996160851
895632834
456440464
899184805
70819546
629841873
330901543
132215790
663653309
555286126
341856758
944584500
104125902
167715811
615531335
278141708
653637818
329708133
986216255
415739051
458028961
852187732
766412790
542981639
464162154
663335436
409747987
535724659
18965063
29148393
635548622
986108273
856848336
774561627
864836722
525058816
255352398
151525798
528853746
17523215
466047629
53174273
340593482
199511954
768335574
667378000
809513937
542440761
55550719
316387598
823933930
283388974
804710217
69610929
120894844
317603503
41523433
297662836
147687167
182804653
260409866
27846968
531618628
420639408
817234685
79328949
176163999
366045905
661716772
443427132
880427501
638813616
746145261
760686978
840988580
135716609
652336924
31791495
802772146
282390537
148158380
302419419
760006165
423714206
89446208
148163476
810679558
247818097
751283475
267979374
501184491
540222111
189086010
412167015
738222860
490304499
899908687
14503153
949144292
610366440
590173277
481070983
803813403
513328364
72794902
545999622
431563308
982637945
395550447
594966392
826583874
3718960
721843324
225727220
143267592
604152957
480808688
366589337
171771292
986962067
721880206
278846568
519617406
728811205
297352555
873871404
439903347
779040534
377651282
18574426
639351477
758818822
685580467
806884710
981836232
851435903
700135057
208785734
854656386
81964593
766182931
755846672
94730159
957037440
747107574
507756762
713590050
247380112
536494137
685132497
349169683
535523122
454215964
755333401
163389535
661984593
693388808
257089855
656279113
153068995
314191691
545983950
190904298
3060345
580256999
163280479
852408685
548955139
734570685
83816780
476892564
449763647
303661610
223491744
56114229
196141729
32582067
168417277
732723173
727459253
889593205
698118016
20421146
83656984
971262301
683639835
997844566
368091672
452841521
154112280
148156461
494286669
446895160
148891976
946163789
716983472
963038063
716429404
913432550
669237856
5090203
397640631
136386534
427529320
352428309
502737504
341701838
966233276
180705400
54086966
130288280
183479093
673625122
883744401
148775045
911986197
755979001
142283130
845003173
481862428
252994844
372991913
285069851
528554032
124540185
274191965
164019992
234181095
988581788
729297286
294296469
767636512
421501250
247313996
542810801
723258355
487870505
361214258
148366491
12777269
483679060
28702869
386369010
572440659
488981918
292504141
495099996
6067106
488073977
426929080
929439408
907524946
553432716
907040173
374706943
931002974
918643423
521805791
504247620
435149189
263695795
805815184
619406735
836405818
156366820
57217902
422334200
933604279
690874651
690958097
712069091
976795363
11162167
275000745
832146351
737898447
842013221
474549629
966461947
575551502
892389064
142284057
302359662
681988198
874862661
942731724
590560129
912609489
14026855
114764592
401432763
75814566
139332456
456569627
910828215
640038954
519930988
439215443
541767196
975667343
802888869
562699084
814183156
713543825
406015719
532394738
668274030
121832831
951322229
834525964
106463160
708108411
949009753
348621814
508060478
641332791
842857311
954939856
529821701
248648663
23709439
536374711
647281775
807560978
491151772
894096293
88193364
311594553
680048574
959928841
381726137
364884808
350493032
133201344
758294528
234106269
18534605
368096946
927431638
892584348
614955358
521045224
745260382
963410122
354635011
785938923
487946546
304370528
788627245
900651989
961170205
939853508
550522657
221418647
661655853
401430331
658255528
348362821
130159620
479871045
223273898
438441393
439382353
459163903
786804009
357547593
300089886
306764074
555718527
905877115
825815956
226523685
612661236
75841511
769694245
856215400
283958673
862300707
470998055
677027316
712095969
472805518
131982995
36497119
963535232
29291414
657442228
738230328
487416427
569949449
803771762
318659756
402720021
484117221
595470909
179655699
378222146
339982214
451529310
329943755
605961388
697744753
968729328
695703727
227252912
735151298
955876812
577054
694277479
865683578
603135042
630756534
884666922
344634929
421770475
918620904
204566539
465862102
931092838
17394372
864458972
654390825
704154298
357927093
256891263
136766898
601017159
681640738
448155585
189133164
85902941
911097554
865623715
922165814
529682619
651967501
376563621
954321034
922577885
48139032
626314768
650769137
15486882
117655555
599931663
670864566
898081019
315306718
538350128
773618178
49899599
64189600
205031924
217648138
274248756
389431980
677738366
978634185
884353300
552359662
90682803
780167811
751987344
801657989
150282020
689849492
386594555
557958373
78996822
490229932
779250386
377486096
92416321
891458503
591282992
329568020
746984005
427530395
959889905
223374326
966976999
379636298
663949185
210547864
814841831
975606035
510290676
158365836
847898848
964310721
886575923
363833681
306692259
569904108
255539098
731879017
203893010
551761799
22404325
752696392
413829045
748101234
833370912
300966486
309819674
423897998
223484288
126886120
250147450
894537031
380030746
896729232
624179794
748942207
280290162
915675510
367409048
165824234
487269146
68110452
450983057
629254255
985173457
948398910
963907653
684148743
960608077
454427404
859551073
540260696
176613617
992867859
654601968
449930272
805316628
125279763
41632988
212070085
911148564
794130878
529120294
152894730
687911174
942087311
485208540
309436640
983070339
529850911
105423054
751169416
176153117
479756319
395080579
828984740
223352470
26584568
877389189
67786744
745435187
290123883
551430814
616992736
184144361
784445471
805132705
729740355
273841371
945508101
807676625
417984656
136610494
866862450
429069758
588805106
53817101
493701878
988117500
914656577
15782864
982958854
53153162
884690083
779447493
153790040
927015001
273671705
200705285
771347707
883426800
592005776
934412518
563448588
466035065
538372998
114713341
453523630
390157413
574550319
972300815
412202864
704707816
940640088
913885210
849280832
255859233
925384063
765058251
472341138
288947521
495226817
255937507
731600704
551167676
866883070
353378646
446348305
55133643
980932451
339932973
138227601
609624178
734524656
373207992
624318211
332235746
367411587
331240327
26717865
630815896
248258736
11528654
758606977
33682390
649224662
879582615
927655018
625343984
346433405
480916559
816030349
704126288
761356254
338516167
649034285
915310305
801065710
755918447
148352594
967057030
76462411
358245515
624526511
518337788
137692427
569946445
689868563
712446620
330512612
398067922
598847468
214377331
76111333
901471663
98942290
879199762
53870594
310425487
749157686
625201088
513288997
441284541
227649348
827232474
59544296
736116843
785637233
987032856
349693431
339137649
799825742
574076865
229537394
321988462
871436609
871386953
89522599
793497941
832470659
565587590
407615296
750807689
234911422
121010080
349012199
238899424
156829133
821869568
932173873
243253671
515845765
711853922
964842129
49961177
71976535
775666672
474913565
175104388
613115176
303479689
386271693
915298523
410363028
329697868
164318341
470271502
473864675
835666737
288596593
953627201
601555024
205434530
47028255
320328902
59081846
199644041
724130320
459190625
531810934
618041217
302105397
540572749
763592202
613915518
386950252
505525810
966040665
476171297
914401496
620742063
736108050
49308674
85111697
813174216
218749507
682460997
378413197
472431361
105984190
372896226
734584094
530911629
457348380
218477384
916408067
667768395
611081810
894931730
450138162
182114910
922713680
932824212
327186812
288430503
163077503
585393234
340751300
510506880
684843373
197184667
128743328
846056959
59270266
491766683
29272151
782845381
364990141
224045773
287134889
808777641
691638809
594936242
676965507
567506512
503751451
346712770
94136696
592982268
830010138
200016811
523097938
213441620
535591048
920805745
326596902
581947159
338177597
439811982
773195110
692647092
695110055
338942480
38643266
442857405
27261865
232359492
14213438
281266003
402376588
898609574
725582442
669231424
945090082
271594208
940451799
544826482
280074859
360787042
51415648
487053300
995593023
469004141
723279198
236172872
469168414
256845365
361537755
100474532
269077283
600478201
149547885
968826332
915984943
738117997
612219511
923499362
827366530
135624309
293272682
562776904
621238802
316197583
837586234
481292213
926895750
673439330
945994393
331472968
929307002
11465972
74455164
565474735
954494760
974193186
181015800
819820247
152898835
662663329
63437356
11428123
525618635
357920692
453864096
689976476
173829314
153948738
636934486
730506149
642824209
610627280
606529555
19115107
713670907
770771527
422905837
952875212
574326553
572487934
497805646
771752651
406685551
781785114
893552468
150161141
655892091
578664577
508280148
364831696
72106700
499810591
327682365
223188484
261689979
379169152
793202845
735394962
878932156
499719261
623598512
729903868
546843365
401045953
115893618
146936401
699124893
609449722
103761448
673467590
907886171
842969488
61847220
320190004
440076971
160751761
495759102
930217066
333957074
795077788
326400057
190897415
338647171
663323526
189771631
832823228
245964564
53141443
984750119
853060256
745430372
339710552
409046774
787200911
821138147
401964347
917837781
381897800
778959365
655513308
740471106
173568487
594272451
24744861
292190472
245916635
611422767
221628523
498922980
508794876
704432363
550683839
411831028
299829905
771953340
67803925
707094213
221586155
988916813
899673306
327964096
3430952
681138762
649576557
706664637
525354586
22228090
782092653
730763421
585689874
969112499
870644574
342358447
747269570
529092501
572929289
779695347
128530372
420977864
943064832
578430220
271879112
732204023
799882585
7516793
440626704
639310258
169961053
635726053
500225835
361885572
578286385
891027995
946836221
956494129
786958629
843430399
626065899
646199605
241203201
744902329
455949724
942061571
347021700
426579641
325596840
359279134
582283837
272982704
230368111
765244494
693718516
599360543
134149331
659876274
620528167
231641944
509011046
205548511
228068145
692942522
21020605
755932539
594711796
774875411
596888697
447603645
149597157
601934656
64154631
652180933
357140287
233833262
434594620
100072925
799459613
725566813
422360545
118732779
849615687
590381171
388054714
380410732
330908332
39779583
224925936
962196107
513796722
489401720
146894286
577202257
248401034
678588864
165631095
444609824
360886122
440048192
121242691
273007844
253996669
649874615
282404695
463240992
55268069
847638733
630156810
706563451
340269579
180591156
982984131
669885173
42884804
962258897
218998924
572058344
173353802
31999634
136040477
415437978
393501637
184153680
529429475
823018565
879055418
307414024
740136406
334555765
129865568
862975470
968892944
397802586
580420528
383631089
657179464
444511595
306991604
929278161
336418164
874880852
473928920
856271898
846024728
14716090
448794343
206604780
879644503
48429912
941149213
599078658
537581980
781187099
688440584
900657080
699515047
523604010
463075670
465874303
680467837
301640550
305468916
80545763
595553579
700317197
311182257
291963251
341728895
761328952
809518527
753723962
580967585
435921532
229489217
973243827
855413343
851173683
694476773
88808137
231565310
837799853
696533295
773627690
146451205
72180947
729393720
693236149
816935832
516719070
594106858
485663340
111501445
590179038
451277003
844604801
655610639
487877849
186958319
624931234
737474260
65233633
331522749
35477257
827284490
770367703
506036200
21838830
133368938
998186412
361375695
918420560
560189325
852817523
507018199
57585207
206829144
716754458
992830023
756947293
626229737
102954904
212477130
461764766
227426759
740520988
650325580
604543652
753681146
694872641
677009557
857280739
947948410
316673496
860826625
715044748
582835906
425422056
954938245
329376387
54024520
649087089
749440515
526235216
782328067
209514270
855739005
280738498
125143138
603121819
300546562
815976065
834856282
812923838
580279303
421476666
317670363
330530624
98625689
787156020
56176564
746134720
403445794
822361414
117965061
623451968
593032837
662728308
435145292
974516671
112664055
157715776
726343698
663118845
505906685
270565122
25965135
610973406
107958095
273859318
176100002
867724783
427278983
924383968
359746132
83340009
508963140
767489591
214137666
589273776
597694280
793890071
522102875
104011792
268667802
911899809
476779523
245935760
671950817
141209639
990859891
694297676
769047400
56750548
63414545
849227024
130261542
746007890
808045183
692414279
776106921
180871505
302926131
78813243
912265754
745000830
50149270
646989713
840937563
982688592
294536697
633103135
697276059
856431034
195226061
181353016
18536343
538591870
155744368
296552612
147835706
737176
318670867
242989608
167059566
162113223
37751254
283805847
103142726
609909546
9515618
236636677
105031496
287798470
265720558
686734507
636186998
485672245
488232619
906099143
340242638
394887369
733636529
893266579
898386199
392429842
785390581
544580666
182391322
409539167
23768843
65376614
661189676
582420053
79013739
27962633
846348507
796747099
356224829
752929279
33199319
380154239
274037551
857854689
6555684
703396393
233851481
787969883
200153217
149199075
64212010
122228038
592656298
701761708
419294268
321539557
772423508
453373568
768131574
992271004
439319920
755080879
925761909
145362729
875614318
679227543
492504154
502692355
8062070
738521483
837828208
488000501
747950847
844397442
889529847
964666352
580389307
925960895
916655690
846484582
453388293
317293153
748729246
385444111
54042235
389219263
988395907
226350082
586871694
98796014
473400625
289668558
206166012
426599050
276040379
2661506
697476354
947148376
607867151
321253185
350737256
293495333
163670382
27702973
526353907
988838792
476003730
598927619
429260440
231636848
386718910
953574780
505768399
839779670
514023909
670384983
84066891
172205863
716764563
882974085
515255103
245015100
741815428
437395026
379839883
237989977
141974306
334107199
535078436
160565720
327894283
473478053
382586254
65336596
528027655
742934302
216514429
708749713
383056771
218496413
231198718
509039314
610625676
407597382
659079288
111982763
110930597
624708444
517744483
997549318
807111104
167522299
829479654
943320245
401452016
29987958
916428987
614851925
240235953
25261825
140808525
426895241
555912023
646404832
123838440
551114274
406909045
98163531
427711960
889353260
124449741
433094645
696842640
666347709
880387057
808695242
355719307
448967599
961242610
910277345
31504810
582985251
121235646
782828110
53462430
431675566
851625242
530609492
460338751
338462413
770703766
29723091
760656246
335077694
138327494
214461507
936337699
479753577
23655692
298177994
316016789
285300746
776736371
642154814
688924898
514306277
417921194
832022248
524443054
159214959
561158758
79941582
844606727
655769522
425078370
77447595
994174079
798380683
771409515
862254918
372686721
997605614
97429225
4822113
756636159
388727638
676125180
756124830
738370083
537057937
820049522
837961669
638115015
230119204
963383047
799566222
641623811
211329245
663782885
335991276
117865737
909796589
504880893
449633796
195043693
192177683
882975741
654628617
700782895
898377966
53837901
735521815
832913798
423830204
952228607
166641920
231971108
294217884
529198898
710889285
514799425
130115588
929596358
959304924
856062863
829186807
411435128
388426937
316746960
436227079
968931516
646962102
983075404
884099884
661189624
447246485
402401846
486238671
261896699
656690486
229413106
222920039
316091929
558425916
974216895
260154059
100202358
432158808
527628791
358239985
592154969
624240685
216133398
722293081
488404840
814440591
356771703
221284585
984219814
942576428
949235820
893872832
346041748
161933996
620805739
440795277
718312370
55576488
42848972
144010808
474686900
418656289
684173014
407400729
379219666
248160714
286990927
242863026
322592227
103549708
605992383
883215910
267200623
430198799
386525630
150379885
315555483
643868822
729351624
224713194
562735699
337634434
853550797
129039684
765231676
265422181
184163279
578214605
6567432
765775775
379294522
972423364
534351588
693484927
315332030
544662301
662686116
655301062
148167836
174254001
136703406
935932797
888634644
643067780
683779252
51867994
290399
468213731
576882316
956070390
111395980
626616490
92345628
45235997
933797342
525094620
957482330
60847681
282863581
915148747
396737776
218512306
550843824
958888124
740238464
483671935
86646782
807091470
462003355
828163805
600312346
984750729
244787564
572454165
401810873
924754695
313209809
822569240
934102123
599061864
499555564
433742661
940936267
366284296
70239090
457002619
499015393
246366145
598305812
256000608
68727742
147036983
171809452
353164318
324375399
143875622
749405774
151638829
217129043
165340131
708590562
968907649
872288094
889572054
278600742
179890820
760847206
427490941
891604152
405012831
417252166
187455928
470773557
305338975
625980486
425735051
854913420
757296936
242047290
899085214
292090466
443469652
369053578
804381230
635946447
145975770
122978964
246183842
436151413
177664239
730798774
86374252
9547576
188775805
271548803
237208076
783758866
107630790
686846226
838082937
203179185
575761176
330917232
629105649
528727377
583401662
882789160
814104682
77415612
518835023
7165541
323224292
60268098
497847633
617716526
133510022
543638393
992713061
800045206
173564340
779352674
214487256
178982718
453166110
375869291
275268906
442111373
394105455
269488430
564246164
895991866
439014422
919423671
156177587
366897613
385288834
520920023
732098632
261807136
764418690
288217492
686763555
973007475
912525163
382302858
911326592
582882945
560439364
674256644
44813775
570134460
279855255
94415337
473712511
346430822
658222178
683463239
935064492
262578302
858227666
5629702
225306460
993642096
3927532
779885224
222280184
572670124
224676820
669168453
204019204
428168952
122711299
577566699
983446798
615164288
841589541
75674795
291020843
94746842
276124833
775772021
706751304
454702142
975845049
789260978
693984343
937759614
305475560
251799592
724042499
964028958
75853438
755654154
977978078
300258474
429611421
267313531
298819179
330679464
436708433
221157448
645648713
197369515
696491007
287499422
428325887
550727757
605793506
747476123
203972055
265439465
110211268
362787861
313093662
209985690
519508409
137781357
589325887
836683992
265653411
469623809
741785450
131188572
562465256
61986767
884829808
420682419
37135774
8633510
890972272
266528362
102514157
295419867
460225266
816014603
954487705
931130817
237893585
416910713
655502299
55026523
178661129
868627663
613319011
193733407
657520570
506629005
465918701
865927809
30355075
265894510
379978846
280092576
659231602
223539396
54468374
242659034
772471916
309173858
93630894
91773789
415379284
699243386
702741605
855232392
139425268
431825303
691495288
447683222
426427250
403067112
212589333
827847730
443386942
863359539
139180243
756021017
795493415
951666915
434095188
313890980
137044821
679804739
493646180
277282694
604484893
142819577
116482153
155921180
464792608
782972871
66935864
58444337
551201327
974619693
850604598
894197792
808991923
456850217
443645448
141711365
746896010
289278386
874919256
546145533
460192800
754364695
750557535
724372810
736520258
610471923
757177831
139919883
311861864
764053698
811587814
702431047
766358748
649312620
231184405
895675434
632853175
453166109
916433461
95956844
680034368
120991865
890711531
917496016
283644543
572119485
146635062
485272915
968429032
820941608
577874723
415859239
892006377
150637593
45908447
861683971
609381926
345557952
117555273
773465633
31233029
207685931
278302174
485910628
816812098
805384637
166649570
16000285
76005062
417675647
275571246
608730233
729441153
298405761
608495565
436460550
193634065
232767324
414384872
210905313
331497311
862870834
213359606
103082480
148148832
200075476
169851662
64992155
908727592
389087126
629151262
238054154
488568195
479583099
689272626
749283448
537918399
400431556
574693640
829005294
896521372
261375688
995711502
226101459
844188257
495392647
215397864
570573936
710680048
120672492
897670998
963602450
352932959
385573154
779098991
859079275
414763899
300474760
856200727
108262414
914730404
694157507
58999045
67977149
943451018
407003200
589185659
728321716
869855250
374422550
501436107
901177506
387171139
66169190
660231791
621520945
850120037
83716951
539495717
272632340
892056538
392989863
133740729
655949902
351232217
652432851
268846875
801859237
817911902
69508133
332440611
769608865
263646105
491488708
346748140
652258470
554429178
147207114
777302
717661699
31898637
27126672
475419049
345644499
325253299
615935163
486746313
733697833
48618345
817876273
978913340
675785791
254635800
545943122
283391723
748442848
186104341
587512349
397639440
775522910
113012778
871680060
878250263
212441936
275832886
926374844
123641923
962359601
183208943
476322269
69267662
685888591
753862585
226239177
380844356
421402779
905976235
301733583
970451756
333565864
383717044
393635798
232907224
12911757
815331982
1290831
773928261
292341639
474762640
378867104
253610051
654960710
838496082
370906926
180014355
423075042
776092130
257554896
142185781
807004165
398766467
834613543
141119099
249252060
168108775
975229075
729064969
836662822
383660078
442957888
145391605
833516493
222912055
137154736
129889574
750124293
423895766
412225768
168047109
887882147
259874578
218260640
801516674
985103729
369610802
556254521
868165414
490199307
958718474
146672478
272267339
726425234
568576443
882794179
797804165
917707461
853640315
538223799
422100057
797338541
674200746
828223376
840223966
826511332
281360805
189734293
796199450
990596171
953460975
458104143
905666460
933100426
665364798
835094121
321545602
885680742
11105167
651667944
734086023
754647961
230096830
517061066
689628869
230864810
172498870
214302461
691897275
959926446
526699885
788731423
633709473
966679638
171067507
462538954
147261076
40029595
849563974
214369773
106458029
82771092
290262437
321182652
145647270
422924743
983308665
326201429
460228288
230388492
347049398
452636518
65308772
323860454
424919393
868086044
384630973
752579612
169533134
67068403
331853163
239799217
412771103
201536548
733025529
642629690
435771559
956313177
176671859
561687402
123859385
715084147
178243314
60563385
211536065
469825264
867778736
644152453
863627342
843003868
930069317
443221560
975550365
533806870
548990804
785967912
623445535
601368475
464438017
554359518
41450409
175504421
234315726
468806248
175942363
760595501
771592356
689610713
314371942
627166323
679988166
70199171
756038086
198287260
332517744
55742486
569401659
266862068
31669444
114452045
224729727
441014210
186239050
774122679
867909214
746686247
743855144
576113845
493167451
919682944
746728953
36550198
79008517
110475611
364606087
707743880
943431983
870954128
435024979
398803961
390416939
57919518
465958359
812798339
310212058
131430245
36361132
877174893
95912159
986696123
244646945
997524408
669999291
271847396
260796491
44562495
772239146
173626329
314089512
964425841
866077770
439153973
769621557
665593850
675825533
409485907
272083925
57344245
99774478
947154309
423692322
204247615
578880287
607197800
974759924
775594184
174446784
396566278
535156822
471285411
9637388
538087542
934784068
902406369
279264241
39059263
802615056
272524516
108504958
715295537
868491126
210266761
521771052
567852830
279047062
17246283
871630173
856466767
78938450
19130751
293113929
588062440
909687039
363122581
545477892
311150657
108946933
229989539
433694769
70448260
771459308
654836155
960018590
444326190
540912399
77535315
799692210
595838879
281753641
52598557
583349929
59434997
184478159
822588540
215812639
826560562
243353823
242263862
239556908
757129869
951760692
466482173
784720561
538231264
594420000
743849100
875884285
362564218
352057874
759964198
777138889
895957566
366885040
993693580
255531040
706889476
633470961
910374501
16995275
339284796
836847377
304526860
94374275
557228741
603118546
590295698
459624397
99901471
619348207
871151033
411622279
770820565
910689486
953357679
962391723
453466805
764432563
938198806
819552646
224586929
216292438
176753355
715891582
879447448
373309964
322952724
105632457
126450085
882229697
615981662
843096252
156560301
75156506
132773133
813409024
147199415
714492968
714421616
592634130
827392070
850805595
916203984
623545593
304362766
586121390
95943390
666525965
552983363
793709526
923843464
671417540
382065424
315103021
891062188
830731973
43617844
177085580
487296760
53391023
813811953
409654593
398487922
571488449
16431865
55317304
200035140
955215497
87900131
81288737
52688450
920469173
812345182
533269154
814409459
415572882
306126195
660283474
248747311
352014675
350441224
236499079
63601728
309694855
960726963
540809630
708868921
405480258
21955381
176681602
21777157
131752361
393000408
127358047
613502634
707148235
9458857
481011243
458248968
437006956
556993531
347253226
104790549
882061593
124564531
481888027
802349664
165848627
906629531
327416440
905761689
902407400
973223407
664273882
392699137
879508120
49201947
890557158
595101222
316273184
576645835
687091839
277612011
983515164
775861495
513831260
552136269
950201643
621144487
487204116
572245794
376745036
316016313
295272223
330022494
963483907
225835499
32093859
503308952
36914742
464968669
479964593
467322730
148835031
175067714
373009783
723931254
368381886
520595194
700884288
555028014
169574541
182739051
903195753
536105904
550452812
305634963
358600320
596517118
575111781
835977772
820996849
131502306
889809075
256861040
933566225
769451
48858253
896775165
598312266
789147280
959183152
122686832
203676287
387387565
898940916
90382305
190498587
71981082
494244119
9411351
362789117
518948548
448696647
365688652
867129092
734276435
521351325
64899777
790406846
169921265
287621585
598504014
371369466
446807151
794230536
470193847
599012620
138066692
123617004
618462704
847640051
21402466
735480331
387092321
100011632
668383599
965858163
116118097
285764248
189027119
722731232
268442612
