391882991
273140506
206811776
753063282
951441496
561562448
115414065
227726600
530406253
816984978
87285964
360235964
816085151
764950534
622184861
794651162
138096863
404005196
682887536
351806957
494256361
425655322
962465298
911949003
257465276
689357353
337910729
833854418
455538095
599035414
796238475
182662391
496327916
842506618
584117624
303645502
880096721
139284137
655077493
125146992
824052232
468655389
506305831
490083682
728974174
186987933
590929705
517022996
289062659
771418481
641331928
4659649
108844717
231712723
630815236
216062266
480824007
898456183
348350287
924487313
328641257
839603385
13081419
7341712
310105377
185259743
57994432
953764541
473760080
381997370
845560741
487100459
753008410
512352781
723253045
507055046
28989942
491126313
600736999
127482528
714988823
662248751
447065906
16671848
308478704
221343977
367632242
19078484
282605291
59700980
996963366
467221083
668057334
286027478
748052767
482342960
152821866
773829054
143594558
410157827
339654983
98739845
855422844
670896782
37601287
784211953
569039223
42720000
455355905
987516083
440324803
967680854
8590911
418392131
428943446
166640652
930063073
815575952
675400001
781708896
28569820
79870922
148749872
787738176
696753892
15101100
33804170
540650268
302629322
112523547
825811495
675384357
673833019
642577919
464365493
839360577
307593827
956594155
786961916
952560314
200404922
485992052
183424563
472263190
546862516
111190778
713849172
261048066
773169479
585602048
628674713
146169363
689296935
221870141
239166245
379487882
575791547
665731425
729031929
919119939
326388429
109972935
712367690
265806053
920638668
704450934
580063668
527774508
932643984
215462859
163615265
287321671
9722450
358590009
982336255
392284963
791067145
826843277
26279031
972408600
471957459
555593305
140273567
16954795
399903333
453514035
443692725
586599788
736125136
60764979
149953259
415070891
82799738
243990286
14453334
66801209
614776852
865089809
922140435
998154873
106326460
503288290
534752478
263166786
225108668
987550973
84059298
891209598
887872681
187354540
713646912
379289200
460281425
205713525
443351323
272499127
378949665
799013027
758246144
283255828
333066351
992887472
421080217
914363305
434762363
783989893
399272816
45524891
817522142
715420049
930432556
616448122
211173424
919205967
314322092
984099171
959390550
388265832
775493163
622976436
390015716
335895144
831962396
597112961
384481620
34013902
1723125
131146396
142592429
348973907
273778797
696928414
521356591
345060058
653163904
930199862
285893865
840670893
235364269
636238853
249856141
527854070
557893103
115146512
980543595
238258059
622337579
974368552
604724859
391955618
506689327
643189954
821867716
431349634
582867629
724867039
492755063
897784243
642554558
959794924
164440516
201251451
807474088
33264770
664350130
25594152
383376611
703236717
597657048
153089273
644132287
932675400
891635829
804780531
452243786
163238444
851419486
256096598
402768730
530222805
503594778
14267406
55356116
463948413
918474562
343856724
820300512
795603689
49937022
307714620
988808458
571951206
150738526
259243561
916124040
267554590
67971405
210072820
322279376
743908078
661990000
2253831
220062888
494203254
678133424
380142538
435860709
656739048
831725929
314303811
961288506
777793306
263257767
413184298
733376946
915932975
249111618
304389580
419321524
796235723
585765950
505022925
710042006
55720906
617806612
274176146
650035488
641586555
950712505
473297411
230663434
533808586
349294516
181974109
286300867
847305833
780036899
882322755
583801445
637612144
754072989
990233944
105217861
244498484
768188553
591893020
239156814
835788090
86864559
347134916
618547176
490458355
641897234
748670470
616816163
735038484
498497024
525190822
522055719
169375533
990993097
886922071
68659284
739984067
139892626
689576039
110153238
695156697
607233353
876324630
969612871
273936541
867877856
382336676
245771312
277053874
571333292
618436087
978994671
943536722
771666433
714663415
324651059
125311635
610046828
199091932
405115824
68081440
384934989
501644040
124179218
130058542
362593620
947171264
279739283
358360089
517144596
830210961
741664765
552539192
66878587
54479349
347754409
407584441
50057825
771197978
162405124
424911114
196052072
95167739
237608627
608839010
261809818
164483293
9678794
824860089
447904642
517107305
932066133
99877934
595948542
319089965
237413069
95498215
527784425
157657002
346922593
801354071
419367380
662122051
305763393
396889196
361216967
514514401
985113776
211762310
952699622
113416106
616008430
599474157
22904575
720363428
745441298
267003686
546596848
196708559
112246677
424214589
582543072
989020878
863136849
877612929
319699992
907033214
10460700
519950159
37546416
860263708
144621099
314879365
143691491
541649735
326351085
75989807
550551908
745015831
784749810
975323582
807780624
766308294
543813375
332436011
37747263
217760471
552049557
897398102
716272056
266421234
266085356
785299081
94706381
255305606
217342637
642236735
83654495
905985323
317679940
67944578
212508249
103692264
266606597
826921593
700529799
727931728
916032086
447999353
654451895
872455770
468199771
521046669
472136111
939209259
711291974
505188180
395320046
54309279
365375106
164361728
587459764
30327389
464058116
625355763
768997238
571014812
856147115
918046163
374234080
780465372
521461687
530256803
877156985
730111456
451640054
88455615
351148485
274669649
445151373
921500575
562764648
76851525
976611483
60580661
579943268
477770878
499494718
82598554
918571069
617371755
34203992
344707981
204817888
495224439
234372552
947779436
643814618
183042625
539421271
120692286
465411118
72880477
50272827
941201176
617878686
80600360
334765230
628367198
212146486
590745642
500502365
557054184
453177559
864341824
20736862
76701084
436619394
10967573
929886712
36360638
937062517
716110898
340148816
308669845
506357719
733819634
348607673
986998518
565493764
660784815
293786343
893688911
923426748
935968
38562606
2765540
112186415
718249298
275047013
413776685
964509954
148334340
492435743
252227279
429838876
349248307
825572818
556181627
578640818
469810157
451917448
120492811
559346059
979131499
715066169
293750042
740353875
711583736
289463778
18939754
241532196
23127236
870003453
994665896
13479958
76535943
267934028
808983899
64703721
184970456
448494065
841655717
723283416
954946536
299676163
54544962
91814910
624710618
508517504
317043236
993148374
821249162
340948799
745727646
136941845
791546624
765958445
812074866
462902306
783422817
223456550
378017264
911728629
84467718
682718550
325828469
205880591
624257786
370870538
406902370
510536385
978135012
155509657
897254152
5225560
14778717
431680551
27107294
16977358
770003862
272011438
162210470
839451385
190715471
190615461
745118083
311723451
489987258
677401883
477903457
159002631
321260805
756486999
509291322
669869920
699759357
820195914
659206021
597461769
360313368
61364666
649902788
473594889
33852415
145640774
194515892
624088027
393170717
750094979
206585632
515259018
822343170
908415697
84230766
102149242
120603565
102608351
964739563
389779064
610960841
731160172
313674459
66519984
972118591
955837276
257871048
748721907
14317741
690920110
908176569
551237860
352032125
49777377
879864395
937611711
566539337
591825045
542627415
753470735
407102631
173822397
312014046
58648701
391525857
565067627
435284928
206944975
744429081
534089313
205767374
642319846
209172926
497170741
81604997
886382758
275045276
32243287
526850882
71582144
197149013
544828015
101186800
105740189
686506806
551720640
437090384
690630212
247863003
104813717
480474681
441245230
294035067
614796513
519554768
646942345
805810088
111569752
350161736
590603246
882613273
281303683
939558351
369516662
588757071
978119683
25576350
484353854
369811263
604294757
909189911
452326187
344376244
497893780
47211113
413907984
302434337
694908605
721716994
190772845
210170426
494011662
235056747
392957450
240680135
437248902
636921439
187753277
385522890
73872545
107336697
704305598
523490961
812000881
839310438
562024768
862200821
173051182
587638839
311061194
420660353
247015032
761310215
694236000
383177806
267206151
95076095
738422594
412802087
831174643
505248496
367128839
723261923
627574202
704636698
360861563
86017409
853984800
6592595
992196658
102962595
226428275
129084246
595695567
541508208
155626647
703095170
229946639
284327340
804457634
321699141
217619928
216969246
213210501
362457095
210921590
603817509
72345727
789990825
892867348
664785290
309434378
764912854
631062169
438038491
3598219
77037164
525270255
93205642
612943472
545090800
809026109
186271983
121287724
114594360
314056938
48390208
272447736
216167181
737596043
513799187
650202758
323397220
908611700
69663951
219933018
840482433
539432842
717098772
646461194
933417309
248331922
389949782
589855519
261278212
765488235
198587924
912759429
623876819
726169888
527855087
617639132
315924002
386555649
230124420
349728821
132934171
603570505
876936927
777554744
414094169
417707152
345618262
633366330
370445162
218342208
434795655
418067297
941823317
492363743
443184439
486743681
450613687
77202644
723366351
180183479
240657743
679079535
228371135
303258098
906181767
952150144
421169117
570230676
555977275
938236501
570649897
698877948
446421471
555024055
158804186
193463212
669500001
845896693
246399338
435102321
193926433
261908351
537701752
621212719
349408061
991972809
497261872
251266089
989406858
907251240
470564673
752681919
277953396
391824931
780087192
853961880
580216351
900669232
167054649
7100773
547762128
17108500
792160427
633968341
8828033
424373062
633344643
369401183
744572476
610956047
611795042
902499490
487877606
380100714
227781646
438945193
263543744
128786807
406320403
368890576
638565219
186000564
174010537
703000797
665503446
55966845
422652542
18835319
7188330
348430215
815892156
215381683
36017158
591473251
91543478
367648481
213080232
106962501
907654566
297959988
36296322
664926187
189696973
520874016
367853599
352376711
102359915
581784369
617441490
702202237
391183131
986715291
629601378
770913851
43087902
42312760
769984937
865328422
270086027
397381950
666005267
872402278
709950033
385297275
899696030
958248497
446697281
785363302
354108246
187042471
973420158
727917221
939338428
486035673
621487958
878228886
156492592
607061449
902610367
328597549
638729931
324269397
860833585
533330282
176564823
189707012
282935388
691176093
159680644
189211551
773194774
237441211
874064741
866685220
491211204
703666246
648878611
360859329
910620777
549163266
944741396
634822818
430763783
298870964
327453220
111429766
249208259
549553600
10701596
134481624
549916062
670384334
628007716
882637223
692997802
78125666
722933344
261193077
43424498
845074212
272518258
610341639
366445592
746400444
786970572
823421778
506751290
932780866
81298505
772210767
6611759
311187467
541926550
819123057
392876459
470150164
487352941
371674858
375810450
349322369
434002192
553134486
313727963
230603223
410763578
734259542
43366240
42903514
637122870
578303591
268056675
640678261
583931459
956630192
472337573
906707933
887642011
343886854
735653139
880457258
156961374
655144103
840816133
655063036
56576654
734800187
761380960
287326760
89708774
469712364
296709014
967523112
427815332
709091810
436602170
551606367
174998572
971780305
348128139
494360694
370847824
362196019
319539551
827525337
492443987
255771113
792432301
812479509
288291758
570357312
628204460
424869839
220201735
725104489
600560271
625799661
774497934
448993810
577473919
487440044
449704243
910231957
255553135
270552823
338931084
283820089
941996438
651537389
826963787
317476094
847164186
862597981
882794979
660874333
813126673
205341388
456112583
218770267
407641030
367524500
615301638
666882045
200754730
539257859
439428776
239447711
912105402
330557829
966660723
322766410
31570975
503138857
395230218
214949335
66452528
557429651
150910049
137927786
976403198
518877495
79235443
105424358
587463437
658713258
377243622
972777174
708524785
453460483
218833134
880378580
642186872
237104530
877381963
709378416
31046976
353445031
358523629
607657138
664320347
329084436
308036004
426892777
729924481
923747091
454079200
383614932
945392871
648953803
474740702
818140211
336468027
922201924
346128988
412717992
588197319
457759410
284916981
231899696
38186958
374541580
330502476
858694848
75116769
406809806
944111027
429230332
549065235
413122478
473384222
995193910
257663445
842229237
209169864
623673305
580919615
513160607
920016941
454706367
630069696
12202469
558909420
480637782
14558457
404259331
266651970
163300030
152246971
869373322
348158443
798997926
715419854
47719885
393235403
742830061
341319442
58455957
663213028
759885553
189115480
247543139
759584050
608710553
147439741
67121030
447928755
430488766
397080246
147182986
123733047
685962600
470262878
694993540
499853459
85283582
697520125
940700462
475077735
81648439
174474420
138980928
280935530
561305134
492479829
834647944
953339696
719980364
194346380
587324132
95738341
303125276
369060047
90088912
821285080
644660462
740486721
75161145
640507280
278414792
274811840
512306253
30430156
240825339
266178373
836452184
968204101
897345190
285776964
569339388
687843138
538708181
929395212
776735787
262287843
72866829
997515995
63033981
989782950
235025330
95004056
669637057
308191590
384579756
742834399
720548520
688398777
31214476
531759231
770792821
283520729
513567863
19272782
48077418
284040041
553218583
273527869
352095873
186157528
742513321
344873907
462643314
62078247
971977811
642154148
62484840
550796417
746335790
482870343
299510897
516043881
325330558
453780751
785082006
45790604
131889000
134634700
859004372
641641844
169765619
584567113
760237623
362516051
458782453
514263953
904912746
829971962
737737735
109805151
374899258
722345676
274504101
303745571
131129786
483308351
485609830
603263258
266591895
388014064
149162518
712662379
674924470
398766781
921828917
523350377
606092392
138487732
81662553
317519782
674937272
37244087
540013334
707002427
857084320
73816935
51666166
849274919
921865264
582791328
854930787
516660354
961010516
228452035
445087048
367650452
589686986
655031149
435884926
861932033
498889367
734786862
33091954
299724080
73421495
760711114
577758675
642387864
669455295
448720947
186763533
854751427
144270350
677705865
493916897
182094310
26600820
735308405
309064632
396944453
14896449
327816020
515391984
519934281
586360504
781403558
907536169
265503855
532860022
801449529
494964056
836217731
192777383
855065897
362547365
193867098
320929950
256303909
744932859
716061061
897368168
34946388
941712626
943464069
969086297
117801263
434161923
666154040
483449553
459375227
631590290
337143275
543312493
204441680
335076363
177380313
97674298
515830076
638383038
543043784
116023488
964582574
362708883
907116346
406571619
831557918
643805826
679322933
991945218
805444895
907354087
689812549
668707172
389169148
795752085
704243925
97824847
450726449
433435579
673891272
585102204
74250221
478616699
354382519
695177141
722022543
512198337
364013110
598207032
766485600
238458778
333831722
638510265
967400976
482979517
404845307
625760760
634392897
634656477
317505227
344224216
261132955
474905981
479686832
196125833
514009585
419259424
22272440
114199422
414681850
764568543
491390969
903080079
740528378
9681962
423212759
892290036
300837372
587434102
887687945
965648088
328352779
139653007
610553679
606367884
52549468
730571971
737674860
370265667
312242517
902474992
893902944
707279849
315745766
263517044
794813259
738986872
835498489
491381615
56860225
339872123
952368862
83007391
52978402
965127546
482621623
922633828
726075295
208547515
128992807
917189851
302258311
508104185
351085175
512621960
758587035
1304774
163193479
195012251
58135429
483302587
916330448
797778542
152864941
696213506
927124123
299124183
989252247
593821025
92561474
143281371
317592866
618014021
607148590
453888763
679991409
593037559
564488931
592147857
838313286
773473978
957569256
45534392
507184892
837469237
692249717
903877754
512075552
317452900
713733935
903587438
225039090
690069932
134225998
742468840
956376709
881407867
285478618
875027267
140359770
802537086
141972946
256153235
337928991
401718308
365887351
664255653
723625052
299316737
732369576
24948754
135962650
729914056
478530784
565559316
565085718
718870846
755849537
438518453
652697001
301699311
598763616
784843005
798019252
452499697
643912171
439525392
104886366
822788864
68680119
582194769
740499193
595304294
960501461
631106010
336195811
922245894
750718355
301882490
484629804
147122985
597009884
393864184
93809381
82134955
318363289
224858857
94505194
21531800
642971630
672156009
734645149
220904648
771383843
791022092
552290335
587811484
160649099
122033556
48248496
863361396
477009056
931070428
26751473
75914646
284202950
305233557
735811043
153443283
694020162
253417842
34754336
439405877
862600596
566146491
400452432
281405688
959450760
730057490
485562659
974240057
89568004
256136344
985493056
617559896
858365057
819135154
624660991
929406096
967350891
946357079
191463316
761845245
848553165
501443720
941504249
730219301
314121949
710615508
957849697
283025592
856532857
5263276
732699059
722176220
915478416
130318433
961648758
297147348
704567171
46466953
399014778
947294482
657302280
543166382
284516046
712589845
338348958
802649810
382751769
38171404
805396641
877993933
33716339
206610872
597594832
565220538
983778060
124084601
402316645
608944617
444822158
863095723
871089888
441758538
266487965
684562181
962768121
163127923
578443489
865435624
372035504
533758730
676690072
596944295
628532401
140355242
226345508
193743240
955197206
171341557
785699064
425767384
385337611
148040246
35496480
501729155
441355225
753356853
48877818
619654434
908495296
944147715
286937735
646775344
174272823
870822196
72100649
114113836
560079615
527020278
635368368
781774826
578644830
794662258
947431075
741577149
611243232
310175833
52498265
357992228
461392838
885953422
481942833
661208572
53688092
797423336
582906673
716996921
990820865
96234165
891556500
445299827
329586126
4894620
294628652
562175309
869636496
107913318
347613582
646170359
37653443
50846357
356796686
17429025
181308056
534568110
287625851
331020921
697187626
673105384
200383409
515050008
621940602
142449845
24835517
94474438
938243524
158299495
850589318
704179822
369778545
532024952
997645752
731533947
799511395
118902543
461236895
821317039
229214879
768074742
338494964
7380267
914335890
714034121
958903007
856958088
119671292
61935601
667408449
734450316
239032199
49637726
308902100
685945575
651106060
157410402
79665171
166945474
869284597
926191130
373901607
103344183
824955776
493458934
469102679
226055216
113568614
652238721
321883191
73559886
966485946
478959383
813523414
908825585
690594947
108307892
401248251
261902884
461094607
471637742
132369672
353046705
95792690
378339076
20608120
189569152
782759265
671531671
930622135
88460871
473533879
161546228
224634067
418789000
501289726
535137137
49174970
575597469
187236930
761461777
892054074
243393834
579605352
909588834
966529570
628682611
94001033
119862379
994777831
121822071
683485271
799744765
645082373
433830575
723673502
871668130
322130274
854915574
960651897
616218218
143832401
891318370
61730839
283370954
533902331
160586259
642870501
695920916
772292627
185690928
137526574
939820712
317819461
180266711
338982332
178406119
673616672
663113205
798250970
403999847
190739043
83204124
303093049
788380540
297025807
621741949
848860344
638335080
557909218
208101040
494078782
333767728
390170386
962192493
448396829
149300049
632308612
788833411
768079458
164164390
420915827
68229256
992147666
487980964
57085901
679216196
14974699
522449123
992408229
881161539
501047265
234497486
774376226
69697950
577065192
246078254
748199509
153806411
131662422
622960770
94747509
989474605
708209266
542292003
449147333
993443769
499843974
645355810
87134126
890705043
237334369
189151493
332443636
687100078
308376522
953959567
30670126
724205402
46479643
944141238
157854975
516639200
182707413
61575468
318599508
946962840
11159611
940507282
104584331
468336367
582037494
983411150
478053755
462857888
603808380
704391984
824408396
690838697
504873724
299962257
27112300
249832283
589193367
523411188
336131056
398047931
770258711
724527959
670261429
864138835
82938639
920645032
142972846
536456523
950321625
241542169
311156547
662462652
772922534
76131704
56914203
467561949
884776556
117230333
791071411
955474876
844876052
951341253
423338345
434892267
888490037
1091185
172883477
229493937
360438058
345772839
594017615
544890149
989276854
821932541
989400787
119103883
639967327
896387805
926555842
997792808
478213116
614566020
263229334
423235012
904959341
795239307
282322896
67832590
926166073
313069599
675913681
455286351
187792021
211010196
69700596
4219898
2826560
959878771
466177598
597452896
466550239
487108055
911350509
454275374
303928697
944917155
897459834
870862745
300154923
652598601
910861936
393638201
193511192
112977913
247526014
858614218
46141923
204803042
736497582
709945673
691138715
524893283
628219069
954938072
182553976
554874439
509869936
114034611
451904539
450311914
210584819
232723335
581120026
292576315
261561910
433370877
736615438
612513096
151213421
491501029
162908593
655845718
666144189
490710417
447020374
675698965
152738265
140824163
574112620
579772438
914200030
835006198
892990718
142161664
77481955
420328027
867257780
631282685
206843324
992586952
639875770
237100482
22172906
231389568
515510794
944244768
441784815
773452317
577080803
60669066
227415567
934867762
779557898
503790746
597782230
196951501
287477546
869333007
404751367
288200698
685895893
197776698
534879854
773224563
839169289
478011403
456032695
134763394
559505215
977701211
536024254
158494117
850462322
25697647
276283000
919278229
75364813
467274874
736540431
345110977
798839127
613265938
876358083
549644965
794165121
382126886
219636517
616544743
352506359
223061083
972002147
605684271
140361877
10110782
825552108
655047327
357032614
100960976
247356805
839876221
123757925
987771728
851610193
394227500
456436256
150438567
287045798
103245373
54701331
369026016
552748649
778947825
650447434
664102099
232034933
848112835
843878009
127109136
614750761
892252162
40796200
816581643
173816364
318591297
953770098
96802229
148712559
457765550
818720885
647377651
53130246
733873558
858764863
964754038
964862343
850931354
177963668
49131804
164754784
519652825
72355987
488604126
505713305
318050383
205923405
225523937
332116514
210837738
25527009
797962334
706284480
867215862
660383609
120606696
45489268
863645423
922291024
530932929
204631614
20802155
612910742
676303282
341605985
96591641
772542226
666534928
476812438
724654213
534292072
41290892
157271452
389619399
545350865
864993298
356607433
88195080
346382365
868291262
447904860
87667271
363192582
670278798
573360520
715473313
468323157
546244180
177936628
613855796
705128746
547892678
513741234
969447969
142073421
468160515
959974012
915195666
260253933
491633135
887511153
847946679
57441199
566399339
280469256
204075181
276859798
604500437
482006469
122349052
756189082
278138229
664744104
549532478
994300475
404319418
366311103
481143093
344365116
688307761
75108296
953375355
696237253
625093030
663558433
914767022
247349067
479060190
14290081
260991109
658279444
920789700
514664954
903459150
855738069
187983586
762199150
405791531
145312800
562828214
613001204
122598814
979505945
358599124
647888246
4409482
641551802
719728985
1926161
391982630
46355832
429377317
794985065
925683843
796098780
106662836
242701944
667164088
552749097
180960973
225170072
969940270
994780555
841462218
423649302
751291665
581349597
768997040
997384458
634009568
757920499
949947930
266542768
200970877
90761065
579652260
580989230
736901287
847739397
255999263
698407385
371443063
38059920
250692793
200327279
476662127
996026110
588695584
322125583
388563947
232695942
380043128
468703192
440835874
910918891
779338018
495186503
651251839
450269131
899342415
280383162
774608235
361762677
918138318
144322701
437207359
391572372
559149127
749875889
543081331
477471482
425669512
763611402
765745844
289371202
872723320
309850147
768748311
476262725
253132343
305118090
109570600
597958250
468751576
906533102
985845175
316864999
185632150
429031611
842137592
197853104
354310327
762497371
298626985
43592265
169441856
95226341
856166647
465723546
575109647
265721871
55680117
750970583
344261879
799309961
952194778
828441410
227118425
317672521
882232622
604878296
53843063
933358497
652434129
396448424
269424072
247437262
381482746
655309907
826259220
888120681
527663293
529818856
666635089
300262781
340508620
443204178
69615921
64310437
552574352
179821337
542480677
257561144
874322373
897194572
121426619
36575121
988955936
602133780
659761242
355623039
707731710
68841628
615760737
18916237
779436468
683993252
641025067
836317737
640888901
604070176
518685335
848827037
169483985
306777859
665591443
610259299
909171929
101050276
712174965
934966740
843224434
545796720
441772790
774456405
399080733
311451413
381475797
162169655
97046010
845612480
231123713
125177649
58100267
106305394
246945363
399192948
969152579
498183545
676582725
32529628
210090160
891379030
414013364
373787364
467960541
262070665
890649680
5650705
670403998
479074680
234933709
282946651
847926658
519258310
888016156
460445504
643736636
103348388
439847969
280014552
973504591
678009864
50919351
816329944
594376197
581463462
254912961
847654948
253672939
689200512
457175683
307042639
180521460
644907592
984733869
127004954
713552293
650386541
78287653
577957024
555302747
527403316
770680649
37545380
407415109
120923622
550957298
407815336
885350907
617026092
865034127
526782710
939809249
300933729
971634563
253978182
358867951
473162802
740750906
154189106
733629653
993582813
878703225
222427965
163611263
447754435
86630346
453982037
704514837
662139545
354978349
470148369
116541095
122240344
54745926
399719197
842130574
560769289
186541659
410502257
996782510
481877514
264881006
104103011
795556012
282388290
692721530
735877290
842662700
599643123
760398966
624022345
192220593
937049508
390278301
298325888
878370693
756010823
93505300
753360086
955348969
786213120
354645422
552940302
763904429
888559333
292162107
322129714
316762061
754286896
948017913
297738375
57099880
806630059
128025683
624097660
641856846
976091543
675418742
170569594
335940788
454038993
147145730
990053972
472014946
744984331
279494600
744377833
173608528
353064215
559120103
222129974
133083835
970205
277863692
694299664
111162606
512877215
503168984
367472095
682906811
298734041
840762527
332332313
394003318
4730812
958136834
358243093
733429864
496436922
13568511
136246074
528890760
387178506
288991714
118419500
100267987
712815771
632028524
819220367
86406905
811195133
708478060
697105119
929729512
831153731
457671767
466658452
970706987
679393977
237700027
779127358
350957688
996199067
191764217
862752865
602687073
353990264
830843598
736607829
141373678
328919303
557233052
886990365
468563327
993585663
86268807
97970574
725556556
128379326
643737760
958532928
656407764
894174275
15594500
731760470
486985361
668759228
68673390
8110128
42582386
942872530
779825161
889260341
555112289
839966167
804822204
601782070
522921381
942323833
242869872
532255077
242973778
399211466
603190891
134227777
213857493
745769575
977148095
408475453
69055551
600467625
545162452
478095668
158362859
100860503
744826005
222723816
279030367
375586925
911518699
69049594
595336313
932663859
933730812
215873567
504934133
78006169
237052847
536757669
274066165
273402961
623937093
135714461
407331255
227657942
593095176
159810180
601052392
26700936
539155596
743388237
818427017
537749602
35805130
601543657
977657708
951889915
305124145
822950095
534640803
322689630
434185857
172900417
42014615
181831007
965265845
491586279
524089005
667879315
199350544
693863095
943492875
523977954
155170912
375217082
785571021
175367662
165287978
670417335
830404831
460029344
892674645
667101025
735332360
450491120
441645998
871121069
583409787
864514656
305784160
757004119
485418292
90308259
313360414
727034033
755264993
977129797
487557724
317181944
921004564
345195919
117639997
757899721
637695212
888654840
114688376
609927453
536953097
879429456
16653991
987531757
163819752
199417870
355428622
621179026
708546150
115991778
584598218
184503157
475007623
924105227
76781867
321563446
579346425
338352894
816128225
266799998
125821287
941529575
900942537
52115958
904609263
928814484
578899356
546430978
359335859
545408944
68253150
626310958
580366240
22043720
748350680
918517047
453719718
554741334
327275064
440164020
582386282
408828850
838391345
610285964
425990149
606515706
114354059
495227945
523461803
230358185
444324566
830158315
433595519
626272383
105135099
230737382
15065554
539145413
762027387
629584051
3214635
47131369
159184773
68723028
505687221
201986336
750247648
918671100
59099822
337572035
932193982
522537216
76159011
746963028
992933569
208187221
737744632
541469112
416304834
955789088
540060767
760197898
108373639
349738389
665047093
781709543
565472497
379010262
811885031
552768592
807746980
953708310
795878221
605634893
330135509
211030241
109980787
523177956
945927285
370655077
316751168
758791764
992104816
552767742
911466582
638732534
674763432
511967336
146699480
834808925
823733111
510186788
662705426
109852728
335483535
26234418
557562152
296562674
541948222
600928154
418208447
165070332
598246038
457958405
837103874
388354985
62415892
440262387
926705520
226201037
954938598
894532525
985520272
64357106
103767602
28625459
798689969
256567342
578041051
34554744
400498287
736719781
653273646
889513409
184247990
359407675
178178694
754608444
959492665
448568050
8676298
892154605
684056203
166063428
216552968
265319118
402318432
106776557
260442464
531222871
437591528
352227769
162747500
309219719
190605790
137705143
789358907
860638681
584387105
140221663
234560441
165096779
672419023
84763684
178912826
493171895
69372698
736632114
992954227
955989245
639388093
842013976
456086038
988619539
762699104
68779882
986834894
107482921
505148698
772369926
343626405
674978433
240224580
368177466
290624108
502025361
92007422
156457675
397457069
846349500
7084869
572369605
679292175
671942303
794598320
892765218
388183590
212949420
506095996
370170709
941628105
660637258
354304688
591998208
674820149
365977591
45447940
714626382
149631700
500521524
296052756
45136672
305903480
632485218
564859853
428362930
397584751
720037121
315941028
63000669
561140212
824674405
304821076
594033517
591430189
38820723
245073354
730524192
974409969
37286167
227532116
757911541
605378274
697409517
557541984
320532350
135148495
260728055
753075865
277102164
447181139
169723234
62290320
937674077
325522409
307228985
828544024
592296819
100769495
355470337
628860179
657803954
436752647
95766478
253980565
73364745
715096294
768707017
597816227
594459484
231815335
365317502
639424548
93851807
935142004
207896597
127385940
994256486
497439022
896699671
953793955
225314994
174593409
305006539
669339648
752840652
661283572
806817267
721094740
219101707
289130839
273507452
129214679
101487869
927736041
521851823
138431280
608719192
688646429
79353068
519109220
567591529
184962306
41487958
832149304
214126858
307277259
112212733
604126651
742881541
827086842
738409048
87178252
54918040
548956113
588277207
91376497
286841403
649716201
842447900
489463555
194071615
644777405
260625818
594499276
742679110
649326308
180335247
219432628
985328778
742893725
267352993
861049096
311091753
785644968
959740144
100886539
324207238
422792726
945925096
282452947
532528842
7733547
752966733
536719346
658775540
194674977
546447322
823964124
180036085
199007112
702920778
412620115
187124170
259180561
45215543
465009448
86810398
896772962
518374468
904823760
686432813
780047521
430324240
244445671
499851108
929788320
29306787
41843400
42982000
172836506
50272481
354812826
488217098
917793507
213437925
344981181
486901096
314494003
812450072
244500469
246595798
241310220
964361059
909226086
734601268
397204393
784611376
651048373
877227554
996262759
393593887
268611082
808566852
10686097
197736232
723389322
834185433
433024749
866897831
471735084
808828120
484487604
721264126
851391562
144641527
523980454
936347904
889282359
581280782
990298023
495827918
988135612
439879056
765765066
823896960
308562664
9254870
689537038
36476902
51509491
675434015
330027024
549101916
708726808
404588586
1925213
661364564
190812449
318652921
663539424
509458818
299663567
467933017
816445646
202894064
557095574
483047585
285136123
597081525
44965703
163423831
348840222
536956510
105526644
794779621
218036775
302201102
228852392
667298123
811616283
105884412
820357738
330570579
153714629
775692933
313053115
526365217
535059152
989760490
936985735
258068431
486355911
779142818
287252835
974175971
473412154
892599869
979486016
596375603
146876054
439611277
298856625
658065553
152160917
29745083
456510064
762251282
707655099
217063495
508596386
493595590
683738409
608692719
852909455
669649211
720901598
384732280
56382060
811959308
636190650
179219032
762576465
245957476
17835744
394460179
302165100
27665877
911028519
565099480
141266477
306913946
864489698
445313579
479273175
837609390
840624852
615543623
703838429
549679064
220555059
484731897
526855538
778791640
143431412
210813217
836803249
497250987
756974738
547740616
526897395
736004104
796197884
114967218
358774466
473684016
277644732
175500702
815477131
425585953
905125470
896639787
357100087
219696785
460546781
382927428
543271068
622746770
842089211
454460827
710800134
505439117
648137923
799747924
796311558
685330619
569324515
350154309
300883422
8006567
225455002
640331066
368946348
628343725
546940803
931955637
432891173
373612203
415439248
936413120
323384957
103056424
559313957
140570235
652123680
863578881
210841234
774303043
231908267
51576532
261261480
220241851
896449675
489893663
585453419
655316088
119135199
250170955
989226340
214298325
680212615
259168556
472923947
524213969
494275296
659721519
784155475
438221195
809570341
869669671
642058499
780509658
578772645
347358633
201571137
174734156
517599465
763374948
543801628
179387656
238354376
888649717
912881867
254360990
157812949
501781611
653269041
574785701
911138535
134385456
368896423
137270563
610195658
863404779
73660147
363893422
651086648
627821925
62002429
713866359
510180351
236457709
870625409
783789037
735833218
800138671
120425375
283004169
453054686
648763661
364816664
231445145
877865136
561279710
20847077
480118388
963207181
209621964
495640135
268363221
590352480
500117957
433484335
538952462
687242093
84672810
274940995
78663270
283147529
57306306
503780231
190460439
316555366
424386457
37611853
794589859
133288390
961100086
30992329
124477271
790930392
668896206
993076332
540892533
513277749
488950570
360396017
600601574
537746955
392830771
124235929
49059770
60880109
373840775
910745020
81226149
788828774
513031715
479332506
713583070
587971715
852471391
506926164
390886863
786860776
568579259
234541695
136980203
240078344
296074443
892502443
389445368
28013021
346777365
285165273
689198528
518436077
437220769
313751021
644628432
708602166
278955265
336598916
868327295
653330412
470473248
522020799
830720759
908318133
412818142
159072993
640393297
174300994
107334478
662191173
601281833
455640587
60233351
774835673
929425629
653463867
658045862
691885722
247707285
388630225
13639836
98032818
43908180
612404134
882529657
524173526
216058238
547715789
277751381
216019081
70063319
824206915
802641732
378788718
658132232
786298030
804571253
150939682
595800647
881855386
314849855
263966340
453007816
586172363
810910764
889711760
813392720
508524257
807648484
529329185
142390033
582679422
217836070
737334671
731420972
418069447
38850142
579343677
589324001
126606879
74446702
508065044
775346027
920394448
293613882
858734521
141710203
343990122
147402951
278478204
813006449
871697837
453114943
736532109
516294742
915419011
817984929
947568538
170692512
790491936
825491703
41766539
758603518
683668575
152787830
223048929
806537784
605704582
247969298
657841918
23781088
870065391
548912745
429589390
419336088
880797476
249367189
258475108
816453142
987307676
940069102
669384295
391635586
66343725
471357645
366805882
51616254
53739922
520234614
897317376
407984831
885173345
880021906
420522315
369901118
636857932
690183732
340230183
321253606
247003601
117798634
801587709
99166111
924144847
612575153
899661193
407230395
162686046
887561247
511423376
16720234
678729936
526263490
422874873
275984269
756885729
738606690
392773692
212079778
846401176
584968054
535615925
131197429
228159467
691428520
801761384
550136813
439490521
578823987
112975590
339708927
934325800
899440185
45113119
678108154
245457435
51166060
800440832
535535840
911668474
227844643
485221718
953192639
245188972
121695693
84763947
588345177
22152736
865894093
739094517
207799233
596820001
899321077
681350060
790880434
103317572
891484442
915566457
831191640
447902694
229685242
674106314
268896851
310007070
419624341
854210116
922346667
733284809
495129959
397380181
503697488
82640319
46781812
389981743
77004252
264489885
90942202
963054796
943876302
824353398
720368065
465377679
335443976
401023972
790247810
319958470
836011203
42687808
582270390
889169077
213545323
466016848
767899212
489948768
492254875
293590151
943951945
29605484
219492931
536178490
817406403
260622157
41716730
234833098
103080391
42131018
947999303
237881036
592365063
280506685
736588774
899651156
212389828
85218804
473465218
332776546
447780553
591899221
869715362
642595171
135851444
898215665
773563006
220596724
510530677
758948491
655656740
323264782
26530398
885626857
522543620
899706123
523944780
548081488
152517125
32233184
989653576
447765300
473482638
561611778
575781020
91438579
799294019
281677058
816949841
341189943
489297281
729401258
362000177
870835149
190597030
684824412
217917740
780445940
57143210
452428865
561086238
78194098
283550858
362956483
614265109
750552877
582615369
302448067
482624091
958020293
843346340
81625067
429812759
435929306
900043144
314798613
66397929
385496274
472809922
195188339
598923704
257164865
906193279
85503042
901938215
160488821
102034708
864470301
907141478
782325672
358940844
648757579
162584718
479244825
748110716
298851041
667590590
664190899
68113275
199743468
208851686
97384627
584683516
361611727
171695660
560789005
660370427
78830930
5342875
698181774
338699195
834850964
856081305
234777684
48316669
171399538
724198640
776984014
19745399
617801956
951218652
881051973
792065096
65012373
860139398
757456633
877062379
453174386
585915409
738865065
616395087
177709449
122960866
709139132
57111911
13047615
274348368
527697365
134483727
258874989
612347114
34267854
717389014
482020646
564657025
672395395
319037169
307987246
793379024
106054947
397148580
589588097
844347217
314902222
770974563
602222764
489709264
503419905
416272836
594200459
898413909
47713182
638875720
65106452
485295357
771329179
816781353
515664028
757172243
509573269
906643138
485095493
489100773
750273881
472885734
963859583
285423960
399584170
983138250
755216182
864036557
373459526
615321507
743751801
248802298
213759666
889906677
361997916
497383
693094708
412241798
256782047
164272437
375668385
871257441
863493053
115577644
449401046
718266524
931102866
406805045
309234360
166017844
224601753
206490621
389285829
767636035
481692384
346404086
829810560
1892720
556473801
502136072
392336663
355476738
234790558
229703230
401498136
357688316
411369925
406487250
642843562
711834116
349984174
401987591
98066817
715973181
883869292
557227334
522640760
737515086
797309346
670073439
727216876
279818077
211606523
71413130
702364965
928080221
706110762
246864136
124217040
965147813
922674755
212156614
467378741
95154966
32729576
197560163
151810038
943532504
489010133
920352041
226019138
990915622
328851750
957969327
568202987
436766481
731117355
244704410
619253836
334171064
957000076
558613877
891419605
402623189
914565670
422916473
442290293
407681699
11107088
905942364
76368861
111994854
706986806
687174958
815860434
689475087
661833619
785439190
631070555
504571915
139717824
89409466
101003324
859972524
431794006
338331145
337399609
120458971
263024969
764527345
31833809
3303422
96221768
119935439
427257444
743602274
868601705
695233533
897718591
389446844
545004115
957278563
184202932
337816108
794051335
321530368
299565313
311641777
753981415
622485863
472123452
919296661
508089151
326682685
898906301
905171395
164566417
107757899
