619385021
407172107
775761536
72598442
239338323
859173679
643868290
668984439
932454841
386251955
290336639
44678246
147803714
851527615
582167740
862705109
911971567
211725532
313233229
43094385
299162013
737835637
133363039
29346839
968765676
602123285
170620307
775363982
388831227
305038058
725702848
331376391
20317225
954429760
264482464
817737673
819974961
61653190
10105624
151256524
996291503
91764981
55241528
870344953
613771093
670138138
279680169
557857346
405015210
137360841
526901916
460513590
787401314
499227888
369811950
884969779
527367698
216297318
57034859
20220973
619775930
81427370
915092001
722764863
390726350
358522722
48273127
849264694
184463165
345008334
249445523
126480856
634835945
791768967
72767165
593748088
371628828
335851519
58482932
98059998
947723966
157135105
370449596
32530435
355179342
611467460
599952125
92286156
416630017
613266630
492816334
461057894
776270244
682209317
320673723
172030843
459044766
837315582
723656136
898438938
142927158
702950473
900188588
120725170
381817021
221698292
797086008
168159284
576518206
903436904
852518499
417525607
852974791
849192278
392276846
477400584
261355957
13117787
701043296
971385378
821928696
502434470
198963522
755314050
135336118
636796684
172711485
439072180
976154793
163662581
99405040
411777046
657909232
664944539
209898103
69915993
924803967
502544385
844345128
832687767
937909042
502868862
943950770
424050773
811692676
660352030
519872985
199099800
733205400
653346653
277687517
754758244
601459065
17564614
696624239
29770658
212199097
954570836
440602053
445270317
695944273
678261854
166642845
179975346
908757531
616916663
119764090
890088542
621392652
108220850
190458178
195755152
216291506
928711252
194564982
5143440
75163328
177138990
934999642
783220707
590814144
985793111
426485279
517684503
290874248
198157032
27305569
8761053
153076330
252071224
53141392
978179045
196243073
37201118
678205470
711670723
3950798
437281530
170726572
992884937
850913451
540189495
58499634
526777191
604178275
17094118
114153198
930818273
409630546
991051342
450075088
756089171
625459312
783765860
920914996
756776930
352639584
729062228
729380787
551954137
330523087
749951418
308626193
184624966
227304777
656796009
483503230
679586156
170387127
492410160
597507861
768637124
796159315
2963785
250441135
366959727
959834401
378860112
534959383
137671528
31860287
812953725
745400292
109050130
863345171
850098988
253776523
500724137
274401814
720887260
30823148
468739957
237057208
478288953
773509693
875138714
11934580
533334095
10929291
185815104
206706291
916117657
126548789
465978103
967818868
41686118
414366994
137373952
422606096
445160044
890800656
668063311
222513547
696620454
40634013
925617813
37632566
550387612
921193165
998075949
636850079
903258218
778695201
982484088
890442542
958320858
60753407
519954940
53662789
235957763
454569535
289002797
700733427
667141153
957329555
662702237
149284422
446087732
746608734
829925611
446309096
754023209
408198804
779741184
874744880
360893933
922402640
600169070
91420379
414009788
652188174
333329031
43788375
230395410
371980960
688545019
995191843
895779586
369773629
77693417
385158234
206112721
278041220
175947563
781573203
733576953
879050955
196271602
657837117
254648866
244606274
372172715
78900960
523149047
408712271
230301020
480586478
705646991
387128084
187130228
85212479
575574454
758359570
917967771
259167221
923210648
632398972
28819532
126904326
54451698
804019674
991294945
549308851
975496268
822522322
489317012
463394728
758505802
364208414
675696849
526406207
655312975
787664723
738209270
393461367
836966140
828923587
129467916
280580462
383596397
884574490
193573011
466605488
781633185
199618301
377197187
532984611
293836860
303606074
541241106
463003395
208990090
976170326
135546911
475113306
160135845
739324248
512726149
915546303
445454806
634121148
187635029
832926893
456765024
195042568
708523878
787813696
621252516
796789688
547482591
910593392
220389216
158847625
695000507
226799087
557614824
885645268
186139965
216135549
237202385
716453651
194468318
366905665
542888404
542956579
17402298
169030363
793849257
640393791
575923377
566100791
597919060
801364615
855903941
759873882
624695868
243416797
434883719
41843713
167688142
841387529
822403982
394608176
529972756
81792545
400162944
662072609
792877772
633770771
415720879
653969620
735600920
556778987
934712632
942474394
411761278
322586012
718570497
317727236
273381208
345375903
12870904
81647594
454034245
96801841
338490041
975606451
281406963
399608593
709618640
559040254
912703273
54034166
726753988
512280646
874810659
92682569
907566997
710581665
398402110
215256767
635131243
615096510
521625665
822515473
745230593
649653354
822747059
990369282
340892545
588173861
106027662
826362000
1728601
209237190
447923334
119482973
158920407
83786707
316473792
603557177
111920539
934485018
175833089
605042619
409467490
352606204
633695686
595014164
725641579
469368032
577977409
861137949
868452064
664982238
297322452
117400739
674609979
928627721
172841020
296907957
309053705
117769864
918150250
539973195
133235247
150819362
162164621
294026608
754624232
449935758
35727346
393138006
279195335
53371690
858276535
782276562
945281909
969209467
412129707
881449423
676079042
760035550
985582354
20840348
38140718
956715936
327953260
753178314
348797124
945767759
946471720
145526548
507808384
86156886
612666679
183748019
297392648
941950759
828818773
296126521
875497044
87417825
132286270
959307084
528433146
122806292
397311699
406134145
479642321
117450466
59845116
686661769
758504291
528513530
47755206
683358111
395248596
872275393
43070405
90746421
638792053
388774199
195813871
702347729
370979564
103038043
311864046
907542674
583615969
284933028
475335569
785553557
479700115
983029155
477989694
815504812
867378176
995873461
363985313
325934524
924480133
438124344
945153348
57293938
873123347
236601633
138426851
101903052
553513897
687281948
992757810
328036597
978883687
914610804
629452487
827518947
599946124
910736170
24583632
629270597
11208303
762681067
623430169
432431440
422080258
199326007
668978130
209306646
985492157
576583463
104593348
449444301
419233423
728011537
427479373
853427549
395502022
529154819
534292882
118983444
318285219
501602854
8084818
642761355
908466163
972923181
591549677
338084493
85960746
406838080
628864812
786372800
847465784
278475517
762758604
255207900
32525569
859769381
482198774
780524602
324686438
158077238
218408248
737597805
746754734
936096613
378157301
915012963
113847530
652394078
535265345
345043071
983158255
33854448
793270084
91357297
304110575
574248164
766222313
412067085
927038670
769379484
330015285
534267801
802105346
614031518
541755617
405626577
598382890
57055297
847449209
362757848
919908846
585333074
120131685
407532108
992669995
699967055
369317078
432796270
537687832
223554143
750518352
133447950
828941968
329844149
748193777
307083285
576513734
609153444
281754389
307487957
358341007
395456145
224457662
27422287
871754473
708752103
790468525
972161077
495867997
898086555
919062392
264070852
664195755
825899527
370389753
532898188
556513404
948670046
402242357
989237292
496876913
450817820
714875559
724788756
244817750
859153741
64326910
545289692
979610432
640021459
102779317
364332361
846609375
23743463
299135929
313307918
280392566
727713123
644030772
573884931
170144416
81904246
742137694
709937588
173570031
563708702
572920653
291399841
965679840
979860095
308980482
107415263
11232899
500610417
576930100
283707836
55311653
512923828
173072563
42467524
978063871
765304213
668660403
178615104
33820657
813573309
823183778
76717015
671287500
972223129
512603144
909857053
571452410
929814642
505927604
773396462
779918555
64127623
719568877
567410491
277336015
628069023
401298453
260464015
397727665
783637649
251025419
56555642
127158298
313894492
633279112
469683865
793185115
865204799
924405192
80491587
359610980
893046459
645223156
263999319
79397821
399754275
347241249
115042777
906499447
127309941
91753312
653917241
933315637
666717395
407454996
641731058
986244655
919533731
349381149
458893378
886471987
39122239
611483657
600955925
827747445
632068961
874448398
977568183
73444630
739950316
424421863
77271998
43866461
873950068
306065609
20290325
326915432
617548678
462929986
495011106
634933277
777706827
332967519
29191034
736420723
527467917
954769550
163946427
266591869
476237101
878532329
419353081
903139712
836342738
947621182
860119884
346997733
970905749
594029844
733551073
995331224
396165115
652999957
172528061
955249419
459395440
775751379
611101862
882702139
615735556
403906647
5865455
773031092
887878798
815650066
827856301
951768666
566830073
303933098
374163175
521074068
934531516
309148245
100801568
412901060
904445575
821096210
641386747
153181928
811835045
436643470
721200937
551877178
103645756
403063544
375586075
744280621
929126160
97578790
337105514
856259111
680829801
490509849
317823097
520688141
484883715
971534842
152490147
151611846
279028242
930734722
764157862
260735296
807898705
113711313
982840364
721789166
549687330
331267874
580898427
583946376
779499878
626588692
727219993
291596343
651011685
346517265
943058944
349628322
732718608
318923567
678729544
796892374
429156307
21572784
417248815
295409477
536222880
140610923
248075659
792303008
168862606
463811799
947134292
736216731
311439454
975233942
800938735
447816742
815856095
706411946
692909793
532565013
114410767
556979754
389844127
491796403
394885694
966799999
411473033
930233134
436183452
833406264
427018240
370322463
195926057
253655306
248172413
908353140
266156856
577687492
124999564
290772415
343069723
373876020
241855187
548217175
856609750
318529592
957357889
159538663
456672138
869121851
197431680
212197673
439912632
111059785
941421817
647252059
286463882
8619747
784771309
858376202
821706852
940486763
416204974
10241213
110140012
221578621
618345534
692469645
900188178
218928618
813890923
578241936
300726395
188307506
126976078
211204625
907525961
118770928
75501106
260381453
722520419
106799834
690833481
133497734
99398556
517063964
195865613
725872802
804512492
850414286
640743631
386299588
326842572
4489220
90815000
232950734
446232588
729579673
203759535
897567427
394387520
438321659
295918171
328578651
154161575
908986287
174974947
322970737
115615116
438953796
520824596
235335982
48371134
996781448
518468346
541551500
684177265
117430302
192505085
762737988
650048998
628293691
478883208
516249526
318451221
356997477
268629455
202746097
576104438
224279778
253110364
496619756
147909544
185510051
706260631
9913471
128103909
563595230
426040384
952456284
413214409
585003752
68076030
117303747
805961168
68724738
343048801
638820905
4705765
395507962
788927
560390566
92069494
59221900
279446817
179480154
246228673
839827473
421145838
756274903
874022198
867782606
472925118
283885693
234587673
619548138
225354283
566631462
461133752
332803443
743373334
427665591
988879573
565310849
922039570
511468670
284710794
89563982
65154172
530022506
42609620
987888231
771169264
45347794
745499073
743051218
480490161
431089774
535939953
562192800
944216158
230786409
853576770
734503684
526947866
83350173
507331913
981111324
941475235
166413882
836733819
586848081
49129425
391955431
728907352
522507896
960234709
408695801
452915313
964333271
728350025
621527242
901434480
412527460
150576763
147169387
799547058
328725451
77312764
100404870
687713640
711087921
878215310
281256786
111691788
565764113
301919064
797644526
898554020
191852864
661521492
78503619
942574316
137808145
535266502
729716946
285799701
751952957
506567193
302986062
68564758
401454485
512394147
11566830
438785013
587574808
608979710
949401666
130240228
345625107
653301604
126198889
230331591
648761694
268772884
946192780
826266758
931411167
97766556
111703839
970499063
370677324
877941344
155772267
572448629
195037972
80822526
454724619
256193124
627701750
218696452
326548514
658645237
767960745
491224977
511211174
31181259
952962596
763601878
520525078
594896580
68337273
145236872
285996834
948153169
918076798
696717205
298026709
425127416
56584543
551754017
163905997
292140731
198048466
845906491
4952245
125736445
754456264
873586260
766099146
887209920
236657957
420216809
539088647
66418244
767997615
984199163
254239003
492377502
83194444
465517277
954793557
779824193
387698002
767281734
424023070
729375808
238662434
931842523
146963052
732565958
691856733
149301827
581217612
105410534
588558692
41542632
188845767
251833944
600787619
597056931
510302655
665111150
974962396
103696414
225619321
687289638
616355250
427970933
522001378
48938841
578988909
312164666
766223282
264123233
908847133
88392053
726251575
549025776
744421579
690358024
71275242
291412408
491614997
109898238
870819183
443240973
140973081
869894912
765321299
529459661
558441170
118665359
871062232
565856260
957587075
591488478
794394828
513363012
233572602
29573527
987129024
717021083
576615733
685775282
532799883
789275828
468810492
348799113
606901431
371559290
921591263
90478615
304837252
712587659
79653016
676003310
781230348
872538342
378510902
681901601
672702468
493199182
548871735
185762525
596121133
115383197
239132621
290661639
519543335
621946763
455597620
734272607
194707519
661246302
476453714
521295106
267362806
29123300
958405119
703757590
789282264
809173240
590578152
707744421
783147357
91055039
230968478
473410984
588940432
174085229
792362742
82183601
644863461
189082522
265584173
562498001
584043814
568217193
800733856
795385714
701419656
595833435
470836738
266349818
734636516
482785947
159552530
853264819
749055568
227884963
590986907
738154245
741474363
303397765
88813538
822805165
728052681
698002056
211494969
569517838
234591513
490572453
531044947
266932388
413492132
795920078
551225106
497968902
415659078
167924530
583722112
793893576
35624844
578722225
332675736
984592671
532465238
312196054
930781958
896395694
572050001
309645985
119118115
201422017
197032720
936283578
991969791
928814462
498147625
686684998
723435063
353535497
98473520
767215046
357152641
117210695
425162599
166616679
690043241
497215101
220425560
85508354
300100561
685651750
893054146
791358372
933363221
135734534
589000787
947472631
237677065
31950563
339016504
476512198
174183461
735274319
909436116
807160781
496105621
882157086
797086775
35717572
469598234
202728546
890436741
382920239
200762799
69814845
443163804
197067520
767496611
172175861
613741700
650922142
62394780
901351216
455049367
126760613
69935671
912868370
60022669
364181077
683232500
868147964
622096292
646330688
736730626
816615962
438228594
795666107
818170689
200326242
116392013
186296028
328785862
894739057
69789202
851864554
577895059
732569112
514944538
869968829
164585519
410362557
114386576
303873651
573485065
668261402
505795142
875405521
322652198
331611184
548085357
182043123
325215443
929951231
343812523
85753914
849662708
56665374
360775452
902695214
705006863
497279534
861128208
882159013
563945952
226096522
647480410
735164744
556704771
832564644
606981533
933380334
9833938
69590092
611598569
799351284
394736215
264867251
849200058
715647492
284297661
51422750
689479624
616652074
585435729
914341286
807107832
993985526
191946863
350760406
714869934
304312685
989790935
565046303
983460309
879225076
669825227
867473466
838119292
838520304
881150304
231505868
342958357
768965307
696541288
163488325
110194066
610463485
517570048
464462182
454369494
583859922
796421395
829022345
845341221
192064088
197538039
173238279
527783389
622217174
907430753
564334695
383458232
919547949
332214552
262887356
395357013
685681308
166158091
80484463
236476561
560729616
562757110
533186247
207230187
950391643
135122129
146855503
302437445
472452518
339789152
333733624
705298870
896311690
273553304
922878842
361918640
21455428
946378133
461587890
63616302
271057142
466643111
357962820
845290357
305384003
280221945
863970587
278810947
603808311
674388335
366504511
849766785
288215332
552608813
975756499
545225161
318404651
991738000
641549338
729240442
761133021
887578688
307981551
126555664
839739170
893999699
234819602
357157880
835925055
802450412
792251126
705099557
325203309
600239774
901324163
146914971
274673695
193397448
318878822
427484820
514292592
201847214
77316355
799152301
515317934
437509175
478651679
821986031
495407592
507955828
170130931
796519742
805152197
838413968
289736367
546848617
551559275
762247868
291990088
4850133
901260870
981940335
867595464
276886452
332937006
889827951
939414465
697867659
513030429
101603731
959551724
880019754
607145071
495274369
811776124
157617029
913257517
348065394
785523522
708772783
268014983
721766261
808173664
61914858
795577193
972589124
899684418
20660926
685885286
220740180
539427432
754782728
226777175
78619069
758377299
209022553
850486117
74922349
464579361
929335481
647134658
912689642
609542848
984573491
471990807
816647059
695615193
182339089
605498375
71950085
190122781
575291037
758274088
310447207
757551320
354547819
556187861
723061579
558143416
188351655
260996034
379385087
222662805
678960035
316396422
46493157
19221495
501458171
351795113
209715647
488228532
825882144
722793811
824056849
29550883
214432018
174314484
212376523
687436961
627874926
2222366
78299125
785516832
651385062
46755511
817668466
888785272
72125919
404748404
241172275
629731027
346798237
997700702
571225940
288308432
945065012
426600596
719576324
395477164
870690019
793937962
181103071
44370374
812522320
151920586
247632893
414915049
910765052
322051332
216788430
48255765
21474046
170894618
297729145
34875829
466417451
375746137
683040636
724442564
424792472
692431076
936909732
785528344
964789689
284160178
293603478
952274705
437021532
682411253
213520742
64973393
914834126
331592030
946004477
704481539
945810320
154618743
548227563
494990681
811261476
57909121
294393232
361483507
237730464
568027515
704059964
833400827
879600954
642215330
27357317
894618837
154473711
839426421
629098970
394976312
635842759
248394566
415643374
264076740
509721284
831415254
615984206
293541920
47442679
769814403
745419775
824712672
493161039
987172030
993647587
667917700
366710356
242900258
136069449
8592550
777404911
5876410
486349000
455087657
39169155
309670004
486577342
899609011
391919274
20403760
445715863
696317613
669364637
934999202
502534920
719214446
580587622
78131124
28605652
460647976
95202858
274447221
319088999
391950468
396171218
896976512
343211290
479754833
333127972
676657571
300756636
349571870
83176964
663715689
716833635
135476786
809173513
218380074
189688945
718650156
92281384
707542652
609694137
42822499
451975501
282563939
189116692
522268793
611478100
234392281
853147059
293741971
789173854
758743728
514401406
774361650
757876708
964389530
966321013
919770143
214552597
504502053
226699978
864818227
175893971
841707683
697515085
496014131
16401405
326450431
767612738
451162170
603020167
859282519
715954914
778131147
477539263
649184348
833231672
282333905
994225090
279550478
314558802
973639850
854012390
250360137
114790217
226138382
427249834
995463074
35047047
288333959
96510136
205606543
397463051
944552452
536926458
202868234
817011125
369442367
140030700
27858066
936996185
563054243
21351912
451466187
247721397
5775551
708745468
847109327
671529665
484411294
112869492
778558856
755692703
601209189
991156945
63663467
296537558
969398835
443497877
157288098
971726198
64415544
866794793
383983767
661786474
61469817
552879777
410437333
857093062
284151038
112065037
893225523
980679699
788421463
17692111
669967767
406975012
151029941
184349279
858564328
151984636
307856996
887568991
732750816
612391964
420045455
341951333
728416935
483124832
244267560
14350700
591085861
897465552
229302224
503856245
99635917
53960725
345231004
715236276
429532885
778712890
234181472
864603919
623817305
609299656
553968415
1932353
861843103
225281754
411618749
599955969
147313706
591728272
34804695
8569590
609206748
473108421
255099884
226485949
724471095
579822939
605634021
343007281
748087170
228009306
799886344
323456344
32186671
28543611
70551759
863381500
71524352
836807886
979104854
954172560
19459733
653985436
539684349
798927971
738939947
186430118
827403137
610623490
132447734
310183426
450779854
378397849
709892659
208530167
31956924
605445930
530215782
887133214
945784752
527233711
815723891
117621304
30426539
402699568
131699250
48485660
786063797
333976790
798610556
815812668
611878500
408939925
139207303
652295321
236466376
80353644
476963046
673571509
935806874
169539133
408270038
596108694
152677029
561328149
7685473
362367477
174413982
600129778
787190068
597666402
494685303
362441850
622362679
934346231
882269837
284622860
955931925
197101963
989401284
305856598
823332793
604773302
463873711
30524688
142794924
477691532
98898812
361965263
941494885
828464486
277081694
627789248
136643649
991084060
519589703
78376634
192793853
138282845
305663845
891084607
388043135
77746074
714267918
248588701
836542967
584958584
918720297
474848877
98301241
491614453
624468570
879713483
57868634
131891417
544441733
221220466
388097819
604897066
317357573
208963001
833058626
529457047
201897194
93432539
515635360
537852246
491434321
277282315
119588296
196721334
922521989
505997678
916825035
685820900
104066376
849615128
66493826
921973555
227003445
530770757
558913781
376012982
522279345
622583115
615757815
577581655
43740576
423082242
688353794
875950827
838033241
421556642
166743911
75511353
969752971
403904518
355406186
560924034
846376389
810479611
753753796
106137741
818111255
180868113
299030626
293069449
238322791
896512526
50755648
352199462
386635346
442361923
322034117
198370847
138739167
343329069
559161715
979592336
214284077
313392625
320887573
496428904
926806629
626923024
650269935
818936757
615150943
128760004
71350635
754710415
354621625
213365445
182595970
29384332
71808104
744839099
828056952
99277233
982043810
721259491
226321336
805789754
913047183
453264044
435163745
535845906
955211214
503157768
482347631
340712459
151518306
994584305
99035219
970694526
689895053
808953131
196894639
232264180
571459040
775517422
311631051
582967200
796180638
284424940
198937981
705732941
866196389
215721010
667335198
3556974
355822878
639602389
30009327
103271895
607979749
391105339
449248112
846528895
975444656
698078968
288630700
577022130
740388128
451744266
381935166
858702826
518500292
836203809
10525830
701674239
443445838
262804030
721484271
317339335
233199823
339953828
167380599
479793320
241446368
521333802
448182433
466626248
92638479
893549168
596633491
360279742
430339221
746713728
524085188
27211900
699775008
304793527
322361685
818864033
139685195
367342726
754812041
720904781
785318553
669157358
872478273
300384882
591396452
849501663
65055110
519768800
590616840
374657356
602921453
738713553
910011594
179193564
369056037
851016918
972729259
12994274
972500225
57036705
125686804
324259653
577863364
320876068
416651898
423145824
792147482
222758462
895729001
591855279
2171706
483886072
802734989
429337126
498308953
570305140
538342946
716705564
452656619
1579677
751968717
944792386
552660110
165132748
463497872
360114750
65289183
8302175
645485715
309859281
555433578
626982258
36679739
123264430
716401170
118301241
602029526
100597488
488400085
249512028
7368817
212801201
126944963
536880051
611222518
86188623
349815465
878855605
742491683
583877482
499888228
939953047
146419711
894424255
39973592
478966037
318082829
879559144
861588489
871878174
880950564
936124389
276459338
474830684
174358593
992035976
169098044
203250892
652576120
61239564
770596933
703246775
658573384
391950479
6554063
542598389
741554456
455912723
438382820
301828012
963355615
182823656
189076596
641689979
413486863
882621097
929826011
256267919
775418330
257895186
25654346
29192511
846399972
542772872
346488669
937809823
427119844
779351748
293341027
580477532
692435982
452456821
183299379
370366376
46273059
918471163
167026336
390937580
514883252
906403146
860798627
262828162
683986332
99308735
291835111
342821801
773500570
953135736
759639662
855056194
213503901
111670955
46882697
297813999
51951181
544504546
67596762
724017368
185329653
808737920
822112024
770925262
827270495
888946078
66751740
905266743
64888325
633745377
94492144
689800306
565981918
326081286
166731752
3541109
719251840
16323427
293251222
925304205
439333167
574216111
691164325
720001383
820504694
161400997
842791660
723495124
651021718
997839360
135385614
133830551
699942048
87147430
963637578
147402009
198996450
222154499
503101908
195506805
566566363
337097974
810689788
797932216
995867550
738393904
143194180
15647586
655182307
423111838
885120205
903996346
412316803
297250338
675009024
650726598
184881107
982510955
27520507
18138885
818822853
589111395
528051146
963793518
810962210
316014685
855682401
353712550
79793350
707434197
421323625
799489842
768837669
647655292
476006662
195613099
610913856
498627773
375257251
808083910
26204389
650802880
166583182
427527794
103055957
590299228
662968231
437334620
831433760
229969211
910028674
382607053
895399800
582896860
207634365
224067426
332559783
556402977
902884237
473144618
486081411
399656507
185299129
204974385
516390419
124345269
925872466
482082225
577371974
16063023
624948957
249497492
878595053
921904390
451424832
216578953
753212054
814038582
272131846
349868257
645963300
867411455
626494115
979771691
548061303
912983987
576104140
517305755
229870629
635371426
546633067
295172146
713323305
144081018
718572829
477782806
582312835
865670985
976354521
574894566
630267303
637389020
838632353
306663390
164152356
588492655
926534682
131248199
438623998
149613413
323551533
351084937
65086726
188658047
570155631
276602192
588764238
561196188
917815367
568339948
340571021
847835771
59499398
53473219
206586577
538126940
724106777
335931341
719734362
235004589
243377419
103475382
942408042
753268905
135483501
561209937
941263727
491353519
74627491
793303302
298015163
625836154
391793568
532700191
862625957
155183650
816705678
904801724
795941051
543496536
346589114
700477143
549765662
924398541
843076720
811704512
952196629
943738134
846567908
389008945
374590576
764524325
108124981
273291109
579341746
606142907
414720907
669198306
661792158
85749025
938752725
482326292
102109994
408944550
916559036
920403419
271531767
279962355
56573039
813947730
508271849
314290507
567513358
480892055
325006669
607185879
946260726
35123971
265578189
787979918
83333783
553597075
849033029
498930668
426926969
552747484
283007111
560311361
968923471
924103799
132216377
472918340
195485200
792630027
404042884
549105536
169388142
580615801
961063737
885487304
560891704
551380445
792146659
87150527
174623327
63447144
802621576
97260998
380648908
435016170
206968099
315284571
491699122
435128121
759928230
778428674
230976901
246502897
728811232
396937858
696068998
98289448
49057715
686639811
390289280
602240484
148098814
204474869
84870899
62651878
706749350
820347570
164255081
478884341
539685103
758646432
655971435
400757078
948000322
940892862
363223943
440903513
910593870
200989148
483678116
551092639
871015967
953956418
627053775
203988012
416601261
670835108
980773022
173219965
8450218
969709145
288395017
763148604
997934394
757635242
439106652
429585334
688549664
93780892
900968406
763870516
688917737
528786412
737399376
680966694
834553726
274966248
424979802
12796289
606993519
93265590
867004089
762635803
194829346
945828927
625569471
731782079
159929017
119640419
59782371
122113995
886756217
181346026
90812890
19899969
486554406
980108274
910485554
703815150
668347991
376338445
577154357
34068440
273905590
519161766
828690477
457293364
644993072
849889966
413428766
934722335
716503469
527050612
136011843
344920057
538504309
408112819
421655784
618542626
31405569
283430826
330740742
553249217
777386514
130235538
738969522
460083600
661354416
477671371
245474868
5632549
391768261
79112368
699078529
756525891
933134315
814781033
526100681
187223648
466186599
947329188
303305789
905917841
238224080
477275076
654875503
131649089
702878867
48583840
197248259
483022473
837689514
853729639
958294576
367516390
969160730
89051677
193907983
563195162
602166870
40475853
222266456
497342159
424999574
664226731
229930987
425026555
83191671
30042558
633048951
153055344
223360891
74919661
967447362
147420930
435709025
21022253
297222597
550147046
888189285
138828233
690515866
400648700
729544522
38947953
262657786
176564178
24442836
316777783
575122798
952796349
749570844
794666981
582086998
533575726
323163104
748670728
915174674
281867162
363401474
72543455
410184651
551796178
411801016
955989585
509725517
495288173
102399519
389502268
84094334
466095616
10098589
774284264
428014424
778759365
38503036
117416137
434285875
622186777
614477811
617767722
581069607
443966967
108511836
448579762
358304276
608083539
715558400
40722724
816637727
333000966
112935982
495581669
329712722
755659892
571211681
895093232
637609355
850274644
553668107
454958674
421640956
289836331
883366349
375542593
134672005
179472334
358726117
261272900
182737672
599550233
463536283
177731754
560634348
538034177
637359702
447698108
441811037
824607064
640823573
445651116
871662064
643523129
500300244
363423701
417420606
9475532
860721278
653348051
268156288
726935525
759646429
903437448
489748996
450304697
716465733
35381724
11176647
394788876
683130674
489080726
678149184
441489206
2154447
974070720
284489825
310278013
972156953
838152945
765267505
143164341
925946045
296100332
72144055
84795889
235578330
525607846
980072940
70710284
725064297
394865610
840128301
722762924
458702825
894521594
736802140
558720528
679147620
304039016
809671155
646699689
165610321
585476862
275741361
369020234
15695431
658284931
619478022
477197660
901184548
839093882
658689981
228073346
598554903
42384610
546026658
408121274
551922207
226591771
489185787
727205962
265889035
510659961
177062026
982401168
11574547
378636572
458983095
695495081
650730799
797322046
588170464
448693170
204818594
264119873
747781463
721888558
7620895
623976880
154613906
991841583
744715460
340690898
971525239
166390232
865040098
292922982
814848232
414079606
114552978
326588949
776754838
68411232
329798668
36386235
528458142
23554300
751539721
537737153
217147754
465014566
161771102
553691366
865273365
3888461
765241494
448895246
678329571
383976357
419169855
402323163
79415279
674541
468693887
865352550
76602264
635682895
480846280
456134699
145362014
308009941
787135471
314590120
855423313
600766487
813915843
780161428
383287109
328467240
460956451
730642455
397102
855077338
812397074
234173548
382649735
421948033
105673910
555070205
758228960
429642474
543623552
636849418
116364792
343111400
94007041
151701220
685781400
911938176
823409837
125152558
903318970
973366228
321348522
333348179
788459385
519051392
274780049
137445135
598103305
328762256
381721803
523621748
794663599
980227775
305110575
153813629
328366941
944341706
430458483
839118102
785069808
886937083
178986427
697516302
232911110
468419345
54004025
969440961
606651282
381466463
683559767
140291792
408606433
43881752
248410558
231789896
766734308
141476788
105685692
125592063
397016961
491907382
388959283
400796057
273706403
5095163
124123064
335865161
567911747
485742201
267105775
720395686
881123006
926457413
583261148
841436465
833504491
980270584
324137699
431431504
857237406
670272655
497363181
662775164
525037174
247036027
350958327
225141807
574752017
931633747
256332452
631621939
293913957
553544649
595601412
947163138
571382321
279593810
742361248
568248719
361069149
522478958
790519050
821690096
869690002
959806901
570895163
991065008
630814815
190486672
347197373
797867177
418227415
249346793
601546908
473085351
970233605
428144203
543402349
644915050
16510443
764866587
699620561
47757026
807348963
589290762
794937727
354370071
683639065
721568065
384218012
850169409
255049256
503489658
475153645
153279043
682500826
331361952
617914243
403169328
638002357
335467839
255937665
354487139
687481836
844675539
451211269
204462521
167453458
959099143
878618106
524913836
120758235
989622842
912215673
565184873
717806578
576662509
303255938
528669204
796088134
402669537
911493282
415777332
100519860
158181184
780991453
331324839
306050155
252126136
537981226
491573051
28339855
130965535
552721028
456906433
24583912
392962766
880252122
135288077
295008292
404433663
615723399
53317261
469885891
594439210
532492242
704100369
261037952
548098993
299931363
416620722
367358244
576846754
655201736
887011684
104141679
120237290
65015636
268373171
590214345
741953509
574584721
893856115
747222253
456610475
371565523
349001168
577559485
309143837
823816977
912938914
499545760
959901769
558614012
907456274
406126992
44663362
473265963
727245742
971865255
692442859
655286101
735457057
633030722
191661438
707590128
589787020
410164209
21756286
312477013
980735002
978702394
573054622
834864714
777838520
798555471
155027640
462711707
694906406
344591861
488754560
36655026
719251012
473907942
425109348
432063347
731833076
146082707
238623049
326422688
336976622
873973465
950256022
421999503
262096440
497155751
10421779
39341442
14505239
937255940
107625080
762011058
928062660
797797170
18077594
873333209
334945214
709272524
109947318
269911983
24780026
333495185
746574749
445707810
761770660
648888374
986508134
650111848
671738076
445688768
851737987
194273820
596956599
71382292
850681619
394956308
140470426
326721896
359813370
443422525
742351908
51192357
134130237
537761217
422343927
742298789
348072362
256873459
53324033
55199042
186797660
548667100
452380951
406091313
232396020
568632263
596286382
880914716
95875633
286100901
9315447
283228302
235197692
268848556
855822788
225670209
218906163
914624380
583300302
327630792
757693027
591747909
445838687
950075762
678918666
275357471
901564110
466806150
440550073
330910035
439619640
609739073
57879514
935407457
70172111
399464851
798374437
434640360
204051630
26649578
821274545
306026362
835231533
233292129
987019032
512521988
164609709
69552758
406548423
337035566
387687085
556289655
883760837
541673128
837373473
633192027
615894379
848977521
238537724
127197184
914372421
531606746
159658781
650824427
589630739
446805911
513812126
938585648
734657939
170582420
157581508
403148649
79602013
385699917
380158257
816380876
319354801
136677058
320361142
785177167
458237707
325386426
625767732
541742919
824407947
40401193
872329691
694370849
561331448
585155788
757069007
517104888
169782704
792544832
513651657
112794936
42159465
654416822
387968277
18444713
656800784
442081446
375410610
240723169
223460078
777785139
310577635
888024307
821202681
162217088
73794129
902489703
848185947
695950859
896533987
413257905
517494366
304890249
8473288
268058754
433080716
791508935
616491073
153228597
438284908
879969958
919993006
91092904
571286101
980365760
871971869
70905899
197400093
20445928
549490264
874445890
626864407
755553025
586764384
362871726
178304606
21450225
266456002
444447117
808738244
444264997
698624826
492341049
254222667
926343998
490166270
91599371
933361543
709476624
326369173
267762483
770378316
312504358
390019520
945060406
443161397
515367977
269893946
204453589
106804911
930839553
117508977
665917636
417625581
819497418
625346514
849535430
254402028
497314992
185320572
847798079
411817873
775987125
610842899
75554216
918364113
473725926
187772010
769008906
224085708
907243314
343629554
479018530
350508628
399449890
546593195
971281974
983762067
918689274
863414590
169279294
356027837
721476395
342357274
666608604
610429898
630463114
570176195
708194997
665021574
647934076
286364048
544030992
829666981
159850105
799487052
235650805
573940942
789768009
418051378
563083695
176045022
550586580
474107124
845171419
443383894
993976979
517018709
834348775
193830318
658672567
633494516
580410099
470745874
55058516
987815703
562932881
879510589
418090636
728292342
900436563
865033672
784464783
321140636
66878802
557214010
406125186
56521658
607289803
622760684
780782330
536429206
969831859
849242821
986048112
533385499
299609991
544880443
858475316
108156738
878771785
833700319
653811826
262214176
142211262
316121574
444773967
699089547
195892679
686117200
362151446
414131075
56485725
140349043
519142806
888189430
892794501
875248231
568659318
989150249
248177825
581288962
298736198
256148664
67432676
828535773
968748043
253304213
565847114
445838053
70555879
598214119
74710620
310794752
384911639
77291344
289721244
208622742
308725933
570700798
251947742
634222716
412214439
297198811
833049482
432133426
496125812
730333315
228244668
801893142
127247234
449013255
237643691
805532384
793739917
739306610
331466714
811433791
548141529
199535854
880852734
541886071
178718268
835181994
7370289
965164827
139127647
258223859
630797921
504560520
427426746
604235299
270684565
889694064
909191157
323174295
910899376
382556212
333470703
771190559
498782006
571746986
952029194
294397710
160735121
324963171
98139399
606655272
254532020
878969697
749950698
993340452
750258049
521984445
66266016
517611561
667667717
297722767
960369813
492655080
756598085
859195687
316135311
569686831
664877638
420287632
836844276
790814139
618651521
521645246
203631632
395800028
715798630
72365558
632223301
598191256
729697849
842475336
802342717
372267396
607226973
249007298
401065901
950771482
232527940
410816888
510085718
187916658
138313467
185198095
103421067
950645723
865789483
971005605
626261917
305062677
477713964
767474529
445603098
134077327
882252277
777611050
103644975
958754791
654854482
976020982
889001953
405870854
207441880
761616382
177482650
361808766
746604196
62860458
723311221
877304353
32178879
15317406
202432809
182980287
37619581
422861635
6167374
951080021
265251395
675852530
100698872
917976801
445620336
315714329
169675074
404394018
472685724
966313498
807320914
296523219
401891484
698745277
586572869
723510428
456780641
973045559
452350196
3102617
563151325
282118157
71977299
294532490
963048086
96563878
300144637
460213537
251684409
18707330
480456906
803564473
872980019
909834104
208341846
296519792
831338128
596209641
849130245
440013025
739158054
309624763
846878238
713404485
361678239
201849925
609669234
164599571
356163038
818124503
15504260
111043287
432843573
265723702
592541006
203410725
221929180
261741218
89833098
286603862
642548723
16954090
234997991
910093023
99007675
636374648
564398140
508399045
517942880
546206562
64624481
244229810
696931324
573139432
949364517
351951821
800010378
786739576
42137298
439143979
226426172
254934734
511059352
510817586
961000581
532801216
798309255
372083666
424907286
211690356
215951497
864174702
656336887
651956111
617327817
747930939
303364811
802216086
842025508
186265409
380930453
699810978
497155966
800240694
804675283
429040378
78128033
2862727
575627812
278577580
85711824
84575911
392745931
827549841
819648036
168270259
452281649
106820572
20912511
521446502
943868292
730655482
120208715
983230425
820042156
103246639
500842068
758001660
304735121
816181382
712051864
285460380
828152027
50454317
141032191
36916337
255848885
319632602
983881387
909019086
837579736
350725462
188961848
684095870
856586905
694045889
422453391
214720424
566513479
349881019
499851399
322722868
368370410
921716704
134881782
580303036
810457440
51935087
211075314
890005602
926708817
931566569
925471479
322752386
268363165
489298873
320262110
131125299
461555038
697879829
629668052
76897970
342180459
592935619
596801061
819397742
128697582
184260325
957337162
146850576
1250916
491884542
726905447
483746582
707473767
803578276
24370986
995304891
325475635
64857028
152001389
810369648
492955547
921651613
676145669
318959064
988395911
267935115
691306737
530858269
924775392
790782389
391056621
420421111
267773534
543496301
574997975
852039891
313844879
241989019
917633819
608190119
917215297
761318539
415094835
589696791
676901199
645789179
908161964
730789291
387902067
199966945
949329552
20149175
532671589
867015069
774467396
34738002
154454034
497015912
96634855
773143521
110649439
876502236
965911558
431015824
844127472
111842807
568190273
737280234
721361588
420528473
435013737
564202076
785815334
285394286
650146896
645936018
536394437
265235274
461761740
64744830
881030323
750708097
905922281
743748240
767213443
69640051
33515028
187713392
970201827
633397150
220232710
370663843
536790335
175347861
628675349
921118159
499956049
696353713
960929370
391446386
813286723
223452625
560879458
582629803
408880399
84672530
183367422
134766677
853032490
244620784
565249332
875861755
418898351
851320252
170390997
560245194
643376947
231484931
945170034
194579279
665639636
551803529
155310508
650673734
