888210907
117402771
790929400
58464431
833293864
700846585
770491558
352873592
356214132
287396014
593591795
850319646
546814972
951938467
214870213
313429805
427159522
177179324
325975111
356466606
603101078
657368045
595036181
129766916
738289283
589569183
686261016
760097378
784179352
440394446
809319894
190004103
173833105
86663474
136754838
44582813
291430351
667142854
418282353
746878961
153059968
640207097
454441020
334588674
507174264
501016645
69192339
773862532
440392878
438456484
809488248
446953523
394074378
79788186
710431273
156175648
364320201
425460812
337131263
467072091
210754608
816680643
788549622
429793288
462927243
959088797
201588990
365678015
813415063
480737215
702739232
159752888
790609697
298320381
294047915
549775046
484345847
480398043
42817449
96919029
723579734
82396529
876009352
183312500
240297424
38675576
44787890
800787380
311175111
139571902
147468885
256714906
366566873
301128578
781856937
24748875
627998768
585712098
264194547
274191205
324672620
67838119
249366148
489153799
245517180
152612021
343465942
63435052
762126064
82369580
849404232
208093813
334011033
466412512
822014768
354741853
441735045
428041968
639366898
723261593
634127048
338183845
6826015
972960620
1557025
792779109
48821193
175974771
629017751
222496482
539934832
941190410
596227334
348784500
46184808
368890732
241993458
173812661
950577181
241637632
210127372
844582061
167516465
864548153
339685308
938034055
740128203
235212313
246882585
142951000
768948280
163124158
90955915
675384176
682858970
966087670
313672330
726496404
878985188
335946477
459715404
587630312
469212986
180631807
4529507
753477213
691195800
337392452
314468092
646049385
980436402
785816501
744643164
364240643
191097674
27273652
456422303
518164896
461335943
371595330
544855707
690102973
165386022
772657037
177624830
597153496
342957326
556130106
766208065
457534596
162752720
407482981
517562101
29735826
413726150
112326100
434054641
582265505
854328638
616358642
317499884
424249904
849074570
249021604
186254865
377572452
859552461
515941681
279644044
523249684
547364955
976402161
844763045
239727427
445074448
403645523
521542094
149742581
33780588
980184242
854422942
339703177
75999768
846318814
504847597
627290609
332988633
735561053
120039303
197414723
410648420
625083249
939320608
453186771
34874320
876712861
534559507
989489982
349526174
606916492
56909796
673723434
810699412
711188682
409156787
439392524
483090106
106286595
164529405
4486550
177761661
828762238
353511527
351473558
569767608
447240726
883550913
993760166
879496556
570669900
143247617
334390248
11892536
278384956
833718728
494354657
26861956
506347004
110075284
406223024
562045443
108894014
742097925
775206358
404923788
522226375
542692085
207254510
633118663
533501777
315179042
460495012
725353775
300819360
732321535
235666972
705655987
448900442
522692578
807981348
707916392
438481766
336540
200595424
365836625
250150154
618872404
151648155
977684330
899061958
281868900
902070612
344672408
690994926
186159496
290500950
718672029
259833092
897197107
253933678
208655534
118775870
619972661
346208219
653450252
498229705
480217085
623027163
136259419
454787139
13040163
184227940
506363755
343264734
459925970
264220940
21417801
296106839
587554565
306293402
68262014
24047437
33201967
6832965
972533760
753476712
335976177
651524496
39624347
288449725
229418831
255449042
328613816
790759390
118059283
799366968
173846854
810962088
943461249
361975129
299322718
275548300
701397410
652818868
648469541
152235791
96009519
579279722
476817064
189217646
479684739
763838831
279844706
58945857
399223577
400235886
243374226
428866516
684359605
733618201
925125970
628181330
758183674
686272673
459843154
929002121
271187702
151944561
831924548
840057089
541425804
886637704
245681983
189229030
657037222
521542647
851818003
249451536
674111940
930803979
319122927
681520982
917935681
155290301
408176436
701964988
767385364
713603826
218358945
554131379
35231898
879146708
334329853
950171724
59707117
716199237
338937604
167959374
980883531
820734005
361592287
225556757
890378045
106583913
626661876
161469807
752883433
933361822
722703037
464249986
419504803
856329969
596653823
693575062
351399533
178108804
378863412
680117162
943445823
23540150
232652110
718800950
243101499
130509209
178894279
939349369
86087017
972917826
431972767
776914194
945739337
589069880
53774924
103359089
225514561
743789877
140095355
152776144
563058871
205527433
632114478
472879003
911768875
261285879
771619233
188841539
762235893
879724400
161577452
931910168
60651838
938123899
299246502
166157435
264624551
463129793
378332033
211269317
677249453
246082131
82235133
521605311
403354487
814774184
328140640
587894737
250054665
963955972
411227696
143556605
925431497
687335398
573965691
816483315
448723176
915699297
244136446
719617357
16166302
907993144
364761792
341328912
908057371
967837458
979590403
846720558
257659664
177548297
733396664
139426388
781979787
154604100
467078660
82959714
947547118
784470323
244040691
758962785
910976388
689406007
728663304
679507454
53433931
4357024
362939106
371255575
218972190
949307295
446566901
581627330
53835026
418735784
212542339
587786734
315646762
671681034
399579098
509069709
792277652
525551828
698430668
574890846
414567503
754057437
397324033
40494096
839645198
853345849
571734514
473213626
496791318
810711816
786405284
716822813
511390037
836990993
549062227
209667680
198522035
842366850
78280642
645471839
437756958
902952471
979816385
285280081
80822509
500668288
247051089
621161326
564197892
698723425
553495892
493395794
850045327
396477737
541903078
343217116
715021108
414488017
5090620
786264524
363706024
738610640
646232471
588390999
178412087
739079982
992938108
809281463
883016435
215345778
846309680
632882711
17015859
480777730
383559807
156853449
498164223
696998044
56970632
602419887
248467241
447159017
638071451
7693919
807025960
683912051
165545443
890110454
936906706
77471911
306496634
811749439
176890136
903219754
723541078
257188049
121546027
566739605
967931751
837817653
956047534
626713813
336993396
966134802
350152603
874577078
134650443
630813361
25098302
663328000
280424648
666537288
523671712
274751281
845076222
940190388
511549638
71885736
935565865
702343341
788539879
103165948
582805361
323488304
559408418
969499538
605605974
462909814
728508976
969725253
731356714
81652256
108792268
396470127
780528942
479253706
834355406
13720280
531564260
492601376
448665296
283289529
445115975
291733970
621904937
106439269
979943549
887308586
583354196
784227075
504670111
985034490
803342360
984571154
432235204
58560805
984131274
13743074
301150431
93525691
980894399
486389199
145133126
518638445
359146108
911011956
368124603
238092538
243985423
940113860
961932123
40067339
10922502
307012469
87427306
264073372
123747313
576384457
82772530
19809245
149235027
565339396
269213369
296419632
597809309
490477997
298351523
841617521
517537644
908386201
455306840
741596012
379314409
800273348
923917376
518599678
573907719
215624674
475238971
519515694
309094217
865032646
636697664
172262584
33854557
820133767
230086560
395279456
952902742
248919514
988080563
784721930
820304051
211466754
237503772
11119016
656978049
40294578
601498017
318710426
629997570
814402340
696638762
24857743
868375827
572944472
345020978
772433144
46135072
691372160
438515152
830132560
35627634
911417856
839632643
666596328
645529427
681225343
670004783
249496862
139582886
394646329
717315175
806745230
262348946
173909389
184674697
43745594
244300613
613867560
69138851
229898668
434486512
369675376
356937418
714531839
834202680
534715202
53801062
158231854
834695622
193088625
185442297
457498433
296664491
407859881
95060211
780624436
931541430
452713539
152926512
613215189
795415048
790471616
851309789
672255773
148317834
727554050
765099931
142287208
154086225
715236424
527838895
228721137
557901684
933432349
123341511
939693445
384692235
332711316
41797248
948967619
13855399
440689553
162931608
506371316
541981270
191242080
921375883
579343317
744511820
733320539
303531761
512013628
591160766
464055849
537976655
623870460
954227362
906400376
628411023
529720610
920473264
648614578
704946504
923205274
263148628
404944420
642872527
239771160
886131818
179223051
468683919
551683395
802978414
289234578
347715999
243678606
909752505
589898416
428074383
919262351
967542682
798126527
456416039
645096361
127987275
286633197
433143519
204695175
750354432
322671928
718806921
725163781
142954917
56490719
899289897
27946713
398306051
636626415
916357648
700913983
620660166
721002340
422811185
493150546
483108609
184930759
82461925
812154801
805674021
857650042
91305808
785258518
420270018
273769479
526651159
900463070
390027441
678400712
660382920
905318175
398155034
601287635
142521053
584842354
197147328
724759533
453289816
565157660
635480166
506964785
659461839
851381218
680075679
949024204
189625455
871901277
326547797
800774317
50362416
579355642
160350207
37496760
971017956
85349817
265359492
592017600
70224298
564371595
480250559
972497407
41035663
292987025
486092199
940446311
738009770
441776192
984453884
195686671
932865398
518611139
72660113
10213974
158975625
488153765
957307153
757729642
939390316
263888789
565594003
221603932
396769100
776487282
644572915
513643181
444240255
743481002
886418718
488455580
847040375
532747872
397002767
969100773
791746488
799920125
367645730
862837408
141782922
463316442
118776459
973089198
453466558
384545832
606301644
656873580
675657730
205981831
250855094
982946805
222482456
583779286
608581751
883703905
3372469
221908265
531335563
542754856
667361171
780868798
277637881
801492015
425129153
855731205
732477425
330141561
22485209
880985234
830989044
797503534
357361514
269922244
956914415
217098439
745313557
437244030
921295267
692738569
416217269
673193597
889095119
695327441
983084792
654466532
485297794
889386023
682558637
309541883
807517971
988967735
852115241
87208501
705053951
777512308
47505600
495789313
7829924
638318856
860952251
5949430
966879572
203746754
947626000
244798036
806206260
996811625
831545064
922952997
737252302
147587703
41892116
969120928
740843145
202916884
90719168
550330288
320863473
359073705
336282215
300605289
821865289
405939588
28543832
268547295
597465439
870696217
429538133
167194188
741543073
454282076
737530
268493294
208662267
555587034
611455948
899498167
450900089
326359886
538005952
432198902
799553190
141396013
983841655
662790960
82093463
435820754
114055611
811504654
117292780
722498794
731226672
27152839
979594964
449124577
923459374
957280964
31746712
477021978
979319769
494950813
478997507
656529082
627598400
530088188
895133068
536912750
976487147
700663346
88193333
101927994
193422689
359002873
520015545
608182823
322868652
390043244
169064279
244160076
814993771
238259879
429110517
847427892
966250503
598503204
555678891
156013066
757476924
577061715
841387222
672519464
318601128
861817524
263981943
750330133
782209590
585762150
707795494
391494379
537264208
9726341
940499610
587596226
469959245
78131093
214156952
266525521
720943089
177689416
340669624
56130877
265488349
925101860
669788909
755916991
667486004
434133622
57243265
968938553
288010501
181885586
697609042
332559115
170573084
200981573
250666968
713082850
377611961
315426601
915060689
781108460
814765854
636546877
771496578
375954523
778327341
921503878
443773962
78999933
376262914
869810126
238995004
828959190
964127698
659630511
964552200
514421320
956357490
742914304
771760220
609044894
990578901
844934461
126936939
322005663
827982474
489841133
421747875
920155283
172170531
906199230
422900452
436383270
523066886
261794248
635407154
523407105
658801871
674945717
100904494
51583549
604629030
494439248
37360707
232205870
879851857
337143364
771606290
676936372
829174394
250881618
329565620
555044922
783073160
830242291
986652104
156112128
797779197
927947060
10894707
748477823
187356146
256183045
739696911
2920581
202262331
928380782
69092476
143764187
988293829
985203724
676058450
676252214
362188606
266063172
140364395
580112211
766567509
831907851
604606695
921983792
173069320
517205868
52321729
312599743
438663345
375851788
838321299
577218214
661156272
35405769
300533640
351026484
328216902
612780958
576018022
740444290
328888379
633075424
32653269
753606812
422261465
723737879
603280556
416436211
465265763
609079702
245938036
223880895
75738901
37549344
794137838
498454038
582429617
544228698
122427563
246854645
475922949
324849308
56010141
64232659
5878578
110531418
757744958
739620445
315233943
29913138
197623670
850723924
678917585
300921404
577213421
39290003
222424777
886879247
216305699
624277412
774072102
560488793
64766476
558175527
337632051
582624777
255126662
887926462
142282175
90191682
708903558
671892086
659489239
154163203
926787939
736441251
533201371
469813207
982628772
983297089
511795497
164676520
620356620
105625279
915716715
543223373
634171963
491751471
897681925
944878293
955005694
289350436
258716836
403929931
448875901
970366826
553968824
285213678
827041425
566883017
365576442
42086537
948934072
836242718
570089763
639270240
13913271
133813891
625105936
375025390
319227268
413735091
861857262
683166184
599670419
113466348
800234364
116896388
720424749
50778083
139083506
777589617
585652812
343219846
255837368
39586415
516468756
877469099
581308539
331796268
200980095
118081991
532786091
646036780
972350316
533536735
952990164
115767650
292711965
383333020
726995131
908503204
18773069
648619478
593773100
545386598
459343288
247173053
329076735
938810481
895498308
197288369
974435367
914810662
248915122
977131128
392930045
184278336
361959083
97442319
188920468
466478023
892523936
195709194
869995368
507460054
591096312
390978778
20016474
387648409
980821353
847391982
98407685
792274910
429829080
87722036
133251316
468590303
371814496
431111732
805463312
259060775
901675317
980121601
109179446
174106477
629173796
169478545
140823629
135775800
268426086
174026856
819207622
714949952
35685878
889096737
883685140
809125340
360730798
247975019
936761713
910607348
372078418
38350282
549126667
11611240
354378864
633154307
124302655
458236325
930848982
699905411
691666750
591608406
395639319
493591178
394351445
18770670
324447181
360204572
568579110
483667335
232017225
306651456
75161126
806744682
889328529
181290198
301706508
515913433
237830886
884119721
376525071
479721675
370552571
132290823
696906213
568216839
477327336
173471153
433131402
78290247
578538598
226442792
386243599
355753433
109872452
229102362
357109492
115482766
961361200
675298396
515252161
805146056
739220358
649463641
68666791
568527712
867597502
341800959
70307404
533625448
111962636
691525794
240245281
926464223
847274700
541393423
695881330
284071323
876841816
876875506
754533753
933739197
845688400
313717300
34088026
467706462
280217950
996828160
337925081
68333497
384015715
171255028
864833005
903178733
84954905
225418136
596849014
453193002
59606874
188005278
912343532
773945567
279227882
18844028
260177438
478393439
758048907
273393768
440894377
994697005
316670307
873571392
138050945
28498894
222554161
599398157
939329522
37978404
884087800
31154568
426884725
954192467
34131016
237138666
766299975
419963493
910641039
79132665
454071545
368806359
847575934
544369371
869963272
224905648
932315790
151043701
102593198
429830179
506379600
191701903
475507920
679437954
652274967
370896361
607672658
215742947
925584222
795810289
853568254
230328612
702009181
48523532
405249002
244625536
562641227
785821153
334563544
928059963
217210763
409198702
183982751
927465556
869762274
43885488
808272082
750543472
501825399
638837045
573320208
10844166
80498582
876057433
770423975
735292082
212707769
970270323
981373226
284675704
66624463
995581199
693924849
318394492
590234300
697535623
644661964
709500465
409531787
625667760
497400969
666188861
399434606
655521857
21487976
973035941
119900063
405372108
892354296
298614154
617096611
974275936
505143681
437855687
611093708
74026257
558095730
449854901
344151854
166528200
619152211
314253198
690186090
24813989
144325276
778138169
183749879
63018722
705952378
354158737
458977683
880858963
399597027
104230054
953188149
548032812
576781452
160591008
951778819
562466302
397368064
32573450
115178360
627252441
405210863
265020496
881198197
95284767
543002806
276615635
172249782
853140459
634318307
594417346
728145975
16012018
586950933
795706097
830777178
987183563
703384652
10960934
618214815
992559783
47358545
668880368
936339567
73762501
77444824
446494164
555300332
519384140
586528862
461366127
960010675
494261813
363540643
279569696
954916347
580067853
995771857
732539634
928292353
721893852
838464544
631504547
611912893
178706973
518973227
129755637
70146282
239711812
626962288
327317868
434269795
968255722
806133947
598324899
290792707
705487106
657375580
36316366
436912667
629439869
645088580
203131981
618494216
58157319
55532352
759540675
853608117
264649470
893500287
621236555
42916631
113472938
693740528
956187204
944650
969733082
770336110
969698210
76586110
824112751
387912224
912785281
651503873
293145757
21513638
826999315
321315772
404427502
147876962
729378392
447021814
942671
408494048
880002184
293446356
541847894
164338619
78358322
580225683
77460497
545994424
287590328
683521624
510861554
906333085
295301811
973991367
170206480
463938788
192489899
27789826
69212819
708340027
40705704
320333038
34411525
743739035
312567588
993363395
278406537
29425559
59308825
316528660
271611927
776946119
909985981
896607605
648565333
404694764
32494590
813767269
82849943
557659347
126385773
836383183
332368035
491472042
270739126
867157634
104443651
199752727
848720791
737574016
136053603
793123778
965999790
925522506
507093002
258551364
113975766
949042335
581566387
210706300
45664966
978735514
419714231
760284195
597733058
577866635
992165054
799203851
759952886
330986015
236812573
74353717
310186505
983281217
252881674
873042236
85089087
30158914
506778350
755683010
991931616
955722831
435251638
422932390
362355057
628259117
890957899
178589421
130853168
562886885
672481085
781872700
859105411
341148278
755032182
126926308
520705672
528596470
844197778
592732970
423258696
30372822
698587269
456991357
507550900
41453321
399375929
95558238
115952299
601326821
510789420
693054778
461101891
635888135
40250416
545441665
951538218
813838808
728821217
997390457
696290001
771141264
783120086
894876925
197456472
248789772
153774025
916205852
606686484
822342013
361906905
120616619
580765899
533573343
799778121
89252668
334824889
427976802
329510220
875514727
435620972
828942073
12042953
255406345
344574123
89493005
598535674
522133183
328001149
30351718
518277649
801652685
300805544
451618253
384210351
167841030
313669579
165688046
862786978
360311802
692853543
746192798
612005664
602585064
525553590
77466359
88842603
913458388
116398612
86629329
942003224
491704406
528987834
811789941
94813931
798610888
425388404
384920049
574693416
634146022
301350159
233327273
577200165
134600831
229221177
703038136
211629182
423660545
918587684
89750600
641901889
293551463
892252003
523862226
187272521
205026195
986578320
589880952
942108180
57328171
574289493
511758857
880039492
64772261
456486326
949985946
534002787
855266510
510127668
432671003
167966590
949419670
412705606
860085306
194964101
253920184
131429887
627239769
410346541
716165004
21957671
168089350
469510430
914719177
976936298
471387396
295822667
753594097
395347939
385401268
870213097
719996484
872577363
47841329
324000886
160899194
876495217
510927973
729417285
639233664
992685142
50905373
680394405
177414604
111567431
560595941
505442025
758938194
440399087
443696178
87756027
405177245
61454342
468346008
152018851
399556386
683754678
296072954
94731381
18416437
588224803
188341183
852783840
622142778
713699916
608127567
572801264
454088140
313773293
248439634
275311376
686038113
6473345
945318067
114246426
142292973
826527736
712562681
668574692
86903656
80390880
377748474
390383328
394617347
689113545
290824587
829807544
945983225
301797462
709661560
96478686
609026054
306271878
98147665
161516069
740342078
219484827
922896699
230116910
432629185
89158535
684906523
93559879
339924668
476879293
561719302
492656982
885933037
406926416
797261188
402399180
39553530
38358951
548216147
661417863
983242718
722905966
818788484
71284335
536004978
430290388
856108189
574385881
87453311
679637522
871371011
339237099
535394539
812698276
430299932
468740739
412516874
34423720
164107096
493038941
439112165
891316597
960969956
639061075
826946833
826988297
832880894
507123771
921170
294961198
636887736
268819093
83793180
385125165
918820417
773079210
985330328
142679138
390662794
165125131
119050567
723460981
41002337
442022264
761720743
614934984
826786626
731423914
284984283
916182611
469158270
491582078
847820686
487975324
845837308
206227134
633398135
737734374
354543580
398366153
196135724
897923794
559185898
50428902
364119421
463063516
310199966
578761772
884348618
640531566
788676878
400264279
1194028
620254543
784575480
652453259
546707518
585885080
667054947
705701024
377021746
51567403
187912771
716713260
108377210
93535956
687412396
232757725
464112903
98386467
238576730
703346725
208578841
315451888
904285171
264272667
190370358
48548055
241734018
647044383
921871013
869900204
629764512
980997496
777786126
956620449
39606297
630464127
723404163
130770002
501998321
759411510
912051482
633772793
859562243
809653358
216152368
751138177
884338499
697014040
556714711
741521643
277443763
455108937
932421381
541995229
673935004
105529297
486268374
575478666
885917632
817418747
813496244
639983905
94149737
378509161
893884969
826257770
207887480
362187609
430027537
197957550
578972379
703389500
974639615
683263140
967228586
389390094
552721617
308654225
176136214
563328798
24279249
130066144
836300890
291044727
125814449
451042208
378718793
929222524
106100912
142488768
27691104
625556770
725121853
948592153
67582308
61579317
890251882
325420119
684344847
441983405
271509300
305456178
719815952
518932986
427492199
491033544
75294592
184802262
104447424
493666454
142918778
701728140
920676061
737432080
767781776
909051533
863260943
571102309
889626036
564151447
60706220
869405018
925071470
322790888
761223671
701179809
937188339
219305632
183992367
877816769
627735158
353344173
478567705
433387274
325436580
394736231
830465199
633062736
633044613
443430428
577341214
712255740
90422696
322026236
909272224
617706852
355353071
862320738
406245463
552305770
17569799
997834395
145159168
1299608
32598763
556373304
508807940
148266932
176421824
329752407
540139050
989733784
292622417
444204690
102852112
893212482
656901384
42325142
141956506
589926769
943389212
240355757
960148052
344043904
10545107
116988692
55394844
309562373
172623145
317979049
822375515
766061426
148185138
114404611
637199749
359248704
76353863
939671623
198372053
812688273
236307588
253044924
568986798
403121646
174741355
179055314
885970638
389422488
947220705
974264093
177942422
918533377
414178482
403931754
753161476
913179268
754382925
44424053
609866712
422172598
169084298
96763320
244947866
737450674
729016743
205223579
651179309
422324489
651656473
883199363
495667117
68227383
635609481
441284061
593782920
790150218
222090535
606691091
160532657
117758406
934665465
803629128
606733458
601398798
756767817
546386453
696778163
273490789
721360994
14912911
201566031
702843431
939962117
839013934
292422833
729865614
938251384
230633123
741310769
491046846
975728248
700333546
763425693
84415752
680070110
995312344
404101617
793880537
695358420
564827527
57483682
785445039
561004101
693873264
412531791
907455093
622555883
918835805
404299151
33374375
670095102
279523267
410373450
121438823
869841895
410865469
638178236
482333437
422782463
138146811
728582136
530978222
15642640
950997490
364285658
883150807
252726405
42701716
909861722
336533502
109627892
390978425
948539763
327036867
681823910
344946909
657734258
485673714
446124948
945341248
905270878
890235861
219375644
643888355
796521407
752668537
404930528
651323979
588724602
420821245
136014421
17353407
598761448
230197712
769931391
564677010
719696269
119568259
101597392
627522668
652736580
82896668
306975406
240232234
762004729
994406674
738175648
155726011
369083568
972174906
13647017
318907939
371556532
727671960
22701063
64515799
639135605
486796443
239057777
159536778
410496646
645544883
178337221
46161044
20371254
89811234
297822168
984988374
492535358
172014229
989265423
203537388
568903423
142944216
528814411
789550255
965767952
316887005
929268680
392447076
495200627
419611782
943817583
558220022
122286969
698237043
751546938
22494721
352627428
621570399
554735896
178515731
836051675
701831414
984253467
33773196
275158753
210401632
502902416
198744776
87757593
449501907
890884955
480800688
765831977
175147022
862706100
418109185
750344694
183932444
319363439
868847365
850979061
497204853
932698699
224370048
637444526
568848524
557996770
615910004
581331574
580124956
947108674
219669038
692906739
66810677
594018203
498431592
517280694
431046808
791455574
908160197
635830099
371526391
587224968
144719182
217519933
60349889
445791557
578323482
85368587
919493031
986464516
411389401
227187223
887304144
148087409
97974496
69483537
679533844
763487549
74151272
293864791
93770863
284068508
582134263
110619024
278686686
440729101
868260840
530843190
720374480
306637743
806797262
915069487
978943593
24309561
72063773
953244148
56381911
995663867
3599701
987302592
684538972
337634555
529470604
344132723
94417674
73119862
580986991
419822777
314281733
433266002
49861040
671843842
649643660
825426575
437264577
251301330
681692911
104008562
641939668
215018837
378733387
240158712
991661252
110786727
341689368
913768257
230808824
39344063
576408715
453923286
582438810
923436590
718522472
625235227
862267743
546528103
63494101
113885484
411698826
771488586
33965831
216144083
60918475
300008434
479766604
360147846
588596096
849834063
487314444
136315219
708240632
55638037
290263220
392906689
728200671
439168505
260235480
369895919
906446884
180359135
55437763
907544696
615831964
664235539
683789486
669772901
44459368
53734868
110830685
652625403
975490060
90188451
787183325
632509114
248995613
875067035
403192195
795331091
689601809
1424519
54776584
275795555
261036656
838145744
742394649
330602893
689053051
649666776
764619320
575858432
7066258
32281404
646340836
458607652
914291043
160107586
244256757
53727130
960908927
238196832
75448595
29110071
342602706
13343526
448039676
499838709
383129827
460417883
608113909
556794364
701429181
869198357
89576241
34282391
196840825
996690391
358721076
790736079
96606569
874803542
825356225
570801563
24992086
997454087
382519816
375260521
216390074
825824543
841195097
277521931
779508942
742814669
707125055
724072560
430621236
418470520
501668606
526345157
474768580
15045020
624022154
19280835
670143346
906069977
837920881
686378740
14525029
705466017
100977872
6215024
14524375
465391934
61701971
880389654
475223879
58711398
842909314
319454317
327377477
223697679
140285979
540377415
194940476
184740576
786210751
10421798
921231107
826803306
279148363
653232100
584259700
161285787
902813917
456875670
95298905
156110804
296381518
43630698
140295386
796987546
217482441
866806965
667969538
650305033
626869408
198041714
294037957
814909885
772470511
518059338
153619337
887482568
139972874
580967582
81394972
137776214
54506065
51705797
47429558
813671170
698276555
347460203
241950011
637350928
116250513
900752304
707459846
30778785
745885484
787294756
449609313
617521631
809181541
627760370
630624820
547765250
232222835
506340553
387534451
845707244
4472984
679460680
741692825
511976487
354147170
520796815
436893365
759016359
364473919
573650813
498336861
879907688
776251979
939105111
54540006
11290375
14545471
624972832
524306420
397375033
448301886
316990541
453518463
582943734
414388441
269859288
985144535
324279765
56552765
181941969
659704739
994224583
659447214
249858914
290035698
445634157
566482898
27999863
57379873
60173057
790375530
382566027
80323212
66520364
428661153
131244286
993834031
881086280
920415019
390255908
369297902
827369474
275766050
212562427
135309459
975389977
697048180
136317046
367956716
44404740
731840682
761551041
863747342
297902769
192452974
641772497
676408412
160457996
781097417
379500627
813770565
205572678
652590580
730459305
217618412
185833480
250687803
666304583
364296347
249599924
424665410
185659803
244910335
761502940
548514898
342682390
177770676
362550494
592540313
227437923
695033986
87809108
224030056
500353975
838943794
512819540
892313369
261224693
962701236
658545293
157547525
833080561
818473185
165490428
149740465
530658893
452772680
65278217
990556083
552698205
181652351
100398259
409737573
670607596
609747644
826950585
93669652
921244635
278000545
199248867
156850723
592403786
142852342
560439471
44549411
686910620
319924953
435585415
970413730
774850474
233782385
863934026
505771414
237454800
56701575
308423129
578466005
189893196
684215291
911682296
472956735
811884878
213487157
879463033
952644591
872556119
805032894
587592982
846778297
407748665
413422362
634737742
993989878
392551401
651292628
38441954
749378993
902621530
266943249
304027087
823148870
97628065
581393201
711912198
895299876
254560130
546522080
547197767
573284353
478762404
401455844
846953416
469260403
513662229
780842862
518810464
745130724
550624520
494838406
104020297
331133760
726768678
853133027
620947109
344104475
911901234
953852094
120157334
949306693
857759173
28235098
960709868
769137250
156139597
188130902
426024303
576475528
172183792
989039266
394322875
90130274
91603999
63648557
852727232
470507841
304554336
63708951
426274093
305020408
752445163
673979134
164120416
34055263
205143509
372802039
907467130
879146483
604068869
207956951
677816108
720405235
453371608
811245080
282613212
294162818
188571623
708743828
591471974
712591268
913852616
837039082
468772990
977528902
567096416
706121315
575468694
108558470
936337979
618382150
993692781
435767831
132661834
356352777
808147044
783406264
34403668
942146947
257160762
993175802
124373468
59621752
349050157
563279552
895696525
913757564
164046398
687374904
284152246
475306763
795523692
403570042
160449049
495391327
874651577
978025692
743127380
965127097
141370336
714451834
746518413
927758882
994271379
492365421
808456849
98654354
272476450
575333261
596812839
670244758
358343076
982810749
631425889
939714203
395159524
22415396
498354246
77263105
944801207
720804623
997892859
920440883
558801641
667398262
308282130
807527740
842889581
326739323
207980951
402603669
866956664
851763348
542275925
905306114
684927924
316544483
632587517
159183373
708625467
502417158
312207560
466184863
464666662
53465374
189433283
253077543
900975495
201592484
266526497
650198863
175279151
740769159
793500631
949033680
699917545
273382646
655738715
957286162
961681089
298504633
674055532
348702408
120767901
224815090
655704716
22370847
550565343
75601131
666489939
427796917
611724184
80972203
723549522
893283746
760716145
41437702
312755420
651020814
212313942
413173322
933908244
534133270
723713955
844166979
578817996
702187070
357863908
595803617
433295801
346706061
381913963
878683282
970607274
2983749
933035843
538334096
730069985
59893476
886579598
277166030
834820389
493131428
623897598
713693580
118616272
217439635
169522602
365133015
727387974
926552255
618168304
862531614
448446178
861549491
226415323
814562715
472456507
236293738
809174633
273327418
202993141
868239121
217883050
507177049
922264633
517989690
511858358
85375548
362185608
926565489
332297558
49678826
440265366
593642806
869458337
175469640
509168980
360653041
70220240
426631883
440317332
669037484
323601848
921725438
656384954
829826919
117813468
964037952
894791368
911968355
175190489
496755312
790733618
628060472
967834993
335792188
364568716
896204618
513578484
851810120
657324110
771536607
207960035
632858625
443529608
151541476
236019187
69937525
202620384
307420711
21696792
867260062
283391803
386368409
758878281
421576666
173342312
984451618
822972018
456033979
793916641
175209575
813575936
11538514
515299029
808515420
746682854
157967856
485523324
737104333
395176946
957386521
282070454
791952909
815731866
686590506
592730161
988971973
529702972
33700218
340893892
34540075
95417903
236414324
983801841
127853709
537415056
676552993
502908968
142361314
871867229
7760241
483741653
326550496
23535570
930953803
536984365
652880701
129553831
576721352
151650982
290357283
586916402
443864635
291613447
97249580
538337237
81178835
432012177
38448449
343822328
821489384
832310167
971626971
917439023
429703644
604859700
641265875
747869842
908281629
422867901
149070353
434917855
820725477
986413407
823840773
817860119
537335642
109444499
941895499
463166433
51666427
675376314
275059963
154938317
51488823
518040001
654895470
800786242
380036981
789233213
54175903
56529772
292726737
992785769
645288706
162104140
313685993
928210158
701795392
37207571
274142877
827169821
819505936
691468351
168655845
479631983
932472896
583279455
549719059
434144181
294186250
123106578
719641492
295480476
569960881
119397878
453251830
817909636
463494914
498366564
526610731
326792126
828241007
24299890
462111807
309016762
20343215
740647400
191183189
60688997
776742006
686618210
225018127
977423668
763946151
915764117
845440023
749758313
913895095
309051980
448398285
691729195
979938201
663345773
433221164
176785708
341032887
190389832
555851022
815532696
698071311
400328307
550083627
686613544
796160268
248231233
741049064
105106338
674702678
609005456
995332780
235346989
456819659
915446757
935501574
560306502
564452634
981096037
267175123
698378949
166300682
863221644
289820891
332851925
371932479
244217161
245037521
59253394
718678425
902157602
450415057
760885094
315304391
171478792
628709476
754642862
953690699
470262643
940226249
887751301
270881235
658181057
451159389
588638531
215983920
773148481
320144479
421491011
208859134
771593048
185611395
288000071
891697446
377688779
635154494
526879550
818559484
899689479
777310161
970851368
477552273
982240182
743878524
332170583
527188189
162400946
8145935
162670106
41969528
743700929
295816667
933728944
734479378
122775777
711403575
150664823
843148922
503246662
634503413
802380758
676223025
299193398
948077589
348601142
442556692
934234177
685128231
565782660
904326798
826735717
660844166
908237262
580134543
869121608
762994404
151417704
407481440
245740725
319415514
359648643
772337678
392898532
51985927
761154001
360779578
364891604
82197438
869719556
719926088
487335469
672005974
809227134
185915211
760608049
148223181
307069300
363756693
656247524
775657071
228694120
341396322
105028966
381688947
950243080
151664944
35137612
778715756
886245134
727940141
614932949
917674367
966093751
269180529
751108667
646798515
674147038
246985653
248104768
671786036
460834845
917387065
714210521
844314023
434521466
911946908
698902554
925849857
638405499
355732014
762272709
959805869
170872984
992168696
244257010
628812610
11133015
68161479
893542211
954120305
586143812
637152653
416643246
360417201
383198091
733106708
132595858
321506073
214124392
65591750
707800266
554921347
138826946
649943632
974298073
493222419
102024848
281332219
928908201
915408825
126957162
596732742
568552930
322802570
979103557
670373685
154012074
938040646
96765577
885865025
89651493
682112910
948119690
105996411
145853653
927234032
673632061
67622699
754975483
131766535
105272850
805382239
674322668
352198083
724084125
845409346
746357010
98011261
239278886
799842435
132043799
951974204
429417886
410562743
755308870
767964798
2254096
969302558
503347021
630651340
839035945
984085232
300771840
634895834
571095724
900993551
268103644
370623900
960383600
539714403
25529676
286819440
88203142
571733132
940893302
780896948
577136070
762544877
3048189
873255579
124036775
905480276
690601907
87762539
55638769
152766404
968053878
313223553
865915074
149184671
815317409
443609004
668990570
359221469
449882144
156573066
366821753
735406180
882010916
10653903
160734807
502540044
508854481
939199210
461185274
122947199
795965885
163243545
331006230
826566483
45239169
138684083
769898484
833173376
667793259
468088239
94014815
667619855
823229454
211719982
759579574
263696032
900141098
106958315
434688948
539182260
115088459
573206073
224039346
920037931
78104100
270763366
453205773
660962533
183085048
18994466
491259226
60053495
70845230
588014038
849079027
743209018
117075736
591602149
935359182
465545039
994639615
384830150
689813145
628067921
970256741
964895951
441212328
87257710
315740866
185025734
187908547
579604401
191148921
680965213
243477812
629921823
25077723
398682723
62791136
102719435
360555315
52083266
899323235
602210468
978742244
546296019
199576660
40988975
994308793
274626455
875203461
31952538
509678857
212637895
49574390
533977126
846506134
588017805
206227843
543243209
997843973
691324534
3064177
628647284
146005380
475510479
806491181
46492610
913919542
997584454
165810729
761151726
603597221
365331933
331770643
192099193
963429826
210301446
654733483
653847908
79759388
660318439
413633145
607981226
15725778
622399024
891419893
327288857
39099866
879466813
652921130
748780316
7271214
635930360
516092066
306573423
410627161
853082460
209097969
696937028
758874413
498524114
636988276
810197420
184948971
494298535
915232341
742036551
437640260
343106830
808703645
194233855
267066282
94489614
489896318
423237588
799492814
169901730
371945264
537638440
183083861
31095316
426408747
962762499
63933451
809780730
464490017
62068039
329175230
353769184
680417252
830706216
673025589
73372562
837142589
939207598
686221265
640795507
169813911
803447962
754885955
643416
950118022
552645505
696535171
107153504
644737121
627569737
727655795
458077963
538836822
307033404
386245476
990450281
295749172
371194727
689195412
757771668
212600878
489285723
186994738
287733895
400277880
104750289
935489256
812621895
597259412
662139345
291778070
367596487
416499423
650728644
502191535
691475777
57160567
429785503
443236794
601508419
996718311
562169218
393629543
71740804
85433695
811509117
31794950
456760656
491942549
954509948
256902580
627892502
937472835
121780107
484027904
860115777
665133292
152761587
713769952
24479763
238457105
626928742
752025427
255261646
10723462
339010432
216663672
365555405
470654696
214073098
44557126
557548440
221365798
988984143
596573304
360249987
547887455
56360267
518896039
391267943
390518745
913963904
216162716
195532075
605712689
329244497
457032897
726081377
284395664
545405982
874397394
163426002
598190507
195372055
778158950
544710176
786578247
257026454
242815901
608256223
482223958
873893264
528711643
33276258
39026281
42882512
743970482
103203534
784541735
192030395
447635876
850080985
73735212
303931066
64959075
659171228
479514473
14225734
335095545
94905162
528661888
662636887
964220680
490206647
198270260
828514634
850982506
64441993
977733894
42922504
720139757
479606983
129419723
796684137
865448740
73457825
257921815
705111944
56460750
734823774
931517609
8494856
112713107
968512897
864193848
403218299
45566875
753066641
386084746
682026900
590800142
874991359
169899116
964272818
938223475
288904377
649600052
57321922
170436027
273586202
473735202
588986269
749117992
672804978
972041806
457537257
730167859
78634131
38206883
445835921
436208276
277903751
93406441
697471903
189558793
593268222
954027600
967040533
480904203
714292686
859715404
450631704
267520134
427263393
553308174
302976467
900380058
328594938
868862700
704505385
678835924
361712565
590231794
362251041
441844383
393536712
176520310
489829457
857996169
965739553
860560690
798018188
90025985
984027688
457538258
782828701
15016179
14539188
337677124
447841786
339285470
36822567
230288973
627617738
266226682
944409672
859144828
266956476
890014986
28972762
648270910
494996381
771642918
731488299
905602596
557225452
994142324
10987402
651087645
337474486
54977491
678549316
320432696
147981110
784923022
119905653
341764531
797128543
556111203
864976574
260571793
449810962
502793788
10460973
117181394
2872511
417570681
409680700
104949654
425624223
647806975
416092151
1665272
766899566
596360423
446089044
480388592
458487440
107187342
313332847
315205655
530267705
754208306
576127691
703409995
780413359
82924503
579066927
681842135
718752025
354062575
26875307
14711052
363490953
526667218
133647488
459321929
347584142
12352464
351934549
261177849
967034277
540773917
332926729
62998016
966784998
602559073
419994260
