238379023
230118428
790255102
250110031
915668506
514163028
438097045
873304621
17118550
543192962
108439821
114694551
734617886
179068223
549419630
755267467
153503968
43022078
414801027
502953251
35772990
47399420
675561373
352666332
513287703
273792016
977090496
245541413
81467265
585882311
72765231
39383695
947830781
899613643
407415017
606370737
182042326
777857886
742974593
612891014
408295660
241943461
915623267
630176700
921556881
762149067
176868310
792172121
546741488
941137328
176702607
695519118
698054395
359670604
910347253
510500331
415756572
226711928
588926917
858151335
805661646
423083219
414061395
723095228
556177452
854514939
754418480
257799942
850876569
507318397
762404605
530811086
415843864
44773531
642836873
221751235
703846885
742546831
441739138
958889287
752172278
328989157
301820305
695964599
621127864
872923326
83156136
954533726
337164546
467579250
80416172
285303811
323387410
746823835
158997861
166837594
760170931
20788395
824110505
960596377
133649219
986782285
47416850
125448779
838884046
809685053
636861014
535028461
38694360
161404586
6266318
94173487
390895288
753040659
317728406
447805803
206005764
110201913
808005994
545448003
196961594
972771253
930422562
505935892
416661545
826111497
434058485
873507367
468290672
631599177
119863887
172329684
537995764
556076431
492706423
754578503
557211804
863760464
966616147
935920753
65566694
547439596
994435195
563084748
832583003
479168723
705947608
503054673
135837255
86501488
969903423
84782074
748626376
92833691
818590122
16639561
134838228
936796809
187233721
907422795
328143124
592914219
55552987
789111533
902055866
101875059
454321387
626226732
323247144
987383574
325008041
956082978
564953077
648212185
448062241
539418705
996489658
515303069
656814703
474938873
18582802
602575875
125742281
899792129
609396840
226323638
836851577
329483046
443013726
708622177
534274014
851110611
816007295
223789449
637728586
245766628
432108467
734610611
441449035
870461483
890275887
236653895
473469409
716620253
422983087
946973797
978844594
517949604
265036796
20200837
374969101
819278934
182668385
130479198
480691400
127693390
214294926
266634395
61283069
544790886
800369934
40577176
103459057
373259994
244952701
472701525
303678815
43467351
413961265
491745428
39266071
915538012
461974413
991918612
576611027
732849979
679324158
680301652
323590415
412050089
189809662
311288368
95594001
2057540
403560877
223674621
891166485
699154463
747443364
925531708
735955418
251249192
280066392
706208533
451902748
210926347
631059397
414734888
815756579
280122547
43218051
540279670
86870064
453458822
7829176
803260995
286815526
137282877
530088698
798223742
243067214
680954009
653078821
425936005
417852043
356116306
206638090
985818753
471023039
659932043
972714419
433241417
335522053
837085675
74636161
591976229
263622113
960480298
254867054
476272198
244320070
782562130
453547056
205927015
631990610
95285383
258322357
816651545
276077679
400752880
465999041
81132812
47790659
68369094
342789994
675061428
399812217
150113270
438088773
598853516
818497529
67953061
593097129
437689406
126691051
129469925
37595737
931378947
7565457
395579319
191381075
716417689
968117848
559032667
983478627
986430494
982205724
418234269
553056770
561062369
688990950
10778102
678548886
17051452
541576833
571222938
470608925
284080495
250189393
933414940
692899150
391956397
451899338
238504779
278669159
751485795
272297556
767015204
582953234
396132846
191800113
344710037
511788546
187803505
700700744
324413828
224143534
79176294
560979689
502290860
816288248
857503472
238587513
787327230
639040308
83261473
7628161
731325564
835750323
992414957
583844476
522892005
555893365
803146461
22821756
135321284
936029094
132730472
864874701
455415607
129148245
508631547
231528653
104462526
928500013
439976157
541549196
717314020
445355491
413058132
22816040
970193303
377848083
947459560
431687113
281676497
153598301
819445199
856189125
56474840
209636966
249599882
566848395
976087030
161877862
463266498
946796831
301987591
490029773
433121469
812328552
993621730
417734991
797235241
122805546
887061882
404546458
744064522
48180777
589217511
91493282
722844361
240630462
676114658
672934126
886072125
310747908
772730276
170344816
944711969
933797949
591169331
112598138
86146439
693483988
961566034
973629658
329879341
107123947
729714136
375368052
883370206
849901569
650425191
25707256
148700123
302055031
17669679
21502008
45550163
898910208
307328512
443896138
829757955
685758968
241024256
533405560
913659974
711868526
582093950
161043821
774143941
815507865
727163507
397865372
616571888
405097538
89560684
915565182
683000799
299354808
968982407
419294062
198000485
902384257
17380207
860105107
944463840
928177786
538084532
792860971
72381123
416788684
923923589
720227237
252186259
27504327
90116307
784461022
648064886
991075273
302924438
195577783
926551168
126126429
881824686
349074873
469268612
907806754
150310571
828569024
492829572
757245483
885207275
23319602
118243408
550982455
29511573
840413833
289453656
425923128
15573416
626064440
827211400
814267523
30944148
662006985
532395277
932920000
87632686
6126872
34742404
306577908
591153236
132518174
160407214
367978439
317792109
74465359
898964681
101764563
417055205
990689263
340060493
533524124
433413983
466009239
904466855
404714066
912279297
262801872
892146418
995641020
844813972
815149307
343637344
405048898
480764035
178645755
703024659
645407662
821679328
922282158
301995390
581103714
194422856
251645380
482620687
306394988
548719321
534243531
929276658
40102475
440736540
384118893
372071219
331203821
237145686
655905463
175775488
916635357
886420051
666925689
134751068
726053357
794233013
226530712
390419047
557207097
681519953
977213035
359719525
927150183
109449836
286664007
89056839
622602817
675210854
863831542
494930098
428845197
665765133
983860127
200326595
941539621
873778584
474208877
504622299
91831032
965495601
149955387
920155087
307283895
359394137
73230975
221180800
909547972
641149065
32871048
30068832
551792500
721723926
719044991
723604166
262939544
157712850
944342770
6968326
325224692
769614200
981514270
844579554
420496229
757903047
931638906
118265508
938887596
528747706
709038238
623888494
562633274
398468777
632542401
462841831
126692756
349122964
576076142
134551945
294569940
534091348
703668179
144875506
323399905
496182232
524824665
5365253
428509496
557367076
429416586
467595510
250051592
742890069
336581732
463805958
15595248
195020833
19615237
810071030
974520611
556607083
565234598
619345365
80008008
757920513
563731788
353653652
90897207
2837577
798604466
327740666
750363197
617054033
237897174
579677369
82873836
414646044
503311223
291439007
168227647
142626842
808084933
553332635
937691135
487038583
745953763
88455446
314316416
295154131
765572739
433345701
348806715
610705603
511910488
478564855
103783791
19583628
31366452
635627189
251168679
258079500
564014041
401531812
363085467
182749326
174164824
594637569
981192251
650270061
294338724
745641765
197912856
521489332
354224897
286247485
520367101
382757186
40402080
796564944
80005367
981763076
449923203
796777501
767147081
554559924
220920294
76701405
710502841
560985787
746168698
832600433
580485603
581982377
349376984
812640250
651154805
330155736
276659773
667150923
190300640
14546601
937985948
549422645
266278045
661943470
260258933
762070876
339614986
511598459
403919825
388004067
450635945
160668304
476810962
738196061
981766110
297467445
118907106
840347565
298789582
771585811
944930395
980602558
194474327
692413268
238400021
819413212
46534796
919181046
203472453
600914039
830965636
454405521
144760673
181755431
518304973
743478831
126850723
608149879
92104188
961446703
355786198
769144679
721893086
592756169
237772777
691365381
782075230
65149247
502181672
624054657
591509132
604927258
463752523
274463394
189199495
976356001
13730464
817856745
256226597
431064534
355502035
426669086
880378224
93560976
505545187
337986289
472735812
234588019
854240269
798884789
619834788
412229556
703383512
223760231
379619761
347775933
37455415
812255402
555115031
543360463
680452443
47536601
599381086
870993031
848309682
722850525
192166093
427080882
856885609
638440590
791675774
239862906
234385467
339815569
53480918
180494877
452717161
880944785
917803836
675353177
814505493
934525356
565011675
195912237
23011095
435283496
729209802
646767799
126476096
744446193
800503882
824342071
539479497
220262163
306868792
451975422
779434427
605227205
588859325
507182933
206935544
847288197
75247832
673175695
410321314
931425567
406943885
130770738
58914544
592386948
306198180
485429073
144275359
453261338
191446672
688810809
154654787
49150087
505806874
756060207
114948941
160024428
205999587
414320062
750111565
592129388
813333897
627409640
169781579
593373223
81001064
525600725
582941256
464649100
144395884
565581366
211443407
470133640
908378575
653684091
796536491
373731166
6854315
637471773
200491343
824393371
497199003
660574407
35482212
224635599
891129938
607473564
514726481
57721447
707504910
660484264
588263511
854637607
342874506
493706751
403079162
52543556
280355741
751764115
382224940
120982663
740480745
761215951
234393698
796642881
520062729
459748659
563844505
803401514
648495777
619193277
37392226
305721788
103665534
139269500
759644418
379066911
719933940
324191847
717756446
622770589
50167947
96228616
374391996
765492736
50382171
825472547
517631829
851326751
89797678
530230501
86252275
865576780
713412734
867978939
771398237
438227925
817563106
792028665
69625882
752510627
598367397
771818054
447845188
122223214
585342854
66975221
948201694
930805787
54956233
803116742
129270995
727071077
187782020
753977816
945726971
39649800
35600944
235254332
974772227
511121429
782302682
677597255
660998706
679233608
847543257
683005217
781896802
62338729
18169178
963833484
251001463
207863406
902875359
665803948
422678538
700722205
562538658
99521985
300769029
388397285
927728915
407963062
564777766
753553427
197212505
70428027
340471788
881924425
463017475
545520637
682528316
206932361
733665683
935018690
364157158
799544041
591389454
958134890
903991390
64475185
990448854
930951632
216734312
598556709
835813536
895336122
643691505
880979618
159912695
824389124
9062021
668954772
739719843
486097291
966655241
645474848
393092774
966988751
741514185
846384925
947794119
457016477
541595319
92440540
568004526
114949304
476973652
950777539
138509043
668639654
555881316
54313895
929030615
231947952
679459003
811503218
892310071
9040064
490935464
72631439
330431157
459932314
174246486
775529339
376389927
734855740
310803904
436897309
772879984
416930659
679644679
99117559
655097548
935701332
143887354
358132344
966684160
865765259
935427633
471923273
173163673
274090209
378149785
582522885
758293606
74227118
138394453
276568404
190005208
567891971
784416443
83829479
895183816
426237894
154924993
233590127
648995307
46826138
445271993
922472758
174487260
7071387
633816314
728287708
121182259
972278932
34706614
309046980
573210701
61115047
216749865
142220323
698571415
387176054
969501150
598617327
91665190
685250978
613352546
356165153
124106849
618244120
966242490
138982184
201980233
256608287
339194168
123575264
847159058
25165852
372630057
137035812
788792068
469954749
41791557
484650980
530956187
436576887
766802050
622398776
85346527
831344840
130518196
173133750
120364054
402649480
467505379
375994494
882470171
827143130
460831444
142963159
759709055
320132835
113126024
33121477
426821217
242060137
878117565
511591678
375807172
247344811
102851933
252209966
540644021
391302958
264273045
457597112
864334959
454365099
335867786
544352442
60618827
207644106
32114392
742205810
892990004
91586273
156486568
412218024
171575656
878065142
688192158
314802849
209673852
702583387
855383076
562891119
464552727
58149390
700505656
456946675
43880014
780102226
510395477
786781059
367682203
559607987
549499906
597302553
120883977
264077336
465627687
466924209
38586130
337080828
512688032
607750206
513549637
369052176
802522719
862800806
649411809
165169028
253757515
993145065
748668132
193229184
566285322
753321082
228919664
588024587
496019631
128603269
549231008
69768923
905100050
166490523
702277575
193354601
353899623
669419635
578660657
114806820
858851808
974847752
694827427
864298966
885839654
816789602
99722795
404971779
195062276
568619923
802959954
939495890
436020631
542691874
442602039
495489479
968088111
421223466
104416117
851910955
105911142
544597360
411334069
892943790
234168056
978689665
608406877
532132685
559173279
713215924
399627198
711924738
653829547
159696149
408744490
68105986
348795225
85472336
599112753
664209983
632931220
971115570
119189349
466863475
595992319
401448894
914891284
305039481
141700579
398179059
78337591
612661224
866638496
218621
665417310
954877054
126954333
216244263
128353790
292720575
12718234
744235200
150474099
142889274
288788187
997145540
68845395
509316176
817568457
470044257
29576230
543220758
405476662
957400887
248885265
188978580
439716435
915313802
354176379
893581798
66561547
558768214
135087667
460449816
235307675
674334786
372597044
762340747
895892967
409903513
839448000
632306500
204944027
823417272
719229119
745169835
211853245
714287979
377218586
568224693
5517664
590087940
463855140
205863354
461063216
597038127
366468121
360591780
220237934
372600368
31154557
12730694
858737301
309230866
533199840
157265141
684496869
136151852
335812370
887618781
921760893
145796272
354080399
327806997
809220895
159158863
739638264
270790035
653074915
708286269
513121931
126774900
866966067
137376017
16283503
296783100
691323447
777664073
34210459
920721187
480655865
153555237
307339525
750833363
222420480
27122697
303307219
808716726
93182527
569957654
749839888
311026745
438809906
355214980
824793913
719165010
687354107
431011876
452898098
609927041
236361973
487141256
601605527
21255236
644555208
538091850
623303723
411318931
138954369
634578638
14284984
649908800
843221668
413827532
260930855
447822184
257079590
442072785
995040434
468207516
685854138
741077185
354384392
248288592
940952537
681185497
660652288
385579640
695036019
293174895
596153465
624239104
792830929
407202134
925069183
114583812
169076649
773827522
606626124
978407796
517147780
158311025
845645997
428674533
265144472
166364112
111506422
314931597
613016344
118569482
909715266
780647983
59920491
196598272
286482422
817534884
667860106
696440402
296868706
249031332
228772425
15730198
913338751
420376808
694292641
278374971
103425536
545412390
455471493
323336009
299878082
962113027
775289056
770744095
576347079
802502561
153848033
412332407
968097647
7664031
558773907
322375814
214886218
358497512
517821371
70783997
313224752
601385762
166423570
172719974
392739218
313543055
280313890
253821633
513596259
451711196
72816383
14767461
328426275
844188521
815499345
106596316
782693899
912688667
81208259
129942760
934790481
140562619
16017165
905172208
388030048
664623339
89127969
2887355
286169173
758416593
798649624
762158871
472850395
314161039
714543826
574301165
161278719
310163830
417418414
766963417
197072156
407871235
389488730
351495164
409007968
961850303
711793066
600098592
125356637
452324561
11743611
917280826
776795168
760498484
270835297
561547438
363849668
827646202
928224781
120902046
437887834
857004255
291614264
921510862
116288013
193674431
407515813
103235967
335648607
652427719
493733246
928087884
539230411
911126529
79701534
302310713
454402202
442077470
295819838
964421436
849360075
134678348
725020764
523088487
997680943
452809101
929826320
992402352
180035015
156646549
608420635
887867161
15371218
208996819
605692015
396179558
289279326
293139928
764605204
532016091
340435533
499559761
151425424
58820403
785092531
325975074
314213193
836452487
193176297
918240341
311497836
904323106
218824859
57945247
21801162
122062914
34493396
161655737
423250082
603466893
71195070
716189190
50240912
801189414
477464655
596369291
591623100
214045325
555027392
949545364
121480209
195529952
583520625
445492853
30638681
76524516
521842489
846544094
541906945
37123872
296009323
361199965
452155645
293139567
282441845
740948706
524262585
673459615
588715977
690465033
55215020
188904865
177387004
29344873
318380777
575031562
63513186
317831270
938953369
65303780
377142887
207282254
730135003
662713729
811246684
673666671
609040633
534720187
121929733
703024703
704812330
559175441
666400870
160699514
624850300
499781938
341727959
548567283
236067210
921823461
75380705
363912552
141816593
860768512
538051574
138933427
324058410
272449864
525186494
790559068
158497054
437204604
211109843
507150624
395038800
412616703
846865189
386805803
160065897
622105645
607315764
458076457
69805774
819603870
555192814
526048574
66361803
655544943
808666310
135821006
979099432
147460640
595179964
454264198
979206964
708244047
946506519
253981981
191218869
340808182
156884403
44591393
822393300
967297316
82973589
286761274
324378478
588350403
556507672
239755964
272455231
324754642
491143711
608618615
374927622
59644250
124521285
914859367
905908543
516509696
891266468
801051083
625400458
46138592
714672808
408101341
265972181
192674142
485966118
857532409
91821607
702859814
968038059
339425519
858444782
389201908
856708811
693245758
85215050
911711105
566597137
448431516
737535448
540024917
236210102
57946007
38496826
258788944
327353642
365141652
186266524
9812870
90585671
962300875
752662991
472722083
726340207
654792592
418332626
290090932
921760984
407116275
264119281
866485218
950521227
66233989
444579370
849237297
749384019
351586555
854525979
970344428
136755516
216297296
23425912
974641386
761045550
555651846
897252995
710202624
913158750
305801515
89179360
825697128
845804629
276945846
331055624
466968769
846103779
161863191
259536923
541825575
656590096
510677999
322409207
103926286
149911887
978216359
538317988
37882556
386267915
145275257
613092091
818213319
798915918
12409632
611285273
528519427
455768093
49401616
204611071
531442082
631862939
598672824
256344270
909548519
355309234
465967975
799700491
195740613
541265861
310572941
603178959
566987809
301451578
676853242
257296200
873634047
513843571
367524149
740535925
639768059
90066263
609571466
203438482
98888039
20909448
559063555
502978712
778870126
344718781
359044554
791794510
481406992
501829807
812028260
792276538
646102145
240954658
87616160
953941673
562366580
670587902
289582139
376529888
488032582
501173797
811060740
345199451
468779500
59002298
574391481
756007577
430129777
641107903
300890446
163205223
897114668
150729137
937877093
391544854
848706735
504450823
103275150
368834670
490123507
797955790
543524164
304172377
237278672
93342413
936386106
42389691
800419248
161261342
964946925
797191302
71906880
875250749
744912391
790490456
722229333
338145359
181734393
254595964
9369091
75295428
964893706
609849030
519708296
910542897
1539021
680012434
741616534
33574836
943926909
316061789
677263271
922001878
279360214
217041778
123000581
277751277
129143337
857597870
864734060
752540093
257312395
463872639
246482699
479208257
55506222
936072244
14526036
751999334
553216219
241034287
804888527
159285622
35852252
902108260
27320014
489098094
322292957
445716195
720046871
149474354
38494811
182034488
980251795
368067090
130269052
558710478
838438199
274544953
687821250
103312587
742974953
459197290
866064780
239322539
112536727
11525034
734319764
954694151
268978882
177967657
71980079
380764154
778296823
864896989
113406229
836508125
573088861
719313774
471161905
937327933
561079945
651588171
63931206
447550049
920004514
903480820
231112970
407616386
516973337
755089313
735454115
526032447
62523905
818890734
210548447
662170008
262523999
389929638
162130888
329856518
729747879
238554521
22113842
866797408
307623736
342774784
601017967
960192870
992806349
858569815
802670605
858523468
729884230
491231901
338916377
902885321
44628347
829387782
554951350
377525199
440575773
809275980
528888808
682523077
551516017
238818414
945431691
189054668
565701474
214789590
764764
662627590
83515354
669980492
372375088
962876715
988745556
7834197
245777264
271436490
477398462
485386988
99292305
755086570
590397854
301849610
181942649
397192231
235084154
276982348
637028876
975874920
114083128
460502170
336260230
215921509
588053952
344076355
517176726
472841709
332629669
217751112
411790448
106101698
639192905
208116242
828010862
647068502
693883772
684854094
614141879
508606450
82207477
520062480
564006266
447803323
808587530
318705411
538531177
135440471
670207995
454346410
943156025
427307555
361274784
780952208
270634677
124201320
866178127
969031476
132720508
80179079
790252058
993662437
142673218
11000925
891625076
198894121
787017731
686208907
733816360
382343680
339550622
697731221
123222660
148316760
507246819
816208726
136303784
4130371
335539898
603565095
369848611
224340891
117941610
109030400
546750889
683733263
586615451
868470194
171004296
634445073
477504903
264242326
729999205
100843795
648590091
221695398
186872062
613072347
606923033
692315181
96461195
77743741
357337640
76446961
726455538
236417672
820894373
388356275
180862731
292794406
543165454
889526868
60653952
245541871
437463243
510732214
640036387
632201932
333801075
932605886
820640710
450740271
992656498
979554116
5351200
679568756
520375572
159694890
947132870
329597530
668446508
995721208
234665315
62753497
242491507
678151563
328817064
40760758
168496448
674535955
660792989
809386014
924889155
516004075
203849748
809470986
903910465
582295583
679534715
772252701
650499211
661649031
899792697
665440607
268426564
846342112
68742871
878908778
49693546
627532477
529966373
637470084
642476362
191660783
565599051
138273590
342382610
397264388
325867223
269427155
511131334
655692987
529039359
316287076
237784000
241800530
873029347
648974967
43419531
6115915
967525156
634950973
496786679
898825908
402510927
35069094
628551925
554418117
623334442
470122700
231098098
303008642
313907051
892211937
91863207
245980062
939018351
787646829
254163388
712684383
473847156
514575871
165613196
825953122
594546428
146422043
121408261
918296794
658095096
711716687
48498670
762375073
884778110
865644851
102869226
88680879
622845771
844296608
233928317
222027379
596370734
166427437
632615178
19508760
943842530
387292195
652740603
969467971
79841514
756988071
875758036
575421220
607433515
3816227
609949692
903326110
18380027
725824725
406425375
797072883
228218187
929543455
301029495
125578611
68871045
699021832
941207202
772918282
478569344
427162360
928502251
746886202
554146101
138683225
313244874
795299053
53503740
563667857
47022286
294487580
958047494
324262472
785485710
450850008
851791523
781919731
95269111
51076132
152138379
728532637
347138735
323551996
990229881
299977566
875268738
236445349
244828473
694784036
825669385
410427766
192792558
574936968
171049652
84382913
20559771
266882430
297046338
339991233
494863825
474774219
192086072
911391620
373247024
567207950
205596715
457863496
255112302
510974656
192142930
585895885
552800749
448590883
171276819
206252947
681317156
139081577
513042674
634745411
140494210
402240019
934721059
2865211
21171054
366900510
703535987
185265570
743388885
623406432
125540525
698858808
704813706
90993691
809524077
172305991
945505323
84625531
893067369
275273018
643573050
182631968
290764488
219053848
621166571
855981014
218824591
987693306
368538943
862381664
884957529
452787039
716297463
830141491
352526051
675071149
181568366
359093921
487835510
963797454
237702683
736244059
236102324
871928658
287625753
100542206
982814769
606867334
287337081
766925737
955075950
681772328
466319880
643559914
153716292
754175884
762467831
653982924
808497861
555693012
507359312
825141637
811528364
498039855
953609216
898482704
595917500
235927232
888187100
957307450
448173728
779046359
438084907
918379447
812064410
932495259
327099870
686794536
419393831
888876155
612325567
128269899
682632827
343725028
691046483
777838190
399565669
475197257
260322478
451307969
224239863
316441887
871471762
788111944
576632279
698063782
708044369
260294048
548307468
540163341
632914795
798147718
513771257
424279356
565453343
904171758
229800754
996474228
879737264
214588757
590381676
884455189
575652928
256833205
465891627
18985786
116961094
743177966
961944578
1390156
198158059
859818439
59570448
874493445
428357236
554159554
884125402
366921507
727709515
850981748
132066623
236079475
803566588
291267017
963241592
49755035
420171923
241772752
455747800
740032870
288237081
4739218
816072676
87497539
414923096
480363631
946443142
339030172
460399636
762657453
785973344
294506844
379138038
710422026
372693610
485329908
29435440
877493404
787049973
964589877
518435401
172070498
448249635
267050259
928725843
770580882
962795432
841114666
251535981
341897036
559375984
771931019
573954918
414795996
455539046
983212493
96542484
64192722
466497579
275430418
327079654
103741491
932643493
278556306
783283493
647058900
42757796
886074576
779912474
292935714
611546935
630792597
920618106
715243746
217495673
8473137
903848660
364559752
277067233
772999878
933127997
518869744
829808537
462395803
97480350
960442010
145263221
308646552
631487295
310054966
509802666
433299653
868852098
34520981
34384180
606720272
227286011
576420619
15803943
766972263
27697299
95902610
959286526
936543164
765950006
659097613
986625232
65421123
395028697
725218194
196103596
719658705
872729847
866231090
262774968
181335306
692141297
641916621
781966958
237069680
437673045
108679817
125311686
822595033
65416807
916762795
905489145
718433617
405529058
107273501
415234896
867828398
124188647
950703929
797740857
17843281
409981903
144993122
563888826
688990843
657795586
693861108
715372011
298441577
330855299
908260179
304042224
902591883
258352392
300318795
198806291
84159983
671552598
435487547
798356918
860210808
748264103
191489799
899898434
566592550
195927411
31549070
995135858
69042680
993870143
58549156
274356511
656590923
480880861
298142106
195225895
567460777
859107164
778832486
932317277
621770488
685974430
693636234
436299771
813608270
110660722
467631838
46202714
719527807
989190014
265717724
239295107
617325235
549639446
217950024
547804590
641354871
416372934
101919778
844332872
877357613
625216568
375030862
553440409
40871159
633076684
924747222
697754401
512322556
981480471
430704658
362542582
50707736
577434614
167291134
15821996
175446576
854051546
64620574
673960733
850728731
627534779
862598195
599843958
435695357
314502257
624639575
444087477
77317947
46663046
474565712
960269547
499972166
314762401
271320214
778322613
294661352
362519193
607661104
145140373
908170024
685169269
714624187
867928127
965571408
97748947
543817374
241155743
592971354
747268420
959938572
632343579
102166743
103184175
870638949
448685780
930836856
645407397
677623484
135047038
990809779
260494146
189612490
255281179
418841510
387222007
567196541
753079280
186824971
15235325
227873391
264129991
257823543
978953353
666587709
948586038
681221367
967501683
585369457
732777608
743707702
436181217
75486898
986933827
677010798
2353512
974676011
960478095
932185027
882043865
934343717
403648579
149622231
767350499
554248574
594386048
811769703
450809148
393076429
6651836
407502362
95617062
749124898
166145584
918206896
441831902
782799474
706527010
595952364
755266897
958476153
299189478
292088519
554592600
465485644
838707666
212720982
234966674
948071055
260918230
884859661
159950168
738366260
235796823
645161861
775232533
282741978
100021988
311102372
577879530
746616202
905306262
764427113
173508779
119228849
339549395
466951448
76463637
551113819
138349474
486595473
720891728
737362436
866261244
576839558
248950353
129898593
471214712
335603476
295389288
876024160
947531209
768345752
460294032
721196699
135053487
137341620
413067086
668213172
359641051
16255618
909104180
471153799
553730577
203552120
447998949
940647210
588462746
872234756
438060640
549738803
326056191
826162455
886478749
848338263
281092965
582935884
683769030
502156372
145747250
177700289
858327204
104179768
371935847
325360141
255802455
393754072
197921763
327252810
486982686
935477111
892519050
580596447
984892658
328248459
314282094
714974356
807018174
631152592
78555273
117009222
628126882
4644290
713481019
316522835
994082625
454978792
782269114
984558691
93828880
243810845
374964982
29713587
436998632
611790671
333431962
630775
129772839
633050922
175173821
796409894
614089181
81974305
97160342
30339653
893702877
918253260
822697241
325715035
184180394
96755479
780804169
694739804
748684311
318739729
125980276
268205367
917235734
870065907
807086308
164403436
89845964
511004886
766849375
601612553
258901165
611147042
916222931
882403905
795991020
40596130
419428668
798292136
707319577
708544686
213201765
583947244
828671083
940959185
786136312
723906864
181262855
969483593
490850272
193098375
697828925
654556930
145078729
754881198
997902294
952440794
263618948
40501215
640767857
747692787
28181394
853204996
891125966
349090129
630879314
568929012
929999479
346902058
900296993
402547928
69065087
551490780
936611741
709746433
277903243
309651388
309390641
78988986
629655603
725313235
116083714
791584851
990779662
793355379
640579082
100873026
397800132
912541923
911056779
852415332
620003586
199986859
252985936
587343797
796078529
55297804
102234054
16162129
961173001
2522842
963300164
229262483
811474462
195683217
610365530
93511953
748895844
116764309
505805828
404761019
754933566
856168778
536498480
89295253
64509013
442216626
875388714
40723421
136761599
618471742
597203593
83477709
396697224
579599769
172523079
234731077
277957225
940605069
593707986
508950785
393449392
394887248
511210624
21692471
303500788
308233778
627241797
871460889
497835301
405920503
890078380
867280878
748912587
856329253
661103709
290497751
200425712
69910560
975427817
418552496
603966443
803369641
142839392
584506314
204983276
267864427
960605428
285921979
748825886
116786869
972428433
924299570
64893406
332407872
129593093
840134321
925500781
632466240
209388377
576485539
104236443
920985716
175344068
503436928
111812795
467600236
166037583
54233270
337663211
816032012
189032004
563781156
934784309
572648792
24487255
447241589
808744011
355607791
96911967
200189966
267655427
888198008
13513623
932601624
768064063
687361039
583337922
778089602
738438477
665820141
343690211
841626872
691525703
734643984
59545708
197267103
578694073
117131214
558855982
8933745
661485146
77496291
901820944
406391265
895042235
5168320
79205873
964152711
49804945
954991314
327058648
836158668
787712308
616906616
477385124
140697955
837280731
218556465
141560081
897756568
735687336
559691533
349157057
431676393
670232176
359194067
734186374
723225897
36962097
686158813
116648393
795188020
241495861
688145962
278583267
151966403
644051400
763898903
424779802
466383456
327370136
279437429
207058856
323770342
100625752
642408444
485376450
650237472
926471726
372388711
659090810
173556006
661421938
64645121
167517017
632630392
28100201
349422750
450745098
112982305
993385079
609816474
586232648
851167698
554724032
32491039
38532207
619911336
685415078
710087271
955694291
606204394
6166496
586050550
835142391
53982950
985182982
554550637
679265915
321670064
748526860
636848609
714308445
41372236
121402189
11007469
261651769
681170798
267340956
541408482
264589831
873753091
534913194
582124996
927697630
264863617
898970099
612082336
26411566
816865010
869017056
739813664
985429525
810393569
177639960
610024256
775903341
327234439
804663778
210097065
860419812
284092496
687551461
477538514
260429837
831095544
971675197
747894244
206886443
832628189
82985858
982719373
965020122
322091869
373915822
9335563
124908966
32726750
707265409
609611506
178251584
79235245
885708137
459895967
617125403
256015551
959744026
742202022
527833810
245455594
484681807
348496820
683224264
161948227
837426266
214352618
1784501
119771867
815456994
950968501
568243120
3165010
83715870
721051779
557220941
651317368
33692661
556326940
3208549
68727056
461968278
911294293
700977658
114414475
682770232
10563860
842117895
124750596
294113585
176295909
382040494
323847715
895939281
900418648
395247394
245766947
350481794
331450529
543862493
126895745
281590827
898662226
890727726
272453797
490497791
474752464
495187060
672415044
495898959
366436787
413319458
350479005
700279740
297973472
912441994
250338538
644929393
934472089
306150886
501713430
548984805
386745781
437393493
59899792
583177730
719051489
614626198
639819018
793792531
690162140
525681415
515426528
178967567
372334928
701348337
187823608
485736450
663008063
238040522
270127232
964168539
987919672
788206741
81581360
422436919
723452355
62341029
202033629
539656881
402534257
178469976
562167781
952218897
316912789
366913236
647549256
239224378
680189439
641933047
267258862
114519591
380318642
732438592
16003146
760788574
824562488
488828147
249448502
151909868
503444949
961901696
504409726
536468555
631108029
882676523
655797214
228693889
467897569
134114643
342178462
744676614
570315664
948570092
197815973
716222493
857554817
158066308
421529919
307966142
863182263
823617106
494608056
799295547
986856848
628136639
365476637
470631234
936525075
543269851
485922436
890714579
993598991
511582903
299371679
76766138
191444150
986586555
621593370
811680810
665738669
141283734
219302103
715634769
925753902
633208877
824310487
497142233
110045850
482446947
134646664
191176176
209791922
595445551
219031482
802107166
38099760
408395330
1252956
767341481
599345989
145582763
317365278
711915337
726757399
14804040
622328074
356564440
317105473
140558553
53535118
561116075
924419813
127976109
934545791
223740867
393873565
108309548
836411298
289036845
425897676
668027959
771270306
211355264
465469826
592742170
788554093
891589105
784624674
377463008
711836485
576007057
402437993
577021071
731157570
61117464
873230099
338222961
452429049
428975802
901720875
35601555
560505728
185756626
30803638
923460725
987313676
474761820
823129449
47272830
929965107
341398788
44176038
591967258
551311921
787844111
383916879
730019097
699000105
34485225
865646037
564677291
596384096
180554268
294250103
202898125
59261233
871143890
636036577
665445651
919856379
734614211
110358417
927946775
378682098
450325396
423696455
629146477
643888745
762495825
165785984
2343946
577100022
150338164
363596033
380086599
631991730
800337594
327534308
304260537
534199769
802279947
732360847
870879487
9380296
810534229
745352551
132041510
790040754
985176752
246599625
483318180
439912770
561800181
323552340
323561388
166171620
758786327
596123980
41376648
477501730
179028911
263055634
112367565
442374777
140108107
845278442
789374490
31380046
586339107
718607272
408441971
852919810
719576414
367083201
168245316
18138405
89334310
327296846
387750392
989353911
398844355
840208004
293542673
243560949
490568516
562784610
647108688
759728185
922219741
336280662
751425387
187716133
766644384
701434177
683554442
572566427
145003051
979952664
147519219
690149209
40129432
752031238
666860299
598912185
676626186
201466293
639649737
934764149
280659739
357690285
688530686
338178593
934467451
807120463
365512496
787427650
673453638
834184830
185611092
178461875
392270709
372057050
208653561
314937783
66093756
603669133
352537031
35097582
664303467
567053314
811021646
447511795
470304667
537047090
259855633
135289146
252357723
336545116
70301704
21661133
802233539
49661279
117936217
486923217
166417292
341264819
600040849
709805551
170088630
635498257
845723198
344704328
563019093
808630374
935830508
437505638
165389816
305513181
239023697
563702329
936210185
919793347
325955719
512272096
550711875
302576645
396000086
179469198
651283498
737329768
340165226
776757796
902917856
518693734
563618035
813330742
720166400
864749036
478615534
636911939
45088772
579278741
917094122
946603583
384085698
991821498
606252982
339906544
954413921
641506595
287500904
345090491
342733146
395700151
142043751
804479328
25181866
287524457
8688661
630984447
205238303
133029734
466438073
168158500
819176459
278887853
6112978
513644030
797221410
946534324
5359200
472243229
787824583
584173380
444426282
170165879
850970843
957158336
627785499
801235
112527066
761278677
643484054
798134407
895949448
96512387
979849333
868616573
230389841
808669989
887846577
487676039
171054598
911151408
919371599
428788155
306809022
119518799
604127488
458585054
918748047
890795289
958464122
799012075
161245745
255918089
581755421
142698800
200992947
29642304
651229827
632064425
958977288
902363385
607279497
836336017
104011454
19461483
544237129
475007980
232775127
867193924
358251868
658888909
896417517
894502543
959589679
267596768
446497460
258567014
280281750
673331712
910953133
659268453
980270714
946111246
43209142
887936158
380354822
951398598
368624968
878305346
874283586
327686818
268289275
114639192
410861925
524093291
312521966
152797638
220359390
329528220
526676838
648831290
517441281
91958874
309483186
365396442
175126827
472754014
267246565
797029282
815227071
959372780
640670673
92391334
899580656
753480080
61668339
371565799
348452812
31871726
388282757
433582716
423470883
776067306
261176428
241339390
442261337
296909783
165857539
149645525
145973013
306755140
499620091
487820379
870668850
822338390
534063910
299702093
71659076
619557228
242521060
839545282
602764828
93071960
909391066
114844360
943213542
656299656
444256211
336533019
847943568
624205694
410873633
449217873
657913684
782763036
228994354
616416006
285892177
178288761
614276544
635964102
581772878
174100430
358225957
613146369
278303764
403644143
806863651
86960617
159492719
476103474
810966729
616661445
815432567
862086610
333722759
600161287
10592185
106406255
378362817
286504787
932330417
394485878
650989895
203692463
50955305
41841520
410340511
958316
640998243
747900650
324502009
508641765
62564579
839756089
474776651
989857454
855278340
491140979
869798078
696013660
472989475
506239968
740420967
31274868
348655333
698109003
148980629
52970013
513216441
249926843
324517368
290063957
959915854
560395719
285719793
222201101
493010846
103356178
333908026
140937621
649325771
514877746
336721542
50864520
351941289
405313625
924394768
616776287
225743821
190157158
296895576
80246966
987857598
854664115
509438314
938931799
778731341
919295913
563321602
263934093
712700993
978427002
546659507
576656405
373179883
705979568
377276058
74189866
470571454
697028909
226188983
61299467
648982912
997533487
791671025
869177839
95686991
970545695
601609146
394698789
922462573
956455684
689081570
125553602
736524585
398600071
358494533
300312260
520957101
561499871
866943755
207897444
907900237
725880432
735334402
440152175
931863085
521543226
213295569
813666404
989644683
333476183
302841451
54041586
416425625
265909405
759273306
806938581
311501880
671236734
314848068
609786055
765845128
217321839
403099518
362287398
131560536
375662949
752514813
957250382
856167096
261787960
373454774
450180761
300845234
361275473
402540946
870478944
797056250
720276250
48674861
135353289
872307942
785805612
770934374
935588520
167371757
898782819
576010852
736002310
138343903
496490479
238763026
213447659
811505052
325681285
590200859
927997516
611231768
983767920
45846979
578319861
589800486
609034803
330632286
747337536
350756870
253783402
234122708
750411924
472163261
941016852
292683333
89511236
203030911
964007213
362027183
850547143
896222084
13215506
707502948
144095694
927688975
522683058
30129445
319839176
529426864
432895886
578574108
773981817
910791086
483638186
356239341
80555723
508827314
296018854
456759249
80506059
277045999
864847124
737506590
161853208
815221575
171394854
435507770
722931819
627753548
787697120
41394188
373244929
329287089
83421303
580338051
683747209
213414315
774916409
590015870
148939038
763071964
924916316
280465411
160937473
927718139
733187993
696120898
424064417
340786350
643795573
697724379
526103667
856243168
925692909
338064351
557171724
482036525
983422355
189587010
445851371
126239178
598790903
744507466
603633663
828973231
914192543
237052678
352939396
965762301
68626141
367068616
159416995
952203929
583024985
247179471
285265984
118465232
20462933
587907951
353366413
727884999
975471415
165570511
561626274
455398525
373664152
40613083
849934446
951982788
964621661
895491961
331305042
365067570
722330140
325701524
62612222
486109909
994071688
511066755
413684139
270699091
235186175
872663100
414725510
764952127
371022301
223211363
929964280
399459775
307748022
675846251
33609546
632069883
431430109
232535519
454917566
424534442
662532416
515028097
130278605
192326436
