553402610
614311017
935201211
975660411
677443517
370312113
902592594
120063808
683220766
614051764
853298244
272693973
238224989
143850915
533748804
753240813
233000607
353584254
679425214
312667940
162113854
996720900
253062578
703263254
918747714
687682177
733620166
190285311
871903489
48922873
422498795
647647431
439837913
629977330
334976777
675437503
556209374
218953571
781164114
421608269
507992868
269636313
72438240
929177587
624077305
558904315
960054832
191282745
222741647
433081323
686159351
517356275
908191822
943218177
488512173
823851305
323999841
508056005
488787609
178162843
788106926
414696780
421835080
684893379
950126771
973025312
61373420
796457646
990773410
227857599
634552388
391534910
604295034
879733980
693045060
459586649
858347512
279460798
127852217
139276176
174741459
551391497
605159071
767543348
864113914
783798562
906378999
687354132
577430819
775842013
694905587
926665604
755258303
89124764
175021490
267179594
841758828
186283238
328907311
8611152
266092659
618389651
987113772
208619346
916656456
832749510
495203194
951985225
865800913
368392634
58547431
915073786
485766343
180230472
179522613
757742442
287843263
529047951
431228478
72476252
903373298
572810187
138205793
688307714
916406854
579398315
376777516
472971751
781978836
128677446
331436075
189595850
952115524
831407855
453028310
433353571
684556189
502921731
786672165
980978187
584124593
722912929
39678113
321224932
723074322
221320809
55842079
910600692
953198970
559003095
109166926
109131525
109508681
257847914
650105529
590698334
180882638
525742746
860736497
973894902
303523639
912691282
897605696
756844517
751753185
676196261
110294262
463675895
24619485
678467290
156191644
32267016
150302681
423923151
344027125
162550837
725728484
233699716
931834467
315089805
812514250
72103271
472510435
351454578
270761174
281603353
723224589
159849068
204312905
530472604
651476199
548337551
98897204
801751414
659404209
980513073
288223408
235383043
112665112
803026864
717110091
420282388
976568730
263497908
143885059
499227568
328783923
67434619
605732919
325456874
214006521
702227609
201472978
368327836
151862504
49961976
657548230
692988316
160962580
117051325
979439760
760395715
328828896
77731414
724172850
933018251
169691988
643067414
250150283
963183230
114557250
988694383
519024204
537927627
133986827
398644290
163810982
526806551
922953174
925087982
543464022
522683111
786703659
205912127
599564529
397812213
201814011
422581884
644589993
786849610
307134695
794389766
802240701
824106761
689352474
276572579
448623726
350763501
274696877
920299811
357751408
719865972
304064912
792464295
182435671
63971387
541059702
358067089
683710996
818658051
781049505
659238880
27230549
610125811
543389405
54283113
340072395
896746745
157224560
912169753
625848272
814054547
872706991
301833193
864810048
89072008
313798479
746006643
608234933
452531248
244546764
432270739
377568705
929885801
400461058
819781089
644876474
23740950
998017659
350291391
75978351
274285567
231529552
273748647
237036647
311309824
924235120
520622086
358733766
606849607
820297170
729199194
105753347
363751604
473821450
627735537
79355007
990248262
996444712
336998220
498197603
6637911
191341505
367624195
841359937
409623515
67686490
552076053
691427825
709779778
776776343
191408472
142118690
576806979
914519234
864402569
88151067
725873443
787691460
885821198
938725888
422871333
702732012
111742742
382457858
556451405
460742286
47593742
752417615
967329417
747411679
126762037
904098819
870836047
314863556
753896232
513312125
422860415
546101902
140235602
605934080
315211811
385837188
568761949
709075762
654560232
14877787
362055258
981600738
558313532
204772210
482560377
811585706
517257362
697976827
435140634
852393938
434101425
379072266
40331628
742552012
285889099
323089282
698425003
754720141
587878862
236087585
757158927
335744297
715676546
918251836
610892560
173779872
850341648
305461611
958399446
109611194
695625939
102808557
359300743
323968093
128125741
40453370
896378832
749871652
94632174
687798907
18813590
883913226
121474141
526395025
79708198
410250563
368634324
258997924
283174001
295376852
580677378
815825937
285319053
181512987
32637620
414830215
415064503
109169606
163387144
230599193
303898458
908224648
690206741
824044600
261050155
722622860
907636401
861436190
986943199
288625457
714491371
411076521
36471552
388219631
176754391
830292151
972867188
685004201
613632323
694291779
693242584
544130190
524208251
575759634
501385902
259816302
980472505
161533644
84055362
475616171
519586265
323150574
804186963
184079836
847529803
524225324
156968894
789648040
642953985
793172705
369264499
477723272
80004074
34663413
185093384
606461685
971862256
610169186
718540538
437841910
602996725
264691395
783889023
229855648
290374533
992466406
807525307
669777729
489699352
978984409
706544985
563005323
780250943
422566631
116398282
50449508
760731260
46764271
381815675
606298089
357335417
852644877
216958667
142710442
817395761
622911106
459853824
741021137
111933195
55161877
931596257
685858582
673678164
134334377
425353451
573124742
199534728
561225432
282070224
465446594
857866105
620769284
534252771
52939698
627676672
253042091
747118277
196560391
672773525
312150716
551624268
622216613
960187990
914612159
266379697
80914281
40798479
729640771
743922304
450493099
937021044
185396757
150675508
909774982
299262014
802127706
687736032
685394898
524703010
728965919
466235356
183035280
454688618
404512733
456577274
129754409
817178687
674327332
14528679
993854828
248336041
240894929
365102054
791105404
620058459
421663961
45526628
943556941
125282083
729484484
782348152
741382480
309218199
616682867
395209912
438806305
246789136
599963690
453041887
516050394
308865966
688780552
465190026
715272501
265623004
698115087
567450258
708724671
81553081
866670898
216329927
261940534
94096521
229035096
540243931
188727101
852632448
448904481
601590160
823007661
251348038
31939736
202538688
795133026
345938500
492635140
272188424
649445569
253274261
59891296
762956913
740101231
15266776
909559528
534379037
898924377
11179091
311268884
675357750
291014170
14802056
640477325
187344889
818364967
712425075
949915013
480599453
272193101
654552514
826425974
764723788
156295068
816489720
622577133
78801257
659445805
461957347
112461622
762268271
552743170
805643127
938300494
319667520
875911646
402350172
701426912
251391777
485009739
14765662
90685792
99364985
826000886
740769687
620217346
244790455
39814926
988843944
337823704
458002091
740839295
690619945
742538323
327838794
525060012
97765213
166656086
641754254
277020295
119451085
231982288
228768289
40174586
521580152
911596275
116166259
79912527
949625328
581571932
13324877
949724088
702588239
532045025
41560535
157984647
628296394
499546257
401321167
551831488
587095121
634426975
101066307
795684505
613420232
755331635
594032662
38946846
592387365
424335253
816548110
968132587
818169822
591719433
16672941
472963642
884421843
677692891
201279871
138582951
810320026
328362585
475120818
788954767
917035244
799789345
863599328
35581873
782561896
652829666
175149243
503628310
826850874
396367864
656134357
59491095
473418370
400853904
567814639
400258926
181209760
1867516
529085160
390432108
323359131
366293177
984989638
818905721
893735998
708635325
31900627
477136584
242260009
382647474
393036885
934911239
11127817
629896585
585701004
797767542
424890914
805897519
619754069
3074709
538294828
634625813
76242466
609851459
331748184
665553939
362295331
621039229
774414328
92589845
847378778
865203856
406447877
316212171
933416467
496112230
65933237
206199737
922451386
684471184
255377303
124762868
431146661
362565674
646517595
712906127
181408304
517245622
345536736
706202768
23258860
780439352
533482189
803643199
562070527
614469722
549528988
535328543
951575861
111100551
57375666
553092696
907251340
621547408
141836393
246746687
111817739
391081121
566678991
38416436
695920271
716658023
873881657
154114151
539541668
919161249
4705984
904725477
872392918
637088365
551031782
726264073
552263661
584628291
333280305
566254688
360439454
384787206
222734618
657039616
301050682
5407476
810691675
252757703
124357421
650912562
589520784
896319768
242309781
675044967
235089279
346623383
746635610
201215206
25157930
542935773
502776413
306188895
896359689
6118184
464418186
33170261
314657639
508789498
675962817
146528266
982829449
911685652
210934991
691986346
223568366
717838556
547250625
430628025
871282036
636331246
802787877
432734103
520877827
82665326
277091446
108851472
347224480
668781899
647431898
902664441
828063522
200679736
639683894
144167360
447173395
819605367
290418757
505901226
103362045
206264149
489331197
912991537
145213553
484837166
195010316
830991464
311579282
140289187
638263751
129866484
891516109
734308461
476098522
282201830
846689499
65710400
774300664
620245081
698857632
79025436
151311118
989583908
900380584
327410646
943252648
89536139
535816314
880826548
421189610
220103852
567997409
580967929
708675796
707000352
836159205
124272120
216282163
241356811
133223943
125653683
789734810
767930176
982466811
725268679
903143028
273369670
922741857
581851227
868993807
818577688
870415149
615850180
588808076
319161712
622679326
64211259
823229498
585317811
354274327
723406823
315995534
913476339
173963555
455851470
634763514
976771047
449127187
923333307
303197743
838266387
523849447
402442451
417176489
626160647
671369820
49665
447919205
877734412
98921142
645969849
677296480
746475702
94122916
50332506
377553342
748803713
287469856
254553480
381566488
85247651
766239501
719902628
86936956
22594524
150758069
563009626
410462177
982622584
984515479
876709122
684881098
601690623
938413769
922900414
297894019
331248915
54133488
521414633
819732342
525824725
786901661
263125959
456083797
614478056
983760665
512430664
413766343
150231001
187562278
163755580
73662049
744235470
373225534
241791879
716997717
631665801
873020804
852657951
890171435
505010346
832882225
661083480
947050584
96966417
268033876
918888208
86947493
222803216
184372320
5170212
920536090
467811349
485519551
276568650
981724887
117668572
697552105
457847263
623228900
901326538
90737936
40386293
297724055
878090636
115575492
295879740
95699562
2664852
971981602
950062561
633227577
336888029
482981217
539933796
799636560
831663067
509672197
993326609
271634985
419779344
737013431
922325597
485233780
134992174
135802651
398010518
695353766
321734841
109371494
25468522
970027050
23116538
548816756
245448181
135372462
436294520
530599185
528021276
826444503
532764778
503741492
683582434
96575490
243164483
280904033
364288795
180839914
390224335
205448266
293788303
190435687
744368996
912128340
534202935
139826754
918823922
231449043
479091681
226494972
933520036
185233572
120894613
795874578
218757180
699914083
182712565
35538090
58504786
438302764
790060744
810975504
159392605
880853155
575581041
38689028
79889667
836509993
398188817
755160820
468461761
222548780
885559149
410161501
183807053
29663187
678780260
925027036
975054585
699923978
287172464
595154239
450009261
698624521
440646352
47251896
425396114
421036081
756632542
197590419
490291012
663469057
879486966
624884727
544105036
177581246
333277001
487660559
123061534
690940449
242864236
991603746
181453419
981052760
968315562
994489134
447085464
895990087
105880499
254079050
191176638
154227405
818720859
473709968
592950446
586905246
425075688
182497837
565495900
991257668
140514867
361238233
484200856
706721368
786040690
397427699
900253832
382981179
741955304
465904897
974874941
434486144
971912718
920949489
859017791
121997208
556747407
762673038
294371124
262985774
598983413
864289702
242078495
130212758
982140967
626874273
968146274
194611338
265351546
588319750
528685765
59886587
923574167
285165627
753279424
383622992
228927879
394065121
626045156
352331437
246245842
592899515
933157087
929424210
978990326
308518266
508361593
217687283
327237205
553240342
403379351
978088239
656013979
177357800
2033884
569093776
40444998
6367645
146120555
617458667
463114351
86719536
428007958
89699534
375371099
982178761
377581332
111595939
286608492
840800367
374514761
773101272
274040710
181234620
874420536
881549126
462059640
350673170
366295519
187754166
466988909
174498863
8238618
41572169
330698317
895888410
538804531
976980710
235288666
18855738
345661005
627847466
247962340
217162763
207045476
882614662
480372189
741575619
562683926
457299385
966092154
888482380
986261153
684249614
322587765
197920271
871581058
85392489
474754238
605251452
306631621
586601652
232258470
34447162
30101003
363975880
987007967
532345044
925780788
392088013
376148407
497685523
529072276
349240044
410863584
179579694
800243320
83750271
936199085
982958109
334445542
222835955
940726234
320600644
830932253
887365299
181234617
482149719
261546777
178612939
972409403
982683190
763025450
1488828
385264410
914167066
296098606
360811963
498399641
665647745
362173236
214755435
741333733
376797862
714863981
383423237
650318811
475485882
365204173
452045706
983158588
294529590
931025468
801096004
294864799
691412285
40272489
505355181
263971030
892693343
506935320
114217798
59311580
202169513
810005695
899933931
857600940
536941983
351650579
272555963
755792949
324763530
85887272
508213935
980091413
95364517
851537801
550861309
961680523
420406305
278747173
917256115
964965049
508749977
378782828
300090596
84851423
847570655
182316043
678026365
399747425
850086156
839699459
72509772
944547487
163404392
826427014
108658398
232214068
840459263
810465009
346725713
700358817
355875530
95333879
37137874
121866331
485592087
997000239
810677503
39279447
913158858
37456846
831605672
827943861
732915901
256817660
334609325
703461810
44191758
653866601
944302754
204510951
187805286
223838205
817190265
602122068
706641605
556904552
496332384
373507280
143381097
781533032
56179166
256879496
350637081
880149707
857126949
451286633
575783913
904065428
374832710
196018602
259289960
73039419
102091304
301790813
691848554
12499619
160886936
917244096
823553019
65914950
532487334
710738524
956304599
830722049
252940596
341931112
622513518
563165009
656818002
150619856
727263739
71595530
526739256
647684592
892504203
377787528
24367495
510032432
656560254
623440489
764679992
946713226
729979254
457821518
960185904
811134673
945273696
57642139
192387715
159333959
971516966
59326262
196369474
34511324
481645190
207502333
972220750
950416816
341658984
907186167
772671640
217585964
828718533
942380607
52121217
354312217
476226344
758918292
922013115
79282742
418557152
284636171
961853334
559026534
942394817
441816674
847812140
895923293
928697793
348104537
499306331
603476996
594375460
333472382
921176308
678668139
872049121
803987849
911270429
364620651
411532924
382685473
129050775
122290814
303593421
845174959
283308095
583397090
25616457
781982450
43669199
270448404
9949634
433383284
968757891
928443522
426094739
591106359
47750263
666393578
598524529
857677634
604388446
139995322
426330915
488346253
82192497
268396903
540282443
156583884
300783762
248034726
238292424
262302576
896308111
885159363
841731712
922638731
230002787
600235013
518557512
452241250
676237407
274363709
466676471
493024036
536960630
595081496
887558076
940121324
433477073
520280907
958891145
568530631
324565180
394076463
100556992
69866640
483803753
256514261
799851692
700549019
236982258
968017558
727089210
619159435
480048514
688567259
176245627
505526549
760487860
904995368
745765224
786600731
621431806
645325701
476182092
986451050
167600024
632479396
165361305
769802520
236004742
296674267
182450381
660962808
696940531
740802511
228474247
953462597
287083745
701006676
270358720
268863512
295461821
437476857
926416655
826866739
226329330
833174530
890244624
620121926
52213981
451672699
548787520
935982818
305686761
505505356
607559490
529547851
6606422
333419832
775431907
657304609
553918915
287137018
818795783
769226575
315852434
927267856
499080733
362740906
566388352
745600731
341104307
652267860
287614459
142171567
217108457
457288284
335446327
500922862
352403577
594814473
650407496
586499268
30591139
662436278
858327978
82597763
93089276
434068561
424361373
933587574
815952955
976148113
490700124
642945227
291651037
948127027
736879854
31007679
323562368
546358825
182759491
944015103
398813996
105332346
450269364
146379325
704026858
771443330
424421354
198691180
432006116
242264934
522557394
860979612
244166633
956936026
238292375
612555504
241660555
366775699
12162793
259194474
458858070
701992134
240020970
174609441
584931573
415633127
933670708
672369959
909628854
532319429
681802491
899015617
777225332
724427819
925342157
863925968
227548926
685353807
572554924
599057783
172769292
533432170
651772391
502870214
504875024
707929346
838306132
247807406
214036511
624878080
968577607
104445550
951445786
228115875
910942330
689095065
515735280
917607870
163769985
269225241
996804029
750983557
234762663
904329252
936773271
61599094
544474062
677281278
255422305
45221794
551874298
819456800
823854632
704804361
610996916
838448560
77547242
279156684
36476105
735295225
414145685
565895223
712002079
650939504
531071373
735881239
62279920
356134635
705186748
92021316
595475388
463095410
442911073
887763572
982103025
358538173
701158946
173950865
595443107
22870708
414621336
343777216
469734575
639422019
817603538
740299078
400824722
395230904
557980241
739682187
441976530
925419471
629072331
995480723
139200195
839223551
498210119
269301956
587766553
556638897
98968829
35341185
420473342
969405754
839496742
483361035
883199883
169701310
555823763
382991441
867861943
950599583
565863886
392256349
124180292
72898629
363342472
505050566
242116000
194585239
958200865
462269630
846164136
63856887
851199177
516619699
732525386
566460311
595695334
586344754
853021070
839201264
933730520
114627577
346356814
823605434
916262185
742955223
612192052
6902515
226377024
144909346
195468761
831229015
592660167
921012170
417643838
599119471
176067820
772051481
379367194
6740739
709094817
690324274
400569481
199796447
834586165
837478145
149152233
449027354
338551152
697115115
1818713
241476813
426293912
164670804
107832262
331957687
211449435
102585376
193921900
299789048
882523382
438508155
459155547
967738244
465403807
478317370
820466141
121401434
225560353
471486616
679883635
904555151
964208626
723365465
276666251
897752367
333503202
31492096
98986491
438407983
393080281
43745314
902914394
958847503
648719883
95231132
411837821
97187417
469874872
910196359
657696539
709984752
639106609
281298756
76194761
403986380
341185868
485092040
60788981
424676111
918893847
579984060
864735880
811683749
791525298
676357536
836325687
724297379
18983246
809805147
982215208
691011427
309994205
991917728
401827652
546342064
324053144
926345795
74579958
217780073
993347231
48716316
398591596
613163631
640893781
869089860
995571275
657470676
749809513
114036274
927930900
238262717
954916463
161634138
197281140
567805265
944737329
495812756
590021749
672280180
44866911
518378296
544335394
464013924
997433933
444371896
411806459
519658398
157569685
94455782
156774061
2896198
860869097
413225974
452927601
232881695
99742710
369416857
89708638
476312059
192881478
417430313
111605618
531465970
242990263
774621894
574301029
545960400
805545516
484677947
913958749
955876477
79302694
669338654
145745842
601758307
231193648
991323806
537946588
283422424
661190143
328585070
143685726
659476203
405029162
110233134
205028365
175774866
204874637
908981822
967095354
350293184
329290602
232419983
688932913
883332887
778465712
729734997
208020257
752202637
906030327
604088142
882400301
834225240
690940546
207592936
353059688
897629887
156145232
539610964
239127127
436649867
120637997
14257597
857409046
334895725
432664902
984665836
821641131
382240867
89910450
647912411
403359306
55033913
727710339
666138309
62431993
127039248
634629383
202130374
938305490
97796888
231408835
294054561
930374356
731530567
168041222
656393094
789823093
393435013
107507542
85973373
975384582
279143649
412119994
267742252
730112619
768360789
917688634
596549704
574375788
957919118
533311697
919556769
833833208
444673154
81320483
3178319
916929612
20942659
465761526
956696314
679968755
617696091
940382373
268258171
558713203
464444329
631775132
796634609
908673452
682397872
239804629
456013021
689500174
648793389
685480266
467942585
37269484
54087509
573861031
758152841
896798131
693527319
829940813
4899124
295360185
163663603
836173770
29555660
868429600
137667328
614467129
389631004
382012190
742162100
294207730
479050790
212022230
382395152
947783490
58172319
426575340
574787664
244323447
407816276
206958598
647732985
243605125
536315793
328186348
25364369
409567596
714629397
659219529
321298491
887359736
542107639
462065710
968298068
731349975
922898813
716962236
608845661
432193203
185805708
129638205
795105796
739698906
773076761
404504777
537715452
75053616
630403018
6665579
207268928
594085345
985217229
544118956
331376216
301957306
356044274
212365385
840370184
770099196
881497318
625129693
303068857
175547597
906442405
517633820
258717964
876735248
832251011
884434726
562459820
561328940
343301211
440550164
353504720
274058989
242440303
840265165
672202205
259565433
45055064
738556920
937534039
269106465
390331811
761025034
946356462
565149185
597171480
814057983
546252289
406318081
542274075
59615676
502628162
427507313
382382636
189537570
133316467
114057491
399710042
81277680
846079936
568021103
965648220
609197818
224989976
328324943
278441521
247539384
192925175
598719698
707132088
51595171
584396038
596564212
100404262
496990259
422212878
191770497
543134323
993567008
69282218
631437578
561244769
402802438
243227729
76656067
303207789
73420216
809626560
416500321
534546880
398321725
296289260
293354573
977212533
86458300
604046011
949248482
860961861
925789851
971382248
217776761
676724807
442581059
710485418
286779871
364371025
347756957
155274331
314482254
454406332
622280534
712710608
270633196
534454883
54753970
878039116
314069671
100011785
1053908
755656445
958709255
116366386
929485730
906897795
988082277
988713222
850600716
340629284
551933839
596317997
542605779
605922429
175775272
835484253
742190065
804037112
567718775
95507411
958122914
457255289
539757127
679364041
395124398
207167998
697591435
991417821
662967210
387041319
692415543
540907691
201246336
957503792
933268096
688434650
120198838
43705920
800484542
308460215
953994934
862352066
24244173
885230923
487234677
958354660
807709503
594865895
62629446
861717012
382181202
391912209
755692529
214312441
507360340
265824973
2720560
20786546
342373574
381006073
721121168
212849919
421141911
481061229
551425541
117896679
969115653
886916712
101804745
618456437
894586230
270151387
548301138
986877839
471793082
562177649
749986778
163463294
198927234
779169098
602081594
739899151
873590006
946081450
80595529
273078448
582495538
524457425
433892024
132275523
520664620
462590669
112197029
301858520
586798467
558169841
584912100
134606907
774626071
978357437
231431524
680773212
719315232
193405183
977516872
629807386
409823782
477750412
23680778
828445797
471072051
392490702
573528230
817027850
759697390
68809975
146454563
446988096
924484720
257739483
628431710
822510001
222157599
932299589
872960844
918156767
777295620
925770440
114957175
799140784
901627279
691259131
17873118
502757271
807258551
233135600
783652473
587023231
72647615
582258240
625699932
678119050
481750290
984162601
835758451
268957783
146176976
426760924
376830616
507465645
891192620
809788318
318473410
77948674
464390184
248310225
802982103
849872629
594887243
154009136
917473626
658295385
769956493
333595092
448773280
554527947
890282607
265500750
786008657
573590890
481413171
348177236
17546600
89031967
261678038
488675134
974703527
80392034
327084690
155409943
23172137
614291483
831074404
296085144
994385563
371175421
82326327
80517289
865014963
343015967
615343677
482961215
441943697
547204026
729738083
98265287
617394646
829498385
85681017
296804913
656786456
196629728
392051968
245459741
73651837
946584158
313884652
178392344
601780375
254678241
830432248
28986883
407595168
411908330
580455756
232837181
553472717
872002595
360145775
511176458
225319627
386239388
931559854
191442175
11980626
32169163
867899332
795422475
872459874
848766731
935314911
505638079
2995587
477289833
972470295
221807664
242745573
892655588
26629667
493996430
195162472
382528606
85344506
757458998
293379265
706563682
106464116
261508671
914744593
908715017
949157242
476864830
510187323
582947688
856777476
786490717
503671683
331302088
504834911
897319755
37811906
709235790
807750420
421377624
234425833
539687153
136877194
439954770
422587730
53421663
976467277
871373573
144712205
170734873
235816416
285956724
901765879
648702093
303070612
22184097
538101774
341737679
890364327
979337888
26959964
121878789
659724820
818930569
711678560
159357
667256010
475799946
250874655
776874569
991992645
60985699
231760679
660204205
570195248
797874825
76204999
325111275
938895201
217570607
551522814
985099048
470806901
952562546
813261622
834608739
199267926
859373750
323784868
392056981
274537603
54154944
90587038
528195366
77799307
911870481
609343129
126812763
555270934
70569003
94225530
962592161
78942815
949328906
215522797
131044496
935864888
362730650
774626568
70173173
953685718
655635719
11763214
445376123
78183408
30791758
441112763
310840356
395753526
586821510
904995819
703031530
417806361
34629365
952160287
414377838
798594423
132837195
965978381
163199560
843212960
924566738
188912735
906160399
819490411
245682769
333444270
256214503
176070925
896272648
874748425
10602396
85998734
472750848
72084788
849303351
239163971
242604067
774236901
824737538
360888673
253017274
195495725
272170287
624331244
446386776
881803038
867367923
354483338
45424303
135359574
636089892
677955333
896027851
208736771
499223526
908703129
464244542
901448640
433038840
617701286
962427310
539527332
690510626
989439658
102348008
292723124
596754583
377434572
200021288
934122381
706738305
136849964
496492274
107189538
801812376
872422947
367439489
923229136
72094181
795467313
125278214
578784892
890068211
562121177
409433921
532041260
476005011
309414442
604404372
511319026
725507974
309772899
207891314
17598186
740189366
238390148
36950499
903298261
374656157
534559973
28055615
590469084
633328559
317582419
450506445
194662450
528397470
79107109
484266941
391011387
795620452
44960163
598445644
382772164
637138017
934959240
811001375
662372603
473905091
549316167
875627474
278555107
681156657
759328898
622938335
650374007
150734484
893015663
199934826
766352292
791653408
200940649
227898555
925215111
59979873
9685844
798670945
56926062
174505775
263049424
680271469
758198511
654644314
858242283
166900463
40822885
369311599
976350672
772065796
480311374
282599152
320588736
655370948
666238720
946115499
438173077
158771060
165096023
395024332
812702655
335438831
592499779
241741344
815352455
354533532
789285619
707492720
946189185
450992013
124383386
43418867
313218312
901534364
189667734
957339342
2396853
230229354
843118297
541950590
419559296
719313531
348865493
879574198
420402542
253132643
470120441
659267045
879810118
212871496
533178372
54769519
981490390
894733941
297230058
893225882
712820283
852947292
152031042
188625636
262266877
911165244
11880725
50965317
980268692
65259604
289800860
594173838
444260133
683031473
743386172
907510836
317165139
393133506
963924104
37450814
246252059
356490164
805474635
922614883
105912411
491726155
194270417
700915446
987789117
288671697
968002251
358371448
992353930
437098659
147434652
182319995
80774876
154795100
813894947
603303894
255973605
29852789
927273338
368793824
57574598
331800373
905241134
134058542
610287639
367587190
379843042
313392893
978110170
863001576
296505012
920548409
265627178
400758562
80450990
407803806
155187670
272584397
116562074
745909116
94013873
736463544
604186400
233438281
516892887
975839369
753304809
585789754
967096713
135771212
832118593
316300522
807407657
848567439
133173940
262548509
312240605
612593899
803165701
11105750
250943009
290132279
680273740
607166239
520125861
711010595
450881107
382648322
945223107
37120531
804953299
328310872
372393189
870293640
776452593
89878483
187589331
512952051
830090104
220381125
822415604
244959935
849918642
913010160
525891688
801815137
163992521
234597667
958097863
329793054
247596934
328216171
482682774
546117967
727146673
323257420
902375659
669082074
880420258
304834751
690735400
250291927
885186861
756961238
193029036
371662979
532305167
852601309
385974818
471170071
526430167
98593296
307958840
323076825
216379144
464382773
738249811
795279649
390805567
771472611
499127468
501082051
782258851
15556177
583205662
110282488
524663273
240249174
197150669
381321854
13732169
25039953
834467359
688009648
182656304
468295512
16051096
928915634
296773060
40765444
705748721
968686923
304024656
31582866
677902196
262427094
401055865
613791486
437574361
784438628
693877638
920857928
583961105
583832254
765503980
823182255
456964841
365270233
929779513
128106258
632473597
983341111
164495499
521964156
443332152
37277695
137529927
423384522
304138144
89083265
119059696
976638590
714671752
849771902
237453863
129470039
289957342
702501586
871719966
814961142
924151683
249345477
160346269
783071884
621099437
588810938
927568364
77931958
99908418
720756065
923031495
661501085
808418608
425595544
33604637
922835237
863391746
506750771
886687320
532426485
800191275
505976239
587515359
220101942
51530253
289288768
975705805
793166328
934345368
581563367
475238007
222114684
823858461
749679006
159300147
823549767
661102578
597899660
885716495
594819909
764536833
764934548
515818040
673688350
559334190
909295478
505977250
798311692
744918144
255002276
785927101
632789781
67907607
212064371
261754600
992599103
865643058
112578042
745710042
757241644
92896697
78433380
936915465
75555810
109784759
305974454
856500754
46127997
49942695
426289014
395435402
696764723
247915164
317411421
310157337
432847608
953696524
498010556
667702357
633887502
879922282
522722900
615343444
199618632
253936206
669173025
906142050
745280109
361293037
58281271
137555563
311817034
65161785
383304598
429765514
70751903
825983320
505499885
797228746
260831758
957569823
551481830
727532521
776192798
571944315
261545777
223422239
896905103
126711436
381119794
40531542
909412594
11393607
516543825
515016238
767159391
216978775
560045167
97056918
932890036
463472820
966661448
16493905
262566526
152807761
447132931
564428228
142850608
438348124
437974170
878548330
740846147
924642465
51020503
232970485
488588082
710307762
564469832
360684986
134162993
620216495
89677452
604310246
728212736
429496672
333286736
375002350
425528540
727184915
687312975
971633538
482596631
283650948
607329900
97496908
687834489
264538167
107875045
268106676
205549331
993176672
542880856
546554492
76064414
160241635
513112821
49476781
121028362
863051444
511034212
221908257
57127234
403327745
137124651
876994945
251360349
794283719
660766147
439513681
7517887
762433625
898151407
418148961
83349260
707311934
504076588
184213849
93191756
426135729
951260644
136575071
947386132
329464626
115834748
501201229
616895515
529558562
196398222
478149954
797112041
607137219
174654643
423003979
393280989
733271817
125271842
270376906
837980921
107171226
864961946
696642563
615970833
526624305
748806510
25436412
130929693
29560679
775445613
153388530
566882871
712287600
514301460
873533687
481152643
995095240
41419397
715628526
172930793
273141925
512456514
986779176
344844005
956488660
691540769
63743892
279904274
146592910
769880335
699016638
132694509
302185530
139554775
907931305
467989970
60293533
865937347
663173123
465545015
46735073
468423385
164557551
476197904
936419281
165033756
44092286
144066491
131516511
609056213
721150586
981942416
678950475
115350515
273123434
956061387
649745654
841966540
589337104
868806488
448540513
46597712
564302832
256535584
350283200
276049680
226119890
82162013
119702607
449386533
349793205
277403439
438138034
198938376
54224480
71614862
457332632
617584876
112175073
633890854
262839624
913720452
628545752
937193351
384785263
370880486
28109297
741640260
965128758
472707543
976752855
911959413
512728046
873130814
322372497
588054622
576978088
652432555
303082325
984947166
377999680
45140101
720364861
858653792
648963351
859120757
121670025
618482032
625509973
305338904
978159232
437564033
263478643
389462134
523259368
315990057
678885266
143846599
919537821
936323741
637684244
42120527
830283910
672992244
131144707
495972419
872499063
752082752
886241524
473306001
346928010
697587037
570203630
937399275
202133263
481912354
881389863
810145032
160849431
458640832
916777701
142426438
220303656
241540001
179195519
390132950
378807450
942137778
259936628
653586397
297894785
730040032
685249255
361136119
675363081
933031714
811552370
611916818
814869159
648522963
47189337
653111380
85425493
889775127
675520130
209456471
657201425
939066540
319018073
313465985
986805581
942740908
172997501
446340743
569736817
527075382
813340923
28712477
756115386
625819109
775572591
357921386
36950890
724252724
447573793
154235713
811437168
803952650
892431059
136686670
762344657
262604124
180562846
211240924
657438419
132572425
649083145
84070233
404308923
438969550
237981018
227969252
610338339
814738189
771437312
537523137
407371887
226769119
901547069
989577204
105296430
111015713
860015918
192511992
721727530
873971847
378575801
942869780
520242885
732760228
976280299
26519490
80379636
162372266
29819529
56627529
247098596
864830114
167546817
886918027
625184750
268936628
671686025
811035960
574809859
456041551
816615083
164861444
934175678
655483185
454534437
123509831
647175361
936076367
289938818
559655140
532886983
709186715
805543728
874744847
927593064
137105562
430982504
228898953
358702122
75437959
570163633
835335991
646658346
265332431
146038567
369339468
991067961
46374334
245958180
879245811
586168948
168423517
372236763
191166260
192933018
982673657
677502545
108067865
886837225
654705932
673280420
626500480
39083560
78398915
52678918
203405571
839003529
266554873
304217792
72499625
993646018
787247122
511998373
392978525
339795092
27695230
896924686
378005265
39122774
17646420
124663846
784738471
842130532
664727547
722324853
676833
411202622
406050035
504482631
857394627
918609646
499302790
278263446
32837439
330509173
330717354
58196179
395306613
89298982
816740075
502214981
501362330
471770774
401643493
812683308
612318036
721235247
926856829
628070882
89913129
803653353
924821555
478536780
627527848
449861932
839623582
366936657
76258491
953377327
669546778
561084221
848218235
727411332
421676405
743675261
796935651
367036920
271735395
311355799
976651132
482044425
802785096
676033384
55984159
352539494
95347806
855133870
39731626
605534238
522756103
709961361
359190304
286681279
381205752
548749647
59494737
352677837
959953042
457446962
400537881
635538462
953319263
202675740
128221396
413966547
739725488
226107480
23837715
868525704
674778882
296789105
773581464
897219373
438053493
367103762
575074470
806344835
524931764
342860632
161182685
381684719
917881145
321426924
432401794
873598983
860478164
714530979
617930316
922431545
454174099
400549019
744304434
516916079
509823239
492366935
695251820
141906564
149495034
950232365
214641870
888435135
197059357
908341997
94029617
108572022
776928372
210090273
918891629
362166941
139485759
160204060
925875869
693661517
270977260
906090297
44399217
192676655
88711623
458294803
517613656
531195245
988496095
190449026
300305111
370342438
719918751
477535705
918136335
632438924
315261439
48574671
12692287
734489062
897814472
442727774
471177566
368596945
42029423
638339634
166776911
915038789
837759649
895681805
305580230
534320911
476664311
923522754
458893323
882628155
437206749
708216638
242675346
728296138
356743306
227803936
487710260
499701896
554614749
896280697
97231198
226117783
284763289
59696968
351556529
580539233
434540063
102053375
172646477
507127934
132541190
972213506
279427918
622943423
696734024
364384698
993756376
312048525
146346663
32143825
497904232
226298769
413094655
586426504
695313494
785269761
433853814
682499473
670506000
624672074
544063681
41358995
303732094
325501658
327424863
959228934
465690481
106926890
772587185
965778467
896697828
215131795
483837773
284582805
21985558
64127708
138564223
951837485
530334680
91677227
633925379
319544683
32868557
755211109
991045494
875309782
10339059
654968597
766608391
49808389
109830243
444026191
36841163
774164398
621725366
304008691
135754994
557471108
476764121
169277238
205287113
128306008
801173306
185412969
566512213
287095293
182124788
727140279
689215430
831283671
464667815
261084491
690299154
991430810
464446746
568095347
217749362
817647794
93498238
100382464
977012480
498215297
486951852
798773974
660555984
56635792
234188580
167906811
135871065
910890981
479483241
215228186
28491026
770048183
909176006
578834931
273028107
307641553
610719986
94255000
336905416
403322997
561822361
686655987
524001175
507585518
564346936
503819491
599409148
642387016
154191482
714165112
582409711
961374652
465769143
882707619
832417921
779328220
621875824
545255669
657174032
479131038
486112599
501072444
178611123
285199587
602963748
47087186
630225994
851347129
336225791
32991466
121090970
784703842
16593480
195433874
209319288
749662052
325052581
144242224
813545102
763800339
466281117
829287897
891592540
691200566
299153113
266631409
633917124
892357698
316481919
397950810
723067819
592935964
505243876
197982745
123541721
775137100
157869635
354296733
837701671
927547708
896644620
608880906
961663249
382599972
318233839
456669996
777204127
886129212
73471080
670505190
255407634
604911225
357960802
558465815
362719203
645998408
321014798
978729058
946529182
444288433
682125071
850119049
636483466
993244188
866520347
396713281
686602424
60261336
851743122
803466622
282039234
970618266
622864985
473084797
9411236
412728139
652741199
935198698
747479987
376281420
980172805
363432190
984117041
800035417
895318932
881042098
357010153
724621025
578467267
920531956
236328413
691219782
206281599
451110281
782171821
922949099
221695444
736069789
532623398
454866535
301909993
911527467
216059134
181674223
966706067
559070140
545867921
532991063
552754122
596155200
722872665
597057118
264190602
760409899
622050392
572312690
328960078
97696553
84349351
168989826
441788966
615110512
450383827
896503117
368068831
128492430
975194469
479993086
764998826
29552210
919930327
883309904
377455811
792414737
536117648
975902377
191456858
659529360
203867628
851459034
21144260
564324149
762438965
543299077
567423305
323184903
957594647
865803805
131325424
941255592
391518627
632532143
952364274
888355019
854316110
123840878
202150759
359830212
660767312
782137835
600724854
980087073
522235615
357300331
800606319
622442480
60246238
15165489
614841338
421256798
838296136
772504558
573300983
130072333
897004144
841001607
545081273
40024058
466927503
154708350
553243211
981290489
615255909
200070835
175194977
8650803
666670139
717599592
232562401
787888238
320332611
965545275
477812838
879592434
764547220
740707350
149254862
373649978
98122284
333158785
846112800
708852778
163450296
868768771
834513058
670441354
480197577
256641701
615969206
162312056
717871476
918091181
192922711
560916984
597152543
372047526
325047646
130371277
369884113
283184083
771084502
799354552
253394600
524174558
753549606
661593155
429991753
147659644
549929946
606382690
493073183
590954266
677590633
915225306
343990064
763131442
931952593
748101004
585726893
916117401
309090296
183175795
486013445
184489660
204096399
247212881
845898904
844573067
860548911
252331975
236918374
443263888
583600721
792425660
525590378
482958375
724862743
936733304
895816503
262789126
800947857
50080351
600613109
8371323
200053573
341976460
263365323
664929013
930484489
646040547
821695661
332415027
673676340
983425415
470288870
638542002
790654450
591273890
294461041
934197925
309746015
204405948
973806854
485941529
806380806
153233576
309172622
893019659
252220558
509021498
355008684
196794789
743420778
369580128
33008680
728890646
330804427
736402326
928501653
919914796
275286508
218327823
320357733
997238706
721860568
708146067
337640083
859135971
607813430
458443002
446509639
895254403
242761093
187345894
991909312
504175952
114516710
865502875
614346936
589099859
452204049
70453784
912214317
896314459
526737357
238297163
401896040
741693918
917062605
152757579
17749963
501389669
779255018
437549088
629957859
888620318
