682010171
946557601
780540099
749680233
890284210
770731619
463038172
570101395
654106508
368188977
690756815
337779097
3356219
755249668
931238547
176952528
169313139
370973765
940447767
510944274
438815163
440965021
358921122
116807818
519091792
208802890
19607743
706046307
121878842
266268288
83491942
679863080
679548573
597273894
393568011
692293866
253166252
148213161
313023346
46357440
806280140
348288808
310994115
367725327
58776242
293113841
233713003
642593551
243582655
58985902
638279058
245394726
95758024
239257976
883100583
708384909
611907879
82849600
68150263
294131834
836528894
53454046
701566133
464804467
867217672
603151965
734115457
590743203
971961716
216461456
546396396
744581113
191082642
950288415
215076978
996438545
295555029
85431763
579142935
267762280
906294474
277088953
903665879
487135838
970542359
582545621
875366989
871026022
336508405
51258842
512210358
582398635
24115682
783391199
416880201
9303302
104152078
799865301
271755909
557094846
214228917
241594924
642298423
27271748
406661472
909466091
279535693
611224111
313274072
285849239
484104994
281694041
992301070
308481186
358976292
991452944
555060787
964901679
455082978
159106943
959260236
427400131
189819963
210904354
484380843
611014280
868751898
196599267
853709
546646787
226568297
526265189
625711424
782627170
968132134
873907250
231342781
490299424
458938994
568496396
343090339
459469101
951645319
302030499
685708331
249578678
655898288
774241039
367058936
458797559
842568449
147682499
706516997
352378176
183909042
139408427
909170017
91163211
292293647
91440641
950315407
713430048
454666275
949040417
499272302
702208180
610569502
717653313
9911453
135132243
154870241
113448341
394294296
354305469
295077933
237990426
276090019
70953297
367405073
62222370
375314954
81776904
806198664
265162447
659813239
142081395
842417699
59828482
118143792
962582778
533593257
715268646
719327619
78157297
830013498
623635481
95014167
338572797
46368086
231306634
170531558
312269338
322543788
194211582
246128092
160556772
226841735
437093798
579496114
292254703
781971320
68558656
840111794
351408782
765092845
344771593
405437126
912684869
934564523
754939522
233669499
80296595
354930241
871555052
425909517
368138627
240835000
594038873
653417336
331605880
812129981
831530758
798914378
452871541
855088218
367648482
837798329
786006031
919883636
733738777
615342889
27696193
521264901
211772709
470714883
80866320
381268027
451394367
558666035
808310559
130856901
217883030
65925930
372970615
345308221
361712207
392541131
748600052
284055426
860927735
294982445
27216799
572742201
149200629
354683207
102831184
866942071
628193119
978077186
222888585
678341492
248588469
589164421
321564950
513035439
692239388
326252906
453282522
241267304
858574604
866969538
46282101
866325886
867230743
180442399
882187066
841230643
44823586
53732918
707050290
417857632
129944895
609602107
249101017
265707641
657712843
18632617
837094895
610306057
314310147
420425016
387227814
896848901
289577402
613960216
71651080
511937113
820323917
912283147
713502814
45564792
581622446
359753828
670628130
357495275
902312539
538583490
687121792
695511250
309930838
813299258
787656083
274901341
467137274
831706053
181663101
671518555
289978155
61845281
507201890
253586142
307829085
513467047
311112823
248429630
316133768
673097391
179715819
491099840
272041690
919774870
878747301
91185892
48321342
551521942
783210745
60522165
580192839
181717773
776530077
58191142
540938669
598218225
767631936
260032948
820496377
910594217
224922060
931278795
662338983
994825694
811146525
754247841
608273430
321630067
558314667
606275465
34728403
930391477
769932488
93736806
78363781
632397601
179867918
824589245
305790656
294452163
821979775
383349424
662525511
903027153
538059703
776388504
177294173
993749612
202561358
237821204
534409121
924550580
119704322
931642984
285830847
735046815
268066805
984476531
6128081
731748401
731822466
495566652
774468865
175387562
316539927
594688550
830909464
824265264
454741798
950270930
369764288
712809129
670481220
807303215
8206789
234472941
309724401
982885093
928059963
154479573
672366703
908651985
993347569
839377372
423376736
363732526
281481549
632023227
743423769
273164383
777436310
278789712
495050791
491231402
740945640
86283956
701463189
891316700
986205284
381228211
672965827
715184669
15849725
558701485
193302928
276176074
742550329
552839745
699968880
23509562
698308854
74293639
401803549
168246241
854140469
234975303
52785167
786252179
943218352
961920321
554285374
703577746
640588284
45357395
171050128
2140615
507780242
313007548
301473758
88030134
874301148
529487237
315174165
676705884
668140046
246171106
800953863
952034824
982815068
26629252
466200235
425370007
254714632
650765312
824845286
903375929
503205426
567351055
900679097
674426469
995223088
137296958
960195599
4318437
386417844
436051275
253851484
328850415
820211162
457819408
557462260
29859782
66992852
365049871
119240184
75349122
947362807
352156838
55520916
761211522
626316308
33624859
671015546
654324538
858259034
731252330
978367605
434992163
349442848
455224825
474053077
83936085
991118734
669478194
637634270
301990927
9877111
533064434
893278218
653353534
172964017
271060737
512024608
502768849
317341683
338256597
443990210
173030273
419219525
161690204
535680679
694377552
573331252
620640115
687493060
553792747
48478328
714335796
425649484
749402584
954388739
574952276
117276028
89446958
983182386
597012892
963246537
883568140
70624885
362381932
763747966
868945853
817574753
503247390
574094412
912894030
425174301
407582355
421436416
583940234
767063172
211663716
969297740
570146307
898769843
286584788
888751603
90996422
764400788
435258236
432200143
81007233
19510003
930561088
1789070
30144657
31408019
795671368
775287804
659401248
570334155
440390177
25263855
237014504
472671936
941283754
941854008
143349504
409229214
647381550
131926128
704500602
731280675
156185855
191874352
115723695
910615210
478932362
77574549
180174430
980321371
575022125
395998144
230020031
995717304
583281099
588891451
186329974
205267015
799487177
72341482
275460408
928280833
418738183
670096007
761435922
924070294
24844741
398904922
366305636
412269553
229082475
863740474
805936470
379492551
507303349
368203142
883782860
188694998
379112003
584583445
912344774
414708543
335432354
109795993
817722137
99096792
738708725
571478798
702790239
73905279
890721153
936184189
165476316
964249460
684512429
694729747
502033137
174296219
505241968
695792432
592243988
472046249
830180134
85498295
161348207
381393231
70131212
738772098
37880046
715116359
917901214
414248958
860329956
147100618
751115340
563821295
419596870
996416662
282568704
562563919
955669883
366834149
802012170
220476806
888364531
464763727
581693555
911369760
381124493
714601863
335675094
785403675
978962706
47275431
76783124
536903689
752685109
27394878
430364223
55251043
177161930
599081509
734982460
952442796
348695808
139552681
11630957
107835418
619673360
764230229
242874083
608063003
985594446
238919556
283350764
250614807
968330119
694549092
940912356
711198345
821395228
280566577
431292145
957249216
286988803
723959386
858063902
802260431
602768016
554521580
424399695
563677597
95414497
646912293
168112533
106904397
857025112
630444202
836670431
422059533
729112501
136376734
280903827
28500106
744975725
459219805
969591034
928504772
135830758
518467212
552192146
688540896
580251207
514966123
40882656
81315276
27112989
163146116
512450609
319081304
221245618
85687510
769057770
697129122
382052445
713685179
114510465
678667523
293275658
165776154
179734009
494618418
835254934
816082865
752183695
283398211
492598551
410377410
376988660
111018752
284879402
53140632
954707130
623401874
802373251
399763260
717195993
290511845
181394433
496902104
412914257
130800202
573265483
631399317
598835021
773352999
130822556
110733199
122825345
500219272
748099690
344940025
855705326
417675120
257595344
49452761
36977884
99545552
976324403
96730048
710725674
555801624
866502480
58219532
955187320
560690720
973995760
564404333
808465636
811801021
646063529
299556316
82666917
33151661
656396968
929270053
270417857
675310378
14672936
71079194
319087619
823398138
368294961
431716311
613764012
596720818
970832328
688488091
42623278
903800738
825132246
28998341
583826799
131604103
259593371
76796843
67278875
507782898
724514191
726672129
789749991
577335602
825265429
40964416
312493729
99953365
158420262
563958586
775203823
302441029
501026984
491058117
389562000
775791141
7122299
687745654
867190174
200280941
970502616
484232950
411768447
139162108
951361144
951902576
711364809
85089653
203697370
816920859
848310357
101477022
943041473
314478981
895596660
837072769
478590410
480913984
533765106
657170732
136499302
398950958
796849679
422126795
156034657
618668763
697716113
434817066
992947575
188048288
78192844
765154810
633498494
305462150
186275684
426904679
730216290
653053297
746754323
436035916
64975102
671357128
897311258
430106715
71163670
659736229
867082494
738056680
781395369
758062768
641802179
764000605
322559915
118802901
442985504
299810335
144127222
724317191
121970933
565613572
137793050
337392501
617539499
243793476
682845433
838359891
564429453
875819138
634338739
831480346
133183882
593962680
464798158
589963800
161371359
569152470
490912484
102754534
158713417
243059840
697233134
556971406
906648046
323765653
53528445
944646784
454351306
904793501
449995540
149051983
415651306
866679999
868028839
454036435
953229238
767710783
932391082
249362826
514808084
656200300
897312444
301792562
247892766
529558295
312283958
681382341
834490065
609878251
364387951
689929293
708409560
45028165
346424262
752394766
635382136
584987289
610595108
640408208
496940690
918379165
344463183
317663880
83673614
172069135
537643068
74452597
218806612
592575241
622361372
864078179
552620807
784810355
795484869
437669035
384086523
223139202
186627044
896551829
424082006
566612153
304871103
169995149
205183523
674319930
704336763
383099205
532866832
879560299
758762450
349176522
983013487
500325280
108053459
571664102
75876603
804284693
158523871
138790569
146054485
938464704
983570534
511940497
578435062
758603298
817552237
419083131
837965423
978619171
90176791
304244426
194090893
54556674
641701121
90824085
804190840
706770963
568316927
888161144
806915328
906694244
210903692
483603561
132876948
418130377
670343979
141608204
320468107
574739230
180195354
631682053
766714112
880807844
858021099
138995551
244648352
985869571
397960243
4167118
684204724
411111915
547905679
908488326
914702736
869303680
898577149
117048656
414221042
129317191
594813816
224382829
939924127
137374178
386770150
845010318
576249012
296676373
529692633
244018560
117929475
746682256
852775029
510638416
698383801
92457681
339501013
324063893
649105717
743091274
293016389
236909830
806628219
738017656
238266833
701877728
453885788
361977637
711287168
895184344
631533293
484701138
838273632
185194722
141278910
944762882
594553985
583160063
909386821
816854447
884831044
564980693
759025530
953361710
233217376
906954802
539497286
291559965
351708010
539744894
665538000
955997676
776334647
362265129
539683467
162003767
626110784
557887305
92094684
643834306
563432362
203509934
468747661
472922826
784480989
395358346
945322909
956864309
24534863
339747375
377252394
905981437
435293844
570125052
209860746
771459794
601271546
431072371
22925545
130912067
546914066
20197104
639018516
377817500
483006392
489295372
870895939
859011631
816873462
793223780
737338163
479384698
262547352
511433716
945339523
643708036
717693918
945956872
641785267
289582164
675667456
459466923
507028728
881400516
705030956
796885354
506928840
226931094
620326494
947311242
625080144
366409954
771533141
867856099
847170211
305851565
497504014
946166180
577230549
461401796
212700346
993005371
542827976
812286929
885067358
936451248
428444593
772174914
926849925
717161879
129220563
178510775
566914487
175955308
171336426
53171264
818494929
855805074
420906720
546707966
689130171
956917641
529922856
316335939
356497249
157048042
606548879
940648628
500951696
477292142
85344584
225678470
111732306
106454144
976269546
720263314
264296642
231661117
299120714
680797918
322575882
194308528
431348389
627254967
505667105
293273611
839199012
486613319
47845088
213873138
373295374
626735450
446477793
195985092
452282821
662005278
342448594
97089985
14104655
225094075
349673373
343574268
75237933
996254747
132974636
932655046
609174726
694426602
333731916
855537739
896708759
419139257
781929275
320343594
83637326
58389598
227249329
643907422
653021871
438767598
843995214
623776273
364946833
300235752
548590795
908571269
904054506
748459501
71416001
985576570
349645403
622268073
614371135
728645786
565109534
913560432
208207634
250752394
511437818
794407140
98271773
312121187
241960063
792867895
881987652
273662679
343073527
732175920
533114395
120921015
269532933
700774415
931807306
411820081
398085809
449292407
52941896
630000352
388150241
187289376
627403946
682740404
616240201
968879520
912739609
960483159
205488812
271446055
970015570
218906150
164196239
902377888
159385192
824145156
169136189
801041054
486166618
584002805
269772245
865166613
219530034
443194662
587494475
885417765
379977308
824336813
309661361
271583833
673896007
668032023
991466334
257749239
226738245
648279740
798660448
94202600
634103392
960754194
355471687
366846181
444788594
690942957
112064679
908473862
862299207
253989715
45133196
498561773
805230248
624104403
538390717
892110862
950751540
403329594
669739918
832363827
293814121
824990837
556110980
501809578
164200792
953662596
845877580
849164267
451906111
785153955
727066697
229568931
852552651
780334459
790925512
419884589
866765841
146302145
356821682
177299172
259215424
563144856
335882971
935067579
598466278
56575099
82268176
932968789
995701611
413796869
709220108
906536157
116434120
837824154
102328618
741071649
634904582
375032057
346907158
328371208
324029979
207583373
118840262
967316146
448804555
693429516
113001909
914051549
468438750
705194403
937520675
803949673
962687661
571148065
979653495
744375653
552329154
110561152
174870017
821230437
326862001
17720173
860951251
843718571
661315434
672346088
239197035
185727795
268902536
765237204
316396318
408992098
72592584
840945521
711920080
98871639
493188566
607439640
796870096
728518887
59997464
124017529
843854813
857764402
429668449
406103774
613524052
29463845
318529109
150686399
230776837
897051346
819321230
388228085
99372104
906367487
412039137
280686970
386581519
530366756
337570255
405709521
984917755
13803581
549722128
730154793
44824915
49468359
314694125
966702492
123966648
12455883
132230058
878281240
639894260
424947486
957776619
800993695
578276379
83407578
86741506
944991645
109932954
133474751
235709233
214609684
24943496
872187922
105003226
416208526
613200256
58012589
150949071
566913500
780625575
377017510
926403130
338485629
566266815
954430945
411234234
642109585
336253889
797544004
798643822
720913069
309068294
823509795
182479651
644238185
499712053
197601111
906334762
559821164
22079599
12295
676433113
508776495
141194424
799394384
764216670
303209640
577715253
9456147
121038792
507688018
111437077
828156839
647843477
52456927
945966559
736297210
213587561
266876180
631757210
493411044
558901991
644255558
699440886
920994090
658251621
99488186
356753806
106440468
616069059
13914022
807104162
363983510
868837915
352147481
766438961
2627684
260515025
282227502
76516654
829848219
923092217
459104303
259896403
56540374
657033617
231809113
677707514
247594438
565067722
447346636
794405984
398661173
301854833
123670400
186425015
764617463
321074692
98115901
640576372
981004529
437887340
884887984
350790333
570279698
671052353
376172683
225491134
469677304
264818435
72892273
82750263
841664635
437134038
7411386
410862056
811041771
699988492
926828970
335055787
664891164
462783529
1512686
292766305
126499099
476356245
808818101
807424259
22988699
569805141
158028206
396505401
775189489
653218331
185574666
706276471
163912467
593131803
655401490
631739482
161707344
854361162
397063285
430163955
714200751
564280467
411789274
866195065
822559378
366174915
442947679
117072769
92001194
57936484
206565817
636967753
610631079
972899295
834406266
914105046
716738434
159711617
643087510
952882254
375598660
380229374
911929184
219619127
761015936
282209468
868814979
944518444
166329699
269935760
646177247
127538110
724688589
315769574
442013077
656808349
316502761
269041316
21655966
912329210
399093350
515797110
256451731
9386529
279422223
433259098
703947303
663621532
723631923
423556145
918711721
633907660
651190049
200706694
205487694
139457352
757467530
206703796
905684696
308677216
956677912
190698212
279264584
202441107
325684968
868187637
116204969
256934459
394919673
431584831
212708607
289638112
669749374
832792627
676834719
661033237
655510700
715167636
655731383
372615852
26851502
74085845
299305034
916040991
926297427
399713430
561960021
955315592
574960127
315004064
500492245
469459947
591884395
423643285
876714720
179839537
656312313
841
288511188
982452129
410179589
943400277
520729603
112511030
326019751
273184380
733766328
815084219
732993214
909522701
217036275
506665909
673198120
754377964
413627910
481095878
91543766
603846625
784805673
736796953
146124527
525165629
250432183
699784251
732414781
492077248
628569121
609752798
603356952
881872965
342044034
199322823
321149718
231293914
749675932
262463731
828071708
594623777
689139742
443960650
560628927
953868680
802879875
681493799
875078974
754495537
352969446
429278828
251806510
634976073
762630831
133331227
798708680
834706883
955624507
678251872
576095568
259436119
958886537
949976486
415010721
176863423
934126431
678895296
327076893
575978063
680477307
643041729
466575860
885921370
40908037
873430530
340733902
164037609
739408626
460694315
738000277
121485384
591895861
989681160
312406926
951265117
450713276
790650875
967828753
476853267
895743542
408776584
713660655
563185884
424325170
1734547
629124996
709924579
868144288
547902944
184307310
858809841
217556152
484076171
162051883
616763225
405631788
535927695
664989392
941220756
895716453
704463231
982293787
333743162
135296017
23595990
826346641
667165663
792022369
877723178
983066537
199685410
557944706
992039774
155439456
404322679
296559297
722680487
376006969
283972225
160034084
449603288
315821889
633447845
244027387
50624101
444254195
857741549
210348723
625544852
326463188
155260224
722637494
151558889
605321861
29561940
554787597
45340829
389106144
653493873
488632636
408159008
748554333
107558022
138576245
442561179
427786567
441949493
934797553
19971194
716779669
283293711
73799280
99699404
919247739
176559809
826662122
747672040
794595151
882664109
935781514
443442402
950291339
560831960
4230635
340192578
262216970
485894092
98431102
471385419
942956464
891597078
861648670
512319005
291629927
93050482
607874856
984271873
348640953
848714246
166033707
667899485
711507288
230815152
405255386
432572424
958096586
30924434
556377122
467001161
247502874
949201406
525648140
933943883
413237178
480669847
769512111
952496909
926358141
34344195
334838386
352580173
767956506
435800278
979610030
284032039
834924507
142013963
928193565
169530250
645432616
834138345
743044789
131736515
165036385
10897895
388127364
403974189
594941502
19688937
913623439
237571366
417257101
628593259
673074391
532429498
410272472
238161334
707303717
234498502
870225022
909109182
47009001
682594879
355982016
491205530
652513385
611069891
490929250
274264058
564217634
857531980
346760716
943398937
392477799
353918739
74371706
574954411
287004920
741684729
637039005
440205148
723418453
477198780
980755485
529627310
650881837
398855933
965503868
34182522
66873747
887861815
52262743
689403524
106262505
27267091
507297775
467649337
192781587
818064390
461480986
538971754
593991718
33673470
488560728
78722325
707853302
943821221
607767992
869073367
900123144
115962866
429200526
43889041
726571320
592246043
691539725
801131564
735843523
332191275
606656058
487255008
185957430
501926724
993475067
179268553
166128139
754196538
462986658
560318188
366045046
656748880
480216980
85087012
740848397
189171515
293043603
73476921
437195830
958893198
839174342
915009260
843957427
102707749
388035975
537911958
165668580
69210270
715497297
622502168
565057520
545619077
570627211
722155821
67371950
974398496
697055162
849559543
161360251
833978495
624074934
163312512
652378065
342911553
524486294
854628170
931772602
48106844
607271999
246967002
763730301
773993928
852768305
41786133
395911889
102749163
736495639
843544055
251796465
419574559
526341764
769903554
467498636
22814385
551967609
771204167
592759342
635211269
21895287
298132100
577847072
722998720
344968210
644770071
940600933
687332308
377701174
948013819
803982412
216622170
449052744
52645898
963438082
223597394
189641498
24494166
492520458
803535164
395978131
358100759
756327595
835151942
675750530
254633225
369743195
928230899
83194446
796418336
788638237
902592813
558583513
675048350
427439808
197048654
63322837
674459938
271347911
549858019
515591794
560361018
475387037
908305600
978620000
89789044
909730756
284920583
926756765
69602930
729152636
628383153
422253353
246465281
420396585
322907927
247865725
717967349
731173626
774445999
49394395
817061984
446884166
100713153
709906609
158696832
66042036
363048696
268403534
608074218
100518168
250783108
533320593
942444243
469400176
823615497
625332929
957103817
504235105
662259389
5152186
707067552
244922652
700766028
33692999
323572838
621723497
429245387
529388658
822810090
173314707
171987397
527394209
681589594
913962513
178120884
79258025
374870690
965410118
338555770
854654843
203628674
876269260
553255000
984658713
525833017
89015993
298031825
34728477
769815772
853075248
983079274
450610001
948455184
777850767
341046156
365869170
844849467
516882242
168668193
449913897
681253722
698330441
856046832
847771142
231922095
412320475
482889997
439810223
951041969
969111804
696424184
398451743
718160851
475531937
902545638
104427063
861177369
604127308
403297673
542211389
415478609
826408549
90314297
38589780
597348901
232345313
951763272
480262316
279423338
509575251
158837050
224818513
811907998
233876071
665172320
461837143
277269141
153575524
636271973
812054053
464137840
63666589
410138458
697354811
524163542
398690086
968349214
77796901
565588221
906320731
402168108
707892592
235892405
176084691
19119702
652089321
558960169
33519692
25405853
771119212
444820840
518763752
664577847
807143786
259541536
95619706
553129675
739143208
609713107
120985608
871402109
700669921
314883985
826440533
567509217
99404537
845612121
799622924
462403648
303381128
319317412
222012547
890667686
471820247
556481634
551434005
309620304
315389515
88123746
759621196
262336400
368550674
797072286
21081464
2615310
861411501
948273742
715347755
646629993
932527344
464824356
47054286
530469889
862259067
941614057
864271054
889819893
599982523
461894754
305153585
352575855
589659176
555493794
760489597
891482843
498148330
327210616
908985074
394373637
360312391
274146133
966941001
330979858
701751345
773730847
490257438
743037934
97938423
983580504
785293022
321300610
109333898
275996173
316264792
232014773
183016225
688083896
229893849
537676376
894475617
97672993
312057204
483066317
825796950
781147354
312773741
698193368
245485056
442730999
662744135
321877649
394170413
751188977
975749931
150372668
566877179
710271784
509188673
716408515
404686391
715673713
970700686
227357976
288819266
469685385
787652918
936720800
370298928
567052781
311551702
706676169
2396160
470686624
596427374
179618462
27472098
323284122
856262023
623951120
981787353
345450191
925444701
912949561
377769791
184356597
347375902
411848243
781348731
188618303
848128067
506482387
132746121
854924311
365735337
276927929
224175835
709181375
880703620
851913770
490535216
87940923
961917381
660819310
712186779
34127843
345000122
332224328
907098959
417925059
166039479
611396045
112278634
693516582
823057372
59530381
122053734
159212384
746189519
824286813
947267268
810909557
704002296
838549486
954001617
857518960
690220168
720991933
671784536
486268976
221328072
748538086
151225190
87820646
311264697
336591247
538927911
33951083
776362915
104387855
422963940
245958868
626197530
319583594
32628003
848464321
303588758
907570013
192892451
991862177
71840979
778229348
530069687
314946202
542286378
263482475
323763035
481851752
621728894
615386276
498843481
600295655
304393597
68743832
788102649
150119694
963800082
567032141
654334782
159747317
582098274
971919012
528208869
830374617
483426325
440573866
948121887
723211488
690655974
754546793
983860517
401223174
363122912
527093840
574835713
223811681
781286093
480213608
621361442
172089117
902396577
802398795
857736699
686300326
850612255
313867100
122941568
206821884
555516095
690694177
707284680
922889865
34145733
848187008
113601189
217729617
652001335
765786072
214826012
32647029
726862290
254303562
537555789
443760545
248095640
290440211
796114288
806234638
612161382
22358039
572703360
585397700
986024184
707901186
122663887
146354568
66437019
387140245
812734299
102046977
550864754
229820826
305693399
516012202
178278307
495775458
883736758
470408448
828468996
265998551
764179489
942595804
174155357
339175697
304769279
365058081
361525594
537434203
130847974
395594250
878418431
541369340
36712758
708214872
813460127
227063731
946056265
648995215
89740063
780042592
612088473
198357988
749334632
658009931
324788913
455242561
382958738
862146441
277549916
620541792
237741648
341360673
433611560
98590767
797238059
178820716
72047753
762311719
982218335
250948199
587477174
39183225
705369144
305163572
901382211
240296101
265382056
853008735
152458007
219585164
740095007
230229986
452937189
419902387
725174006
874369912
242321604
201765035
710742619
50198746
568398555
503922610
29539016
810586221
620703872
943626692
447851002
765610971
753402416
50824590
991846565
278915800
680861496
704301866
748723752
119962152
413526690
659578568
965058671
433976027
368768316
940809747
627776347
363833680
216255657
477032723
922888219
307369070
199860394
893997966
172060021
535179072
336792656
987509848
27673273
577278563
409656423
542506079
457328860
9723466
931192632
666031308
114543775
923998421
102611983
764026511
615678169
849345562
466914917
792111327
804610498
208137494
692558560
313602984
492079587
738048089
457261857
910700336
522926876
819891002
320332586
586885497
462304269
152475064
753453184
176012655
134487467
250524058
852395310
467751157
858424271
894866618
161989456
621058350
690226152
699050682
682516703
90694311
245648167
665057301
367782622
344513839
444119566
116281617
359682954
944806416
885536229
64544907
125061211
651088759
88225458
986949137
191713954
218264661
741447268
173132178
560365824
128090869
347222333
454479574
593749799
709409274
120733842
224651390
810095062
743354607
467950645
3822232
512481933
277239524
806191547
139822979
767041780
773777257
801873372
318940344
851188437
54819288
69633339
433087856
26541443
961028509
316323977
605421135
674237310
586237961
339023887
149638116
459615120
798103588
610444619
568121886
920195727
28076372
75499882
436419058
186067109
648030316
684469480
830351869
580012156
631423275
745154499
782552787
739745692
310843625
495793440
117027521
994372759
268698109
702196747
74646346
327316778
644510606
130622975
435739415
377230817
401703078
806063013
432379708
737408451
503212234
980006239
970982309
638136386
727061444
498299506
4871323
961528068
83621991
589674138
84334413
587340828
136025848
383123389
989523823
900326087
311914503
510804357
360321674
30222327
134040835
854194264
829549916
590644008
715115869
429700422
610959106
666234304
400006384
829206138
942758933
909011684
749285614
634961966
809637118
627597889
682627853
476711590
539746689
487908056
136307106
699108136
610930705
776115015
479554927
857369581
50880688
814419517
114012228
444359698
14692528
709704467
309903273
813080411
896397848
811031667
362091726
376348941
894662565
487295980
126036409
446558909
278523981
263888499
380910577
194585262
559215555
258064284
370086851
201919629
477770319
211765506
471698860
258296539
789292862
888730870
744089600
34958696
656486527
152810887
181268518
967166523
632820981
311999602
702568606
570890827
143688030
820237675
672926401
75685275
368375201
781963880
147573343
199506901
359017952
260495811
925930594
357269333
793496534
733611575
695075247
6566375
719452274
767365605
785928400
229651874
637731723
173426673
304624828
351036204
568840202
909719215
428948662
87637441
206136573
920653289
607713290
758245443
914368438
583182613
675653341
825926990
771029618
281274310
282275044
167015708
447299900
560087263
371456172
969634056
249328406
988853239
241561322
215402492
61792345
395183375
994847708
363557095
454870239
665672567
70999602
606683179
523315355
259220144
263215595
674384008
307450762
806023776
773226280
700763230
623217743
795398733
449059398
911990640
210371533
300618131
437073326
867642292
805990235
778235828
40199186
804788213
569681204
296421118
333362514
734391778
485585787
542083961
265113748
466268536
428873157
38822605
452160827
691216105
698429732
365922613
839243251
677278805
598691420
559610765
66715428
112966224
588071842
711404237
680840116
432033951
187847271
729130449
843036802
60874921
781248043
418188554
965926996
953156945
956284303
439397622
473314549
655926305
608352094
278606600
622321310
806882770
235310215
794633375
659255642
986641117
501372590
22310648
491086004
531206060
575120247
398646910
253989748
658661184
283384409
164241484
527893877
280007349
531734678
903561818
462399823
702755164
688079697
879062843
102642678
328907953
216528983
677394990
291883216
583480268
876049050
599787362
579102837
839280026
813321197
660990273
269965065
136573448
53074028
134511165
773950135
924953500
285318659
223998809
217113682
606503106
738064493
175298335
398821294
578218005
13308469
90558560
236075149
625258399
373282304
503343425
307299777
621464809
601475837
102108441
457330004
432954632
483808669
917361893
8059860
252753605
264724938
938783601
700569597
295640471
608791569
532916251
568136127
563426738
208119115
683200954
865732222
205709051
692247701
360125412
845102868
960774280
756865628
68178508
664951631
183911518
819759415
98003064
285439629
888714501
741026848
34862319
638334405
809847537
990795352
722764686
588662708
955988479
828959146
426240694
162226862
615587428
14270733
31172825
281252393
99298468
388319413
251602139
757484445
966164898
105696830
789101461
15938914
63268197
605689249
269805662
741149345
693955730
524846189
779095282
206327536
252031417
181933518
638031500
539572062
141260488
396831091
702536163
603892414
587422484
83304119
27355131
798999980
528727671
822271982
485224876
403020613
704121082
865032989
253218356
345301938
873865522
223713707
973080424
867596057
297797941
167575684
83174348
497178978
288805010
240979606
996206674
729157297
77055351
482728299
645672742
301487564
253569171
500794387
219324881
276757269
597065916
942358579
377564639
691891568
603717714
73235576
212531988
443281315
166787189
564644074
199691097
377273022
25905704
456975924
743049160
505908027
271133431
304340999
35941722
503845070
649829533
612218931
119173930
219912487
879328295
470191867
268389482
724075652
385807653
665324111
548162639
552629498
843428777
535893259
873066884
384874924
654687209
43617140
357271263
457678182
354066375
568668360
612220097
520921493
337367750
624326697
634802356
682169012
199367772
377099932
170428646
617973226
852882538
653076912
685759995
570994450
462154376
722500648
977038407
408834718
84431014
273089251
89817201
967747697
650116716
120324649
105261877
332124405
254682756
642753146
104681642
799097133
421812010
512256070
977348460
369833452
123264445
62187869
366291591
250025213
656597652
914446429
814013358
564035120
763142074
624648628
359972890
750192214
858373689
401584597
477833818
524834805
962942855
626052925
542511486
666540543
871024464
195473105
579740494
288202351
232564174
662676868
498644589
16476846
74500736
993831312
24639402
384262590
814533060
183410476
729869890
873436952
242493523
852269788
361102654
328606099
197249757
159739613
210260042
853378749
809646814
337330887
640653420
583744584
254898497
212350087
578200105
586783695
339419498
671686441
81206397
57523962
691954045
280412315
439411964
712002460
859230111
12749278
838037598
262448853
644973369
783922520
946831718
65167277
77909671
183522901
683870790
489398721
883225391
810023490
138217462
81296014
244675060
667686815
950190804
105006990
823901391
666836723
412447686
693827402
522741268
311321969
73848592
280457611
986416497
136770620
672474304
715586096
698797568
137121152
258352230
805330810
727574097
610587751
312641469
345198124
901565931
511660815
155245756
231996605
319443357
161435806
887822894
975840484
866344873
938090610
164679535
369893042
895270252
202145806
832724735
431384974
128669192
235413410
45974975
680269917
697966622
423929463
158811933
9651786
140505158
690738530
627580037
495423851
918591948
610101264
505013361
564206186
661830299
959548093
811134944
247701986
295410431
414893430
345521370
239665507
993971674
498849341
478061693
70096331
242657265
65003382
509378544
861714559
48379773
64666421
840153101
966824611
829692399
429511802
851176728
492802456
815603121
691620066
867108760
430815486
436238714
647631984
705299859
748234864
314214473
870469580
976512990
138958061
547095945
391811330
171486019
15712147
474268258
734881049
130343725
862753448
503443161
337179380
638913224
783404469
436823575
997386545
621221903
457950771
165428974
544483154
488142021
993330568
179133433
537790199
165112992
324815934
16728916
176544815
854224479
993166720
499058275
833402892
484361825
895362400
768430944
431214875
327193396
548500465
83949868
387507224
903765118
622417556
91485448
89970182
317739685
282696994
3053332
44625071
618291481
546479100
886315017
188215146
230502620
428687773
674823327
630592057
930058634
828023907
269705536
863049493
518609492
530621705
7460727
492438423
909867565
677383436
532455488
218029994
836143775
673861117
905802670
978203047
379422573
822037295
262705529
631473811
664481176
277493403
456753645
295907969
784733317
427459675
428254643
305684026
568209772
153094781
127782973
166233651
788393815
982833096
697045784
124547488
552163745
698893395
928754934
169013799
656550047
353368864
624982885
441006325
562719598
174300234
550003417
197248345
445973024
437820710
382461574
298356711
66643952
30933364
48563211
308310625
19636267
912890930
672914185
392914388
552924653
93399340
119468077
281060149
100997332
5067504
829668615
990660396
404695076
786095999
988236175
249759335
51667683
644247421
745240944
568666870
284812953
43198853
462415921
389119901
146806261
699783463
225218055
473380155
424371444
119750459
183048650
472289661
376693049
977414846
564608036
115399786
94309027
483002011
946341214
754558918
36248138
120684813
985083111
547598275
112415033
510908355
346553272
293828945
489024604
360275250
3454573
68136083
206868390
214559105
471448197
981337663
648382982
605957508
457186947
957667961
151191984
759916384
726746148
504930401
711164286
590247236
479532801
125043314
975022060
78882297
788989493
516540897
909566369
167022621
467513995
173991462
531170902
660131752
448880359
316295271
748823394
938009662
975260995
554877603
361083788
336278352
307827568
909804907
954951884
425101971
410851921
235835199
48247759
492638768
819307073
143356826
893724740
660757474
970582265
557950782
781036812
72002526
276304873
900347840
562521962
89986476
435074846
635126039
239702891
732054139
56674875
188151582
135196689
69017516
547010504
172075093
739930143
58112464
109175580
995504569
981576575
996252243
895804736
698361236
307651804
479490016
208800770
159536101
905291263
679263320
250169083
281439094
278678429
382009521
715952004
889542039
347472436
907087487
355056164
69448777
497603529
662306979
517987631
500685438
621808487
408338056
316839467
485550602
599607601
771043259
633273061
90063344
534857811
80856338
936000411
287587298
151974236
984426159
125335718
552361763
828660837
727298031
63386517
657834241
756406511
339376891
10150809
835453100
244991771
180217523
659752725
955204282
569679543
193571917
681995459
205166447
204587792
139378531
302895112
238001034
240989590
530674754
548233757
97755278
436053211
159085637
97621864
918221424
250735024
793762940
239850519
88513932
705692366
209396958
541159964
457030275
734894868
213253731
106916671
779417237
917645867
627784990
112823786
831680187
987615963
974122182
557144968
984649554
303476670
306241823
804873033
87091956
804820872
830616504
684780268
35103724
344393478
236830534
702283680
770508374
574846658
781327330
817759487
25568730
580370556
88999280
49844419
682773256
668502395
512230730
777476061
643883887
829931664
829351893
573789006
869751426
5544839
799428063
621197671
144318904
828899639
981509172
482157595
800994420
190880698
819833918
802178993
644290568
955500759
82013293
222703892
781454466
36250779
162170738
187138465
301262334
133791218
173132007
990071642
509815953
196481919
93792096
993469162
796741377
727541794
532328057
338155744
25414371
75995094
69903655
84882492
378325924
882822500
208762945
468137753
868375962
785048874
701286455
89277520
845547277
353095482
645258091
756380954
45313383
479921503
994903514
377188244
575564512
205694438
677342588
184067672
431250809
855311160
577807359
598107198
454096813
431932595
753879505
515081586
768764555
192077792
219326488
670964747
77298385
964756161
801145183
216795887
480438000
632098706
696186641
877497897
193364526
601427494
568297169
269080483
452601437
985432443
848245162
408114563
555537125
893098422
972815426
200027866
867756455
710730929
436690872
359926280
498791994
568574665
466691108
145008402
580613249
231175672
616246808
83869972
303776343
414214129
257729883
94591486
91310804
551613620
60438425
515392458
574106126
153521106
908032455
774010721
98431089
61261768
37778144
518811965
869703753
218839231
621318482
217903902
906896062
60102421
997418344
559099697
783999974
742019547
112418537
64692784
849626654
463499522
909656605
95552515
992394324
116714933
586157631
595700838
324669242
283200264
702325563
511002223
741495510
98594064
729388499
393098149
113545538
972445761
307969862
138128485
265930830
290543689
268909860
587592428
840793567
479830734
75733184
940680433
61928685
698839126
158173535
47013113
581731484
890282652
236178236
685041796
523323634
108140359
155082561
987276014
120704059
867636736
565912437
402723096
928955695
90854951
428884397
966045742
886258265
377622983
895575918
787106696
660070754
218060420
224607083
706509800
635341068
827163014
663581619
476320257
628375809
783185564
345966974
842929565
428239372
869487410
87239897
620978560
704432452
978551472
751794996
14380958
645181168
567644396
70177793
997128856
931507017
513344099
799343639
862064855
391475288
673891218
629561781
750247076
728647986
784186321
727751641
98877776
111543330
798423372
807892435
190421912
18810026
159990838
27770496
525912783
764672570
607409224
659248719
276954974
891688141
943998361
192606978
88517030
934455223
692469004
386923179
151284660
829809069
35553810
583808902
548156200
776483686
91047360
103255796
77752210
594834570
625908926
819084790
247084892
698468975
911410452
914305921
132856763
828814111
370105093
298212382
958307267
140778228
218327240
559477134
373616931
357759431
743178069
876478567
448987225
87205749
508348138
100728078
752386585
547264865
633554497
392077357
897313529
174115353
589767932
985660910
408789006
634149076
628421705
163841087
300295067
695988471
861794856
720987340
817734677
544835849
790689785
7152151
710811747
482196431
418933815
879057600
878257631
404062997
72209924
971631461
388297756
570642267
898808877
730445137
96837843
676550951
807009464
261743442
223417501
571050797
862824056
650564391
353524061
770271472
507995525
706118601
887993975
724660880
969321103
365249092
35994287
988854912
184347037
343864114
471478541
888165115
171006554
103292125
503496029
11530480
495031623
188023212
114884592
27084109
205656960
676978761
946736737
439182053
472811532
453184878
1187199
233906899
104863974
86135426
70307192
894433920
948600951
434246655
448526954
819476918
147051209
230418070
916857645
979503383
391374660
884088742
433972949
840393523
107414219
524811664
827673652
235409380
983650839
98771786
394679600
243676532
88054827
622645063
732913495
619392154
492203426
806545225
556462739
254954510
505922791
160544492
37222932
