931148575
825837769
830919353
550583872
63868155
786112183
433140578
593951336
150253563
600206033
549831986
449839257
198196940
854951863
753348431
745987817
810818739
833221902
61256460
419419528
478402628
597702600
735511754
889943021
694793756
647274127
638604300
79473321
620127592
686320266
398951092
452421248
774211981
593310159
83391203
742921800
221670167
401714589
237446046
178815292
912657234
125207227
853696952
336874519
241329227
544041792
601805489
256639057
479637593
74028753
488571398
871932660
75768805
470026651
17917988
300068148
970676753
624720749
839309797
977170521
314513939
343842460
504687650
428910336
389541487
274252617
515018955
868207518
454899120
299852245
545256393
26406223
150784211
798305450
5154976
574676755
575136974
485390268
919066050
752999642
436063548
585400936
113666684
691221506
238254487
67003319
945619854
278902722
583834718
155046539
580807056
736325775
88526894
403196667
123566603
2967574
537631751
676217117
102433004
43984747
312688709
731001853
450444785
299203112
982554487
115695743
556178291
74902292
67454430
702784880
167402336
133032807
134750041
198781240
670881015
888092732
609184744
512971163
29865685
955512394
372625337
187067348
837747253
315853841
702653017
881935248
234378350
958244635
508533676
151381750
534360219
140360408
689895293
300394315
691058637
407559321
324714327
533449896
151187037
702965816
683528934
495623047
335260307
374291254
41439479
346581153
805190351
756613276
412746950
195824359
248735924
844458761
321332363
947031534
440743168
334735096
967061137
103753602
665247491
673701348
57476049
432203677
678422450
672873802
836342580
804648
449481771
860129372
996208305
456304426
465979905
654484375
806445431
457671586
810590186
849572002
635371874
873196587
349979746
479366304
905760221
200733577
847026296
792915077
127320209
229898365
199584
364085225
24626686
756427712
37215584
6516053
895704396
745891091
290122843
884460541
747877418
682078116
994377504
247393868
953645200
733932331
910607979
665689330
472339738
810710885
671680231
438997604
736221645
846513282
823988220
544082333
525561959
842321876
665714017
517361107
926774199
16358990
324545563
573755533
831926251
221598972
858867327
508597263
362582200
77741302
870373432
853627931
414731969
814520977
675010931
359258294
958822273
525073144
816119173
586205650
907276777
646911650
847033571
366548972
31404219
544251652
36541482
172483055
482489283
737594283
597334024
136329734
871796309
60979561
680934016
582852830
354845309
634895577
158063498
491956520
994945281
598370586
681735546
740020103
488454638
281294879
836244360
484324297
288488543
332656920
229954928
294565212
1446176
470601450
932360635
945782722
545452204
450068708
194934433
260670866
991789723
276930928
168017510
670687484
215741668
945842126
764249974
496816826
4093219
80516908
120358608
717732044
150656889
808857200
427616749
704285065
934059668
131645719
867684436
278895063
726736852
605132069
375461938
458593421
555539953
113333920
61189023
970493910
951559904
649787094
799470695
833758691
953313386
616885600
813225851
685136305
318224694
62087365
2466647
732553695
432880303
46782527
685332196
75268902
8559322
936154516
916870038
424498310
90404441
357623894
623963614
841356810
40362403
912356830
608944860
760457015
408998255
869715417
714193428
439024
971160831
741594983
423781311
851492595
370665340
329623744
821278614
66205311
938730135
924386503
405606264
163389978
182158586
833293360
919099300
284435445
677424116
682230219
370455221
732316227
630040477
466808627
385228081
115941476
622682366
31260819
111028380
875971034
483361350
786563872
599424828
329744301
861692461
595477467
162386567
544701919
232410854
877035581
899806448
321524205
918834441
592736576
542950988
145067986
988448877
898090991
145808493
675511201
365850999
710150250
746610025
404673031
208967319
176802152
536393840
761597860
142510603
589104472
32052490
59823827
727092908
257141786
461566920
10228569
450778802
711937225
178369952
15868452
469424078
773513808
615093416
546446189
499087838
629793490
661866910
780799996
56153741
606088529
72941164
183669092
211060576
904931365
31138939
683546207
518342417
823892065
420708139
157911887
665114339
347123736
900306968
835945979
240340765
262335366
271586842
467251825
227571159
543914660
13571546
224266546
354854356
134721813
66548310
647237447
423603728
689801086
385278335
421495012
693754308
996762168
307264252
541963019
596973332
438063569
931231354
324649683
227038288
483267051
942825010
801907574
401018166
886194728
442826775
159043761
877059354
685712854
900459840
47739698
378731356
645686834
65537905
749256832
44654437
77076051
797032151
141481762
8735576
499961578
519042017
372710672
537151589
722356678
970230004
432981129
881551679
518729444
353875356
231427105
29931862
292067644
710912181
186459731
729724344
817670905
476016022
535076484
259176150
557743793
441270883
734148347
705119900
341865754
492399275
423772638
619572682
167996965
536208722
61708197
208664775
363827665
916208810
844045495
662478699
825434636
443916304
600786053
960955919
709634758
177400286
868675935
524652317
862001812
270280269
983389293
951248209
574717282
306821365
722107958
873118633
122256673
740465348
211257676
108560644
587910652
856177169
714759631
655248591
380374200
776514720
231666701
686151320
885574989
669297585
501768410
171137658
727858259
872506605
552418649
189243935
157157469
661778982
522356626
168409813
127736102
989818516
198939002
996700064
64411289
593682268
815804394
178329332
61436470
97122274
840286792
838652864
707353624
923388539
797229134
197366891
993448588
269675826
968142317
323106986
565552143
550074444
824213258
662798154
423585037
689173861
804777466
465960605
787635978
121540945
855141822
291847565
35746933
797968406
747937098
822472104
182965231
662840433
56145975
275846897
335898755
4246105
336126789
596323958
995513098
96185269
108841588
720697102
27468835
102369134
384794827
359742605
946246842
812458838
667074418
732505464
742811930
653684938
9394875
66508935
166425707
352777428
537629690
63274614
131304551
763910276
359825810
710195892
36672590
638727232
903867578
603833825
678376883
160964402
906928443
954614370
41205006
629217623
903366745
240186843
806994485
576928672
959502136
720861371
275297423
143219323
248701249
405906479
724383492
109052933
829592643
964264304
367038592
560679743
424574509
400088473
253793442
353763831
653463477
282079639
178694625
676699076
174614588
669986558
44662309
772315465
294746955
137357970
620685358
423520186
158690041
897186608
34583275
729537959
366735197
274330327
250328943
133761663
305911163
689072605
132605660
223134576
256239546
662275420
649661760
373633658
630528393
498998233
116886705
467598536
612664103
21115708
376107067
984007029
238166937
222491364
178230254
515205824
418910082
69519123
101225605
105923669
122691452
625884629
736967926
410382014
17720323
567589994
278652072
821456538
204129917
275990112
989690695
26592491
979483742
720885888
902731208
990013653
155267225
977300097
243629720
756010645
113130687
106570428
876883446
783453587
342395275
798235648
160771431
323280747
375282374
900939791
880129777
915330965
361046600
976110536
492012201
825682327
819130746
923700298
595371573
454198939
42934802
914448624
690606837
305392614
167571749
682096375
397792353
345294002
642951694
958299063
578432410
403913255
907738995
985569725
10554279
259276710
670355639
60035549
383847403
712532244
92463418
240020286
878723434
793767714
865538530
953467034
610640946
76149878
149175996
340416211
302345651
125492649
699544436
586914137
383121640
230026977
140684248
78141307
846090227
862627342
855400070
269556551
188165753
102427379
329517859
764811323
995090863
651337474
496486514
451970268
977269157
949846893
493720508
246521905
142373475
14580329
732651022
195146917
420484858
112556423
592050455
786862839
989874700
44864160
340304846
854136597
307056842
691217498
575386712
522037034
140160269
372423666
77980166
575116015
891947288
205934089
422479617
281955749
517102530
672550123
921134213
674180693
608083669
725932189
120393009
194236386
218915730
855482898
350291827
745298609
237666298
511202202
210105150
935311568
104125278
321162348
782297866
524193789
146495429
612744558
173560417
545374560
550071876
786176603
516458850
107767063
341769777
168025072
761423412
516952848
148678407
535486994
664749647
742537652
536853765
179994050
833965990
62153476
982594619
796634433
597358609
21348908
764645258
793577027
333619643
486950755
748683568
948561954
886443447
791701057
377399838
936152519
970277412
350201961
143027642
570063228
335475196
945894580
100795114
636973474
336442198
227230587
826633873
172121689
189483587
432113110
836197213
217001402
919866441
149430744
405262062
641083109
888756134
751917429
952843145
41323829
918961780
911557627
217274459
500283507
823463235
927173
953980837
800216601
531278791
874270803
661340026
350343415
978807045
868545376
674908291
575464767
695726942
891931401
994221482
240002644
963352900
540069012
68158456
73591388
48772954
166891597
404270969
109516197
716700160
862607292
396859002
402465256
216655522
908799095
340145859
580689710
160390730
418804550
878596689
219685680
73409099
100749193
271102160
860606178
577306531
581735607
612908720
913393319
330599409
101405381
262886153
423951775
649361724
287102905
523201890
328566512
86120477
738127574
647432087
753772120
153337722
421353209
779726809
741279881
988606311
910996702
48962450
973190060
915938207
635335645
807699681
143872757
187554429
255960187
218918490
544913489
810486073
625043352
46628232
44811432
588280800
229578650
793594278
394402837
673675180
147239395
237698632
391674948
466444562
318915221
304755503
79227337
763902773
486239381
881681673
193452747
692000593
703035114
666891560
108892445
33611346
436692500
592745271
294115738
174461992
780887478
266692133
797283221
406090958
437154509
192818585
351709869
590852293
714291361
442287400
620911378
343628749
865638494
461080653
698902992
476627532
434279439
859653253
443432155
714808025
716013464
967920228
273496063
364721417
429497248
458895824
830465912
897809400
154055089
866653165
836097359
834001044
750853887
241024497
672941234
27286724
168669460
679279639
497754884
107141350
213409559
189743081
22747013
360804421
965264578
827583758
889357111
547840641
101797308
844783135
99268515
863484193
235467914
309388429
469573644
37606947
646223971
973932179
739120326
269435230
923004357
151003880
451446793
72830547
242281616
457255066
270083211
111807962
74671869
176899197
212365653
780266145
478277572
262416650
600349519
464463076
541268623
324018209
975488656
329479745
804785649
403967244
342633252
319496405
634566683
292460485
545275937
523387314
615013809
785886966
150585434
319640195
212940487
191487728
253225680
538216768
519710328
264735594
876161234
202172082
285785514
701591161
917246068
101989716
169395536
140606385
841448151
214254917
117695010
959388374
21910625
902990791
273177186
646338861
340996658
593576040
406687062
537527505
882045701
138932568
634589261
503863152
640908240
45885634
197935969
756184447
244850322
906058141
251410260
323462704
844642768
935263506
162671912
938896713
113903511
148837245
829367059
286098859
8628502
157405156
576691427
315879217
867319925
766737733
672210337
215489253
615356874
132872988
362748404
184709784
186867259
847132253
15839695
466820617
543891685
636770619
437062390
243773781
39884778
298732348
778410438
14531136
967688413
549818520
702985250
570407698
392618170
666355719
899876031
832257619
587063177
873090248
556351145
332493864
535764193
441800224
435548592
460790178
273082506
651271125
143008453
769285974
712299436
192351530
430798604
198942853
195603332
65463826
125523468
67382286
201252910
905577391
471562542
96083208
677134071
359407663
943010056
227778563
912175213
270235438
807842418
824260271
874062293
294930806
978609857
35987013
479560839
528607872
632026379
42552297
663601188
306774286
430987221
521253539
652690475
525317351
771408353
825439438
504647362
185642797
679084420
993398360
626674727
15572181
52714948
882276242
461251009
659726712
92660918
567505875
275388402
42233413
373663673
684882811
131764905
406938797
864385139
147447834
704812059
945898505
782643904
15950898
703750968
267508904
63563619
597617646
197380621
737987766
494120910
634141154
594232155
833971589
458455158
117720785
766261053
280237295
319402069
630561174
522541854
396069587
497035378
743069293
193800901
468997302
212821654
788288791
453971836
63635839
758491638
304748908
728321269
597709614
36407262
828300442
782998363
42010513
577275539
960398090
812179036
239193983
415912081
917609986
74450223
644586509
250217085
426131559
861671665
879337521
516604033
659005723
774289382
4915437
701436132
954780983
923670006
844500719
169260647
641586705
908242024
398406416
634897353
327816777
402121657
149785630
550466840
309849211
398467774
119520958
104747433
959243076
785614897
359681664
371697477
245943867
674704469
417318521
620700058
87271510
972375620
399911971
166921075
356217101
841183625
825526938
552675560
217283600
325077395
450012237
6614774
116988127
840368347
195455945
732556081
965834590
241971493
482544345
495988512
245113656
612643025
607950253
735917271
195408078
532464885
706468523
279050105
503994932
389882449
29683765
182041333
221390484
905865548
941071053
705288623
772550261
117805531
250929318
846884194
776864668
863073011
194536911
473528780
159183287
497191687
563996405
877318850
890443505
100771047
126564720
149079591
702755058
569872369
279142887
914921543
601196198
531412803
938597659
389675245
74088280
526733459
719827559
801130092
742442932
166155328
292845663
713382539
864838473
127656108
306828793
935226843
339411739
744700936
539262673
330891741
27248161
243911624
954334337
642986087
914672327
565522516
890116312
471478475
169721237
387464170
504226209
181783827
275330961
680352623
877502270
476667460
808150192
484965670
426502509
870616199
109297478
599371325
267850252
822542699
2048303
714276562
636273736
495710713
835481419
539139667
94354963
195703990
839615707
848273635
333115703
239818293
125326041
878640944
383015925
955018078
615584562
651451513
237127089
122566853
688883064
104190714
154012033
50147330
316820312
494729118
330735720
611497033
963900424
228226782
321107975
653251185
266443980
37656899
661726255
210184739
844894262
37042992
520225022
490069717
817719219
529759639
972148445
695451988
729021194
87361751
883133944
69325591
741968398
26993767
945214719
586078355
237751866
694950082
869837395
588956368
645272495
693460556
517809165
9479779
830071152
513760238
732848887
950950681
716055184
782745459
98662363
509791779
467139127
844713447
759355334
980618365
449700223
534715271
954600916
850208895
792399456
450081610
272911613
751225947
635510693
558845695
790215135
429904478
269944801
637423161
250586781
814622817
164577533
17023270
351647942
590576748
846792455
343965444
457161839
475290428
432125437
458882236
267536077
247074941
382437674
464506350
43737614
497368360
435679857
343172940
763834952
693867426
598349218
84904275
319954838
424629217
186272025
797842232
493965986
85962892
696341681
203665589
700621545
858973975
187055036
950771891
870700598
56832752
894203742
405590506
685420844
523396462
67175004
731317706
977317165
660209081
525789024
639933286
108018931
945755166
978523255
14925280
826157989
391706597
424313732
554922699
768710546
128471495
860028212
276447889
791028266
513600533
976548899
504250905
713301780
457438488
462979934
223970802
958408174
598591089
755920483
113564201
660168684
154815756
464112852
805013331
621358149
332884045
774107041
54570281
889246181
840835630
25253782
726873685
111736506
859492032
834922088
558544069
48926189
863399925
577607762
884737900
884013121
80724777
289110842
831819310
28671418
604345257
165591627
979558206
670980438
880204973
377071834
422636845
548544147
71786596
709807365
961903057
57693292
822652258
793648294
790476614
812637814
960932987
430418664
65455263
631491826
640676840
887091310
741595477
590721186
871079943
737137184
6265035
588504897
148753246
648786578
776276963
273997024
771806119
996384547
246695911
692071405
923653339
276842983
590329014
423309549
546296972
852551395
655135402
886849890
479616014
402200992
565610493
602428182
139840060
382436491
791773407
772044299
226099150
383170431
967655260
371755305
828267818
638746253
402352024
823987935
148751480
350830391
371113
365495570
681743000
299742325
246250731
63477366
320660997
417135121
587927152
182128249
904525022
556656935
911753282
7051360
446061664
270555129
105536863
500681963
834875306
113348289
245885646
604199216
807387885
268546552
556537819
880288202
368863606
591944212
976207084
363401834
820621864
245926214
276162288
409440834
506435953
212036672
455038203
343695431
899516058
327307240
76853465
18352660
954057977
174519889
865150466
414914157
566009183
295572466
216884381
200371334
598481779
193772058
52170392
993412050
566047467
221325792
23808239
524438810
340694649
730957077
10319350
63780638
428334684
842702667
226751552
736535938
74220949
529745865
658848201
481178837
235569947
259716719
298870813
529037063
103194808
229703966
387596528
825044005
121593727
968150231
954443541
437770723
210942799
200208551
517321497
432216057
553887261
546159151
720311205
851160165
543460469
668449601
258822279
429261173
830088322
88610416
38618531
183787109
727049330
990499135
786284041
629252042
637947330
782702085
538871696
624487961
804139656
124745417
116978582
428992015
129728517
254513039
895749250
794312768
407404477
60010025
939650265
833262648
201523061
357917816
351386982
494756870
864758267
532125056
364693364
761180091
337327582
394639202
823694466
476553614
945856676
480089312
249975161
232788924
126108303
89510578
531799363
518568907
406098485
888113032
862682127
47148703
191961696
472433752
378880247
621991569
271715544
492991754
149362936
529916653
142080750
272220746
68654553
249120644
953439170
821953007
729625221
63825562
935717877
629480148
606196839
271204375
45557830
424742345
429899636
437986517
351477711
867130867
310558957
177085034
795181912
992836571
628983324
32617315
80730745
388316579
315593821
400729388
21674479
282926510
611621511
783193860
416931239
541740777
585696096
747360786
84762385
982673538
584507217
406037695
197342463
869587843
895637437
402735217
65515886
354264552
175117963
284273789
517649756
115333289
995594735
441309292
417322106
180853272
685123138
478125714
973518760
100052889
67951165
528922494
575404187
69963465
757709270
309379631
6131937
1910473
772011194
75744448
707073192
689788688
307681102
530580453
316243394
941224263
965904110
426832218
364630421
506520280
58860705
94794992
103431025
885118766
601121469
761910393
118502793
618221709
868627027
783797074
86972727
301853247
904334605
304913668
764410783
603611721
644353997
292359517
89188985
803570605
665302680
965154296
412368814
437970905
24832929
308409356
921320616
932354256
769004948
605774630
242128675
604995694
185127080
915110261
280749656
243648738
420576393
857097810
448698152
926961469
650278188
49023270
853637647
18788521
922781343
27010467
20496034
280915419
804697279
140600894
393996034
517295313
851416186
653359859
692561242
366070910
439729593
452187949
938561769
212499364
498669864
265261914
251858909
649414996
316499075
988960340
690242419
851219641
813426540
207296139
599123782
460897324
722767936
345894129
910987745
448477863
280110055
829555897
661342154
810748243
473972618
377317665
114227212
528627823
447668367
412069411
600278228
95615980
797942513
220061206
443396101
89615826
132393870
673912516
693497621
70469768
638935047
23356957
914015356
357743075
440087334
326614819
779727543
186112799
725474750
460635154
229835414
216614937
845207942
281003840
598856591
974095509
404212103
180299365
337399118
702280067
141434203
693986172
595497398
208700810
214465047
752075897
676325587
933595990
939285351
595760132
337198428
47260873
927149993
414507590
978603064
774920846
160915950
35400659
213592751
538000407
400706659
911770620
286128987
298969200
406037379
212765118
688803177
289222139
239948206
312014931
796102357
288836509
346757336
769969757
606399596
546639172
856174360
727872229
455795996
598994311
167206445
526859900
213684390
945556288
301458116
775379064
192866109
976192257
343523514
759323921
266615103
350008184
556022023
249759119
961783371
584258260
703498358
405253805
647021881
206501467
673608362
48392123
941321041
965122298
107519407
462049534
280522044
419901173
588197255
34887350
328047440
613890525
147967188
214022078
620382852
410819624
550594622
17970380
521613995
986307764
536550283
963000677
878653091
811552222
972026532
777990284
267810201
288125504
443209321
194537905
939424881
854983492
134776148
424345627
874787885
416599391
462216006
24311280
756513676
100538510
935095861
573369357
186172391
52782453
284800109
767725059
276815324
61642270
451234916
209795195
475674453
840363551
754338192
560258400
255290222
322244001
435874433
876952506
784948528
78242189
222560114
541928756
545242793
334287416
954037038
566912343
142679531
228026199
61213888
104142652
48236075
568282157
513774955
915860702
970119125
859849741
460538482
642643449
677556048
904302166
48550953
973301758
750128773
910290609
681709874
522460102
201670321
809236348
67474043
98506042
975077473
937382570
893378638
536653261
616861832
595513073
75775933
700427210
94689242
494987586
147812860
300217322
646160952
393242910
500843999
699711469
601946400
858276377
895853060
361413329
626343926
566790600
110467622
253530804
637185157
294576274
509956659
306856643
649180996
40318987
692324711
189875224
388810009
671021436
132874903
367229552
412619681
570519950
377844499
954460905
579228764
555239918
749730977
556157537
192228262
529085131
670945659
312817957
28974760
248655885
190991612
612080890
984902000
410294206
511588976
502561037
263029945
540068561
657596920
879569155
39645170
590477812
522722997
577421164
95412168
418814030
854334722
508195337
844074523
7164095
46450583
915874095
868436246
99314790
653424968
101442631
655970415
694577317
1513695
207541314
686343249
579587467
474565637
54718663
765654852
262329693
300423407
251390406
943455720
944639744
358641942
159918931
199448470
581415698
226463755
551310701
151509254
993305207
722663730
267970993
766538524
139522054
539722259
740588882
791204406
385968913
816642018
580629005
168700730
775061416
932331557
16671070
9909124
101414585
443371803
249951585
864699074
96678571
696634441
126236373
724380736
919784707
460075078
151893853
213486223
13233771
104166150
471350873
501969991
517390675
651481397
536885702
750371052
185741990
435010414
88346041
442478675
885761929
1862886
580439035
263717394
788284459
516252234
679921230
759678116
978208306
898072009
452077035
443504674
4626632
718040520
808013189
147502426
468732809
189152145
662750089
221808396
793700373
880129909
12769401
320254279
423617996
482829782
642702450
546531988
442879365
783791357
703454051
255027979
788556735
805674605
529053500
724953620
829185188
527450547
367891549
644836230
207259526
290602847
889684559
90303909
630180989
647818359
877115360
112632411
323248091
736552446
477959724
106688318
121068938
109590250
959055923
673880229
76472922
701617749
153860866
954222663
818761836
562846081
136026337
430035731
230866073
878050744
400172868
457754574
465507109
966653846
214806244
665727336
524401600
779119887
79408702
209251105
193536768
998212923
455342951
885902944
451265184
215332539
436532069
345638353
275178581
863028060
990211526
684062470
482135390
234593816
908070889
856586501
191035765
579900983
123861674
406902164
805418341
902271107
189122354
770751119
471385074
537906628
124594792
756322380
588097620
234401172
102995444
853996708
857186
788970709
380780020
63467602
887859587
621038036
502801121
294743025
947027165
743535911
324928830
134789178
344458808
891846218
55890177
876687116
955716533
853667621
782188191
756588413
951646115
952034149
227502249
404273956
852476585
886559163
456029566
315330065
463636285
719218888
358351937
717658006
801981988
5928046
951154717
34714072
536717741
866725466
868413111
287743625
939495071
663156967
530016763
869451890
189761264
299175271
807304426
658048507
331986125
143142153
650807225
563280122
504281828
927866268
278092059
367478919
579668768
150388320
301233945
282848609
728520515
952236037
511839622
916408582
440431234
241558901
242332314
952642257
788931310
359564752
325022460
105115787
792450983
202770145
207718881
43694500
136878998
183241585
158572995
588831730
126627429
693954425
931223515
341249697
250124326
849963215
432313879
529238426
595057094
177728633
62255238
450797116
262435050
282822177
865203561
44277190
756358445
709502680
684704586
244529503
758779178
954816719
149503877
276861717
614395857
693526101
515200207
784240547
625050768
978140066
839088433
888949697
161969661
994022618
596049377
22423891
630698257
672591471
570427018
388258547
64112189
292170928
282012837
226272461
80522433
183699846
157522570
476267197
519121445
778238900
87233728
791354198
318928284
664107818
502213028
445839095
736655566
964630903
972817642
148498209
817022977
724505398
430741328
684169466
375209413
853168677
909945762
979081485
578457078
226084908
953266106
731366021
24119023
291968297
843581339
54438204
73377998
8081267
828241661
857094411
165011209
440724757
858642254
215930966
365880946
970989173
728360945
508047204
942844145
979844874
591073384
133012321
810129611
419776588
388729945
383420416
642047274
698810323
67627260
61897043
947644070
620195128
168199562
325860607
699353423
396545072
651389881
755676254
235500879
324318277
532286996
38279458
762087148
271883306
901681506
125362746
484662867
633661281
602609235
249619047
864908739
425798488
366808598
833315293
184041803
371287268
50791880
852894343
612185646
178733167
872635597
789632132
213885506
663308795
414415573
910450371
662174801
39982534
908357608
602807984
248146837
80133123
420854591
929609718
161560673
670781781
446150976
375554975
959544475
328598936
753636901
703066282
14593107
747978944
711071396
376455139
441557640
772936608
148372791
817604540
243380094
101042126
567099359
404709877
955092878
5560745
637639199
512326338
954540472
895868752
831286803
430127645
529805614
110762407
68252831
924063085
142643029
912516839
736682316
551611069
400026830
879203846
105553952
692927721
741219650
67352221
815599490
337607653
820537718
950524957
602242159
470824518
504536992
778030739
424409822
984629411
577387468
102597040
86000329
567761908
358056612
631962997
205257440
351704128
310863649
88353904
904364508
993637137
105721646
602629358
965848182
901582380
778962394
870680868
628769556
717846695
25705844
49302446
677013717
530991629
530878851
35377021
198262483
758978645
80992243
928905621
468222949
954073878
663700346
629508528
63286465
274480698
640453146
474369735
213407396
488551628
91816763
208291771
713232624
652229914
283389750
143395657
63373426
979138624
174671452
27491792
956187257
239198090
962609242
690527448
643182423
426725193
904493109
609177588
655864330
691351789
290674855
646796048
105349543
575841820
397140582
605828101
38218409
214731392
34796936
129053896
72761696
137980047
56230185
248518174
503470649
375280536
666442130
792600083
3399600
199493483
507180268
875344320
362405311
76064739
52012766
719801353
793181542
549958910
196998525
670662512
345471256
239647410
724279995
300267194
516306922
780912311
792822620
228533529
707475653
814711153
499475083
536509372
283378092
913037641
804536068
241554896
836084825
287634229
979617292
295584508
605824396
922958576
665588049
389500675
525885879
77731417
562276151
888193453
13227379
434329829
188507651
659565689
201633923
154854039
328408413
778650782
115859559
851397495
806392254
554678437
820125256
213138315
835471913
320811094
400646680
263080226
137749019
167383018
303404953
285556101
580277633
77275616
543238650
185663711
14489874
545825525
682512065
897398873
634418110
860580810
892323831
186368120
827968384
6420766
519247457
442794746
949746909
240774006
759089610
855866829
492852087
149279710
347753524
267898716
556465113
302317258
938715334
618507186
574915133
695566133
807655305
149112911
312445118
401996413
604964728
205497573
684174269
410062300
872847781
341855041
951586466
804520608
459157600
930690320
229108080
809774190
686256068
707802649
291629545
925237055
490016061
560101365
474210726
508094120
781707858
643814035
275452478
290382305
799358521
809484226
473963924
430298487
711331807
73177860
914444490
771167033
916248788
229247335
836632452
117418113
831308271
351577
899763766
503149222
349889774
428426175
942023336
696935664
790778509
469375223
263385583
348492048
502252425
232874360
656955808
671887774
747852772
84203991
428279750
4770385
647998233
40310727
136825542
773193732
905924477
636605849
231155667
557735877
743188959
395637113
709126014
580627250
847664457
217163291
714516826
854163387
571039652
67143140
361234433
515416006
77000519
857455554
41396245
303641180
211029653
652866113
666024269
398354891
49852763
203790694
932223546
180218875
11433322
249472258
437521424
732757040
154453655
256539245
953137157
746639418
305300218
688386301
716014370
298384888
845219010
80283846
595199106
305987131
516472493
229690006
245439134
854605974
459793932
757447372
722184911
771944608
721752664
324950053
544863328
217578303
545341052
957277425
325306696
116330101
488586390
759043931
411972946
901036806
234903803
443935039
396340809
693757870
483974764
860086963
48736725
167205224
859891005
561127433
246353318
205290424
152701872
884384109
847553576
813148948
665317451
235633180
898265878
477360740
112006026
864925242
496169618
406732799
664484143
619166549
993565611
1596895
128139288
346396765
852824661
531540909
965621207
222437743
444013392
416475974
984769290
668695541
637580980
62063400
683593044
895226242
594516017
965675897
493607904
473737014
211538318
62197956
655532141
53955271
886544211
624532470
584268081
857855120
954732620
968530239
764661731
935725703
147071713
735142131
180929796
463753463
507487732
733386117
767419834
400127933
368552558
415749567
87999463
609880458
140081290
458098768
551935212
269140429
186465025
976924946
385065970
288873802
815055298
109432007
433725950
220937249
946084708
601497305
413436944
115943465
262537719
577241855
489994269
287716852
438934725
140541540
959836758
71801260
208368542
668977193
629386744
854079706
133696790
967064003
362977061
396539249
969563401
484083638
444342986
85303406
612719341
242409417
552041292
737165506
797416622
610485574
11382008
4312541
181748469
142256678
153623266
989506841
34110534
535728885
935002799
562735955
886808026
184923115
433676475
2313689
611583093
889289857
121847604
932196439
809433323
118900552
765690285
668259179
913046572
816079119
3580773
764646642
728842984
891895425
216930601
61766001
133281003
53293171
859412648
906491719
381507048
51116244
187578575
905566243
592016488
577004797
476196863
864506134
461530081
465045363
832888526
633779622
898303711
974758822
767262619
137075857
244980258
25650456
75166412
627405542
851214840
359953209
442181615
414493680
779735512
759259136
144607499
397407763
146024522
852247882
62057140
834336647
360796651
345521428
786404537
125903371
520331100
228909919
736602239
501991607
850083930
451665661
481783029
376692980
367648719
680587281
394899205
4857799
357827041
788773776
952739877
529485474
343070054
791457214
241088887
756021035
701909456
72351089
147867405
821103900
243104706
107341148
271470988
461219286
733144738
416524290
645587653
463575055
274474886
995088954
278177803
467443839
85307304
689111349
893316396
882869275
995301289
343255063
774869995
83062227
76915593
181989972
810252078
493044856
115059577
857276756
73198069
226939685
818127074
172817148
311386172
415716613
60687734
934611784
535600717
186534569
498218901
807573542
503761657
135940818
862737763
302684933
432069451
788985261
83673900
521939391
480619265
192485558
213936673
517574491
272405014
57160980
83622928
725256228
395692086
746334782
229794807
596906676
450065598
428237235
331096823
519615701
252768482
677797783
95482384
777155915
7296571
838042843
197190040
632846387
771326971
688021517
466264265
58203597
762288147
712824282
308957312
17037357
662068791
591403233
469405331
298875887
170414375
540361118
715411853
871242313
162598786
378722900
572854344
781602447
363605546
575619752
106199528
803127420
15421605
536430716
314546172
897236249
563143073
846401570
666793196
52059330
539539536
616858542
734174909
483766530
535597010
884112718
187393351
818477318
586888581
659828471
481664015
131598616
603934113
42472401
713381644
552961975
113197678
418481130
731298129
541762222
772624255
367052663
687451691
771784576
168307444
943333749
742658091
870573605
77406399
403740762
732351990
697246101
777120270
587799273
728047311
270599132
855338389
513675879
470029106
917542332
828316356
790671198
886356659
781687734
130419927
676858536
100668057
273156240
588408010
295970042
63643534
711976811
660429835
701228609
332686783
308392591
498044065
667711662
600458800
183217346
915499193
92027091
760896700
98851641
907582336
258817176
87101777
964707208
849229486
474110760
960739150
706163932
149995530
34685012
491850883
126162569
984217329
137558559
779405741
110291299
929253224
796213769
559778891
274266881
335365086
392589869
576081448
917543225
220778698
927774496
240442704
101525624
606485222
652981470
474065045
295114816
513462429
102799794
220577942
649501399
577418852
136305684
368367143
351270964
117116322
566072961
267123641
190664859
482357378
140662991
129557119
427102417
136464104
24990082
466338218
369894909
15006800
622539236
182681577
71822287
532815324
494024431
189893374
411180322
512315749
238705878
478785861
170199602
445404356
652831063
938640425
495118287
243658804
250378557
526168381
885104718
560916463
308501411
935411123
189914872
297190866
393887611
330953727
72639006
346367818
35528292
656589121
173910511
457359232
791406339
925333025
804426319
208083617
124388461
101889254
494705362
39328035
955362080
645042213
53593808
72842302
63986999
333238326
845702170
755992670
376643928
481620742
222549781
655647056
427833334
130661878
668718457
591740274
553745849
70819575
934202871
15345299
725665616
115792252
219007819
73520813
118852200
349174089
346059345
418453378
568316870
113471038
736098480
343535847
499156594
502423765
785295609
750626128
574010864
243555952
37408247
881797327
775813058
14620000
742474323
697697786
944564918
37428447
876465279
496142772
768513923
221969491
591255957
275407930
465983269
817659506
625701380
659629377
890304389
448723198
452582749
566740629
830653672
25846421
187171369
271661393
888252593
770529988
370307849
415215959
794500364
525107674
733165282
399350448
281499561
283512329
77226201
576786369
504386986
542240623
96819178
271002679
118709677
225531548
674629077
618828228
939503168
584177529
496002219
316506969
143044041
819852885
902901576
957465199
142470482
148997534
131595567
493847514
972418365
473931999
163213755
4772532
381317043
831415075
827367908
711470915
458847557
566543958
694928402
957687903
992261427
72109893
338751690
346538249
791108921
947646377
635618931
6908674
997858003
277157235
399123815
909885367
290590300
488326048
714053599
850754070
421613096
736011427
831162266
67577273
683915007
174403039
219670341
274324003
977171786
105740451
460478514
333323617
143520789
90991816
893756514
971524822
326918000
987036425
590636710
916873733
689939788
301666807
388800669
200926496
558242177
565159152
184038984
93869554
598099915
21025002
178093107
977822318
121337016
876945119
95824629
767405001
301598545
756152356
159659691
592541524
117256514
115146263
11747562
168326032
142216254
765368406
885573117
655098918
72210580
652965636
817343193
469819611
40963855
313591825
379154229
800644735
890925014
427225687
63545268
415575112
604289898
206163784
712242097
676103841
823362882
865095045
305691762
238258566
103808220
310248331
526756673
789808931
342220759
648702420
880379968
287882029
27948750
687115974
842414295
983534218
888613598
29657960
805949034
934369418
40212715
842086766
30913429
101209701
176039471
94102395
857851384
71838213
95226367
878162999
464014283
377360667
291506016
801380237
548573326
823734857
353857635
357610211
795550349
514512892
41249991
364253590
265560411
72213651
865551770
411428208
652572671
922529474
330595350
722610174
572784994
371657881
278373938
337175655
721317913
546651705
513211114
759810889
203767548
31181398
124138167
839072184
152775646
130684601
667224032
780479648
474603313
780339766
586292721
630080400
449113270
816317986
549350818
487058119
359568479
167871925
849173670
591682362
44178972
652044880
962137276
351817331
39896399
482619304
652249544
504015426
397061445
622791864
368350591
424055966
857204588
280299452
520243117
142669923
250400474
561426826
500755485
681815491
994315210
39001642
360936964
455388359
269942978
377550213
29361662
33763149
982134151
233958585
227405942
745856061
527923894
940953160
248391775
500666229
370454439
744198649
60760669
168587903
400551698
48166966
917228523
562211515
904232128
506105373
616607669
771266331
863482657
663656588
475165921
353341820
52972942
958212793
707341527
825482909
83178855
753799570
55940740
93022527
3356716
797609448
365322137
592782823
48676992
47737147
781309445
909491754
889192934
63564272
983489757
315487055
623358539
463843293
878419265
89895578
199876919
924465039
301347149
281199431
880883348
229924370
919430300
164937739
258276161
397732569
392037141
979947286
358932713
688900972
750718987
615405840
265471515
679616475
275449949
863259686
91749068
636285446
353442823
416178757
138195917
861361004
403851687
191923476
473052964
623534537
847651151
534467759
828202023
843786334
794299353
476764549
336209484
56475552
552969021
600319118
72762950
89110759
646587268
247190850
831419302
728092040
471397233
450653564
186297993
746882147
952049775
414695295
909426448
633939730
965975056
518659904
398753406
420240619
41763591
725932015
471180551
121281175
410150694
732092662
997150248
239757218
234877567
379501812
572184862
237597280
113077479
491924281
88018842
177419539
912470962
566464622
772377866
795532011
394443931
984215249
437833604
435974739
492766082
759391102
855857892
431346629
496941829
848277540
671290797
260665094
564184734
417527252
558347322
781688438
575811051
808146239
642684927
975530159
790066743
620461682
90383854
412510019
450729018
952865866
910860545
519073319
172079189
920051606
193651829
943647075
758622274
929252818
10006332
272669195
661574626
72227714
591943892
24022242
315314551
242657941
715242375
898078075
749859553
768094074
143056690
443062751
780022439
951866828
680237262
969182542
772317584
888586165
263378808
659573140
68399524
674451561
851658088
463211044
777584125
828907557
954188149
224248546
688379877
862960819
100970258
804364900
323301943
280049841
516555091
712898730
882012642
402913986
836799773
116279478
19916055
714618696
946137873
758201756
261761654
178649619
848493842
238013644
167383226
183970273
776980552
23232608
157215867
228079861
287572387
165155244
683494742
325002877
141684708
263083830
930254582
309031813
275003166
327879154
379012593
180205024
826032665
114718805
887470368
674250072
435661856
304639535
465876546
346534380
688055612
526455161
257942658
929336054
124911993
890789272
961306920
588236315
11245754
565011687
606080244
338647344
842462833
66284109
470113366
647500645
104581914
702933340
528095626
726643211
30273616
941243683
143995022
820275465
152447605
102002762
182097514
989548511
121237793
447179467
282945772
569508081
388675960
917871271
627977105
816992329
235906132
346516009
268322023
497531944
572343275
277518527
436632092
730244691
154849696
436856751
475129518
842204954
421495130
592076847
897932924
66707839
727810394
357089993
764505615
849650688
521041922
508653200
902640941
250671170
39240091
562930570
721364528
898313162
631685111
634978293
954242176
938815045
496979198
453033618
453591134
224511814
199207695
858185688
579138983
788631372
88669142
152139839
256765545
927242106
808610828
674431892
743305742
181543575
594781698
737797629
803187771
322654131
786716106
942236819
853798937
774880963
676136927
241157929
239140667
446809121
345091929
389659270
980908210
397716238
527140208
573396547
355641243
399978197
2176327
940022900
18334950
740876544
890381193
544274742
379790151
616477849
54590848
660249881
846664576
219650441
93338187
580149181
413583471
522472392
418091524
309254428
858246350
974247530
32181964
976536147
94653086
970365354
334822152
38831797
967618281
614892315
893806893
99497629
