123606160
390449277
866129115
451962254
229485022
72681568
712780145
815781845
524060530
279418408
348689173
786235253
370672454
750620076
994700500
14357126
902296192
23109573
230879451
387752694
205825665
233560344
35088616
645941494
730863244
91060774
735123345
774051466
641207121
733441100
814183395
203636008
613398867
493425006
519080495
909834966
546396390
316725991
563684839
629125736
49109458
907206721
672422153
476398254
872965986
143985681
223533860
596943925
192419391
664435058
152074367
21253878
664929433
149952789
425053999
435370696
45230796
328489530
372431290
786985060
781155480
117599750
562638878
702842459
536762078
53052648
788998439
696612829
641351474
669547684
454985066
987218626
723026816
954396042
584598564
60919100
810536036
688964686
88011942
418524221
168189584
918367272
927520934
251652803
950125337
106055453
71406093
14032092
858023150
288289013
971908602
561406201
427621586
815637258
971927445
201815617
582320707
191509408
972621521
467841108
916921751
767110430
832911843
474681859
148317189
937402735
171747075
484328881
387855828
821633416
287174671
802951607
15863455
188860105
271805750
506513244
955584489
253333133
292473823
33427681
549051889
674241920
563896098
450827189
160942023
582041542
760707620
854600395
212696307
584240959
491226900
335679381
732474563
37419143
881967823
67072188
227567176
921202102
570828984
262398696
109954234
634443035
655535419
183734961
793629456
963660165
692837402
493100709
848747196
635064444
827100896
250586291
347075989
207017207
570677040
39970095
564746601
231467966
86700948
582413765
492443365
441618495
344540504
927049130
722117028
644194404
120969985
626283549
667772280
363244776
230536058
98949372
27239651
556989181
734631322
959514871
484868359
238503830
351977695
498419140
256797025
780709598
984983688
906930809
839074188
590832463
273153778
164791468
942645250
398838355
738774928
364954759
902936971
2655536
449282306
735610339
178831094
729787427
875265014
74530214
210482850
948699607
980484819
361911086
201043769
803294857
657063515
152567926
970692850
671933065
275263180
179210873
91266416
892734944
126616940
485261125
260688931
493050684
129724058
436949179
378260733
40660016
201296992
748535640
105656663
209957405
275846343
518353732
399864807
632412888
280656626
822085251
109348178
177248954
506748945
541475934
744996034
142701274
179485079
262546601
507612792
543925804
193738939
685349190
141219221
81383998
291833194
44667749
917247613
575343783
905189868
914993800
313739212
780657142
786787416
319370376
560986968
202872292
530682391
227647
96814141
835391997
595030221
187814562
117832777
577075289
882270353
808679815
224064446
453020418
698111538
274450101
678890711
13767251
283678114
500527165
402814515
734956391
809695081
156741399
224294810
658675814
878356728
332594133
417059248
605531191
778542115
302200617
16400006
762972801
574799513
416493977
90358523
92016004
128274006
820410924
381004696
577780201
653290235
2688358
115005111
193657991
983299475
856697550
671461308
771394387
394524475
654873293
290076131
35091321
488919543
364165602
991475075
405922708
681369347
849426441
104784944
872195027
55947267
519926415
922990756
190756945
795711254
39838886
384024842
971742304
147734812
94051059
863279916
235480428
405575916
605722760
272065538
917674972
26558807
857559801
726976261
950784559
43903376
954873264
450300021
867804044
175798071
875637239
124381343
536791952
647390607
16462290
730589572
471298912
79455047
279723227
855274544
630788227
665300590
298657510
903285476
318426626
654734953
14847525
690345422
986542297
51229717
703250881
486987446
221263626
781793377
989151076
730644803
396543439
127567998
819364049
348981300
694441409
905355279
704310719
35407914
967989519
132115163
551070435
655600517
905666479
885252340
68592359
230156667
895519569
778545795
652342760
160034867
91595080
409487812
927874253
616629064
816444471
404301687
492397961
821257504
336430710
664257207
151762729
27348954
194151667
513032881
588734909
824730827
621638562
360152835
487315564
695985170
499464234
703630758
498320850
622780427
714382434
669315914
16594794
865607752
731182419
942314235
567977519
338883755
648458013
481559145
836592835
756993373
952234999
9359638
349073265
484040786
766602908
795721017
115699256
280088926
275843405
884638329
349189024
77234166
99672923
790114889
987086049
584626997
142954036
729701853
298852448
763307379
156263009
15242929
898628198
54798732
92669631
681985110
327548127
144612273
10940716
917054043
89701941
84515613
440434096
611396305
699949133
94440584
530669868
966269283
995167788
582379642
152791338
502899785
125815921
977239189
336669624
918014092
596335164
789029880
845054511
174967167
663195733
241272848
220529432
788915641
35477453
874631023
671426684
12434364
150947644
640306881
62460939
407987105
979555439
355027682
25983760
742344090
903734837
356651513
865781216
896880741
533545888
199468962
794118050
236084833
312809191
684132636
9663480
825007754
915587372
849020111
736439441
38027688
682733646
673332487
187200542
26098668
674579984
308505819
631432468
368134558
857603292
472441079
282748596
800866055
783755030
881277856
600409132
429549769
706342897
549966219
541347962
498454864
70347277
874742585
537260616
663413964
22776448
7862537
416911044
796238515
895591374
791078586
551045486
221283774
596605949
275223243
702273585
700684996
516731203
640996748
180610716
270149261
35499966
454572977
886736158
357275394
703514739
600647404
809652655
105258628
535154683
381029782
180080272
96482334
316208119
550408207
257103214
443643853
515076846
876199524
437495947
840931040
55880338
271476712
545501834
128432552
295889064
925454100
147547824
690043633
534906114
625350060
381493003
499178208
162123464
1716842
876482020
954134709
116931570
7603951
305861179
254069579
372535471
866690040
830829939
718280449
784456852
883627491
40399441
445714907
60694991
48606916
66078755
276338085
156454457
277939818
307264215
879171976
123949553
799747420
455569916
516629826
188134472
173567416
675791062
653567470
671210119
214055680
86890446
767528977
479708209
510071735
624543378
119992454
181112058
726264196
971269016
357739801
62869476
307933422
331995817
457977687
666185857
428322023
356835649
667725996
79520902
469217203
694217984
645825600
636996243
714673454
343560063
612091553
818227226
281313260
818384654
599319112
704171903
39770761
676335923
155095658
861357724
393174104
875331331
337859299
474537255
966153519
146792221
260327878
972464505
217286326
25404399
919934262
322153496
770998305
175716599
36477089
734681532
459802763
239476587
166885198
314303431
384269054
589227820
207155227
183384464
796337312
545026369
345406762
879116239
689476885
813573327
971272769
973628944
254737756
304157284
432400518
339301247
976894693
843240465
705806470
414281081
977734053
719762206
978817512
856530430
429593189
936704487
889054264
939036028
990030423
771298202
502960246
683168460
363718974
144543811
761469351
102303598
848006898
929333344
47555189
595172081
910525483
293135865
362497872
103945653
858565610
132480861
918977933
45292942
27218847
759952768
926680120
178662352
961016610
387815556
686653785
298639147
400740419
336095587
80094750
35308610
557298353
653241843
228725144
852486072
95392756
744236950
198953275
209328033
554791021
19753343
728029230
622637276
464635705
887684987
500638710
673279824
411765324
739682148
515494391
236312160
470425492
448461981
801773143
524739150
27272171
340282640
853974865
583028044
648694392
384683121
163502373
635488764
577482676
60284524
994992040
410033039
64368194
243463665
827419975
568589074
520919261
190890597
350647208
866070238
800372832
159230350
21819812
516277388
103103118
830944024
275359777
734918674
904727800
689603661
882051352
709883224
814749687
322478439
660018676
404147961
257133162
492927938
251522627
949076209
151301643
877509926
935114252
119636401
474195213
592050779
691284942
687716349
393093464
288278062
358726144
645757415
539103766
145822810
783490890
926480917
577202188
211700609
431970697
760462905
356211248
163804188
565155854
854113069
531725182
351111650
256951644
675553199
230688156
606772552
783769547
774404022
897463455
827600660
502493562
9586745
785564996
559673769
691090203
11798832
380581311
145286849
966943181
306026321
140785287
923144077
599236495
507776326
583841698
93136773
110258560
535084933
419325799
167934918
592624346
633494739
47916291
973921262
9097484
820837885
773824801
13260703
680645171
531458374
139642029
408744364
696947424
983056291
99998084
27451960
972193032
560795781
530156047
545034301
529243378
438364846
774644941
507203941
884651898
65412671
631282165
870024402
418551686
753579743
433175270
125247455
227390424
339964226
676769183
80571534
613694870
95461498
732504531
813101808
8504873
11482870
927746566
368677415
182690402
585358397
598521561
731545034
745388282
50322974
975954907
781902392
457584138
85839346
778013688
331993484
6784855
122048117
24237324
486166200
622766925
275009005
165343589
718198613
603999998
653260373
321687867
258244934
905348815
250289922
591370183
662812393
755347320
827274534
586790501
973719515
447324528
30890879
809789277
375558106
951945232
291991434
194709604
587654185
772987170
53038297
143562592
879550442
660951096
686611059
583278925
367796863
217979031
525274154
988819222
911050000
585045552
710545259
183355419
962287427
20736023
960211636
955203029
653848326
706955176
381490228
62220800
36088171
741759413
560127376
940752060
433435367
377627151
144270358
600274383
565696475
553967718
119209787
143593816
355110532
958968003
70646087
859087034
845296047
769068599
771003732
431787950
331646742
176364976
691352118
972390531
997671017
341037446
878023142
67468589
267109931
859797575
994188422
310529951
503040093
161567126
581312053
237993944
118305808
842602651
134307018
348930433
669139966
612533945
782632621
797192906
703071260
532940506
440053807
38046421
50519590
125133284
392232422
561007153
961654330
687508241
35447007
471825072
147620999
734158769
476546033
389927235
635141651
376119787
14736038
206692220
830975201
874029935
322099637
634533487
826548582
699616857
597395406
509771351
781383485
52351873
972598627
429372796
852299
594620722
346715004
140522362
768924708
228423530
723085219
441942141
928109854
814948838
604837393
372296011
471881532
807820266
476863268
502557546
15886590
690525820
439625339
401732243
757788975
544346013
136244741
190119634
11765888
533670838
827122223
463759721
247667920
717883946
899583917
394294313
983383937
20285837
425183108
361834859
753209880
969486339
659558281
116388068
424376635
353116374
402205174
559897908
165935740
427629520
897736000
778064440
185386481
214565236
481584911
511578791
353253568
444306942
387381354
255675040
539294464
808865113
236528781
933336585
302036096
218438832
262866198
997604673
727042997
431391093
102069297
535113340
878984119
248502709
245554429
669739563
780580953
499386414
979164893
924129227
160692022
989126638
100445421
847131414
508049917
188909866
457032619
552439998
876994088
676631315
643334024
876277348
481013991
37140041
705128988
644745127
586662048
948616827
157430249
897858501
751022819
791722713
509322144
62949621
467843193
274135846
182452910
784835061
744797745
844415703
265553305
53468335
630577323
198551117
974630946
75540823
596920642
276888175
365646784
467928714
395558065
946209261
580956217
646361945
280395293
716382614
48501050
523649391
500539170
685208278
118372079
832365089
109014854
295814469
179190849
620176930
459218228
873091396
863388288
429994493
258235573
772179461
723031671
650170114
943793899
235591713
159006650
97652424
300682235
441080411
22262741
546081955
948534250
947686662
468722644
280941107
556435877
186088295
651819390
519986525
128409256
944593201
235511666
144700350
435224066
996838070
57064977
472111369
778945959
646676668
885844789
315579952
210019233
92960432
706975338
819773151
54476954
24745423
436219275
809663842
993263062
410679433
815722121
530437871
109417190
755572776
94084978
530844773
882504475
258304528
814848642
31784625
716900388
459913502
711782710
276508644
383971513
121894910
766282121
264117172
313578430
569036785
144606480
817801930
915387488
77118633
216307644
827095912
164553880
70850560
62320280
362898906
439278030
716226061
835145679
972217231
3709601
610435086
116586641
756723069
436878912
279408798
343949227
157111234
714168317
424212996
237196613
494997169
691579875
122058957
399743305
945436097
887816448
80965080
248009727
405999364
292399441
208660726
717826875
953632814
769429740
929986430
194591115
829867394
193249273
174221548
853843633
419455615
810870638
49799267
731779912
516294474
589647650
953297716
15737270
265945489
665442100
942248768
366933870
815231122
275682152
451564762
303392547
181875282
937441909
91678381
581282127
20293961
752625783
37141836
771225634
72009366
985173543
64889180
660822340
560184927
689150058
546139813
573441724
937282165
898881015
853265893
994252139
269636343
172797986
433234596
854379538
722669450
29952586
45596368
603230968
32582732
307360296
104870375
363439112
605044375
358158326
671418147
261106079
453477578
872839440
319328777
289162584
902433837
468363988
725994911
564169301
331695947
546538701
101911466
691989598
531859697
170749829
720463622
795593753
225236346
405085804
509544784
15638466
596992333
350987386
843629255
746234192
879022272
193386277
612628515
254737935
383975830
697691047
822092488
477565166
176597039
755084708
49107058
792365279
186047069
551233933
673174388
662075503
326042629
390129466
485110832
541040098
971278514
796165992
172425237
296085172
326753316
474962659
249273563
652154505
461845125
411715756
886358443
541174158
899150596
947087806
800834444
664707557
685265914
883998076
984873101
835950847
526611489
227256560
343836333
487889384
319690847
926642839
518187116
704241864
241216667
586293562
834684689
519076371
938192642
594860598
171776905
89956007
932950961
130863455
159937127
279074578
451314537
971946399
354909241
296139229
959932367
241158868
821833370
547934613
720891523
64120032
575118095
69823267
432869899
599349014
876148874
84488950
553677133
441425319
84092888
67487697
362832334
36726893
932349633
655763328
354562494
733669505
476050594
566527018
105929041
604108226
730830840
979032081
595010729
584387385
970946779
411794074
348130123
647051548
575781950
576008130
108562799
909285746
883564317
50128798
953563611
183367958
8589020
388947620
850586521
816475979
191506834
709672894
319009639
775069137
538325290
422431593
600338022
30570159
715832661
570378429
172332471
670033737
908207236
270235443
579395997
887187478
436484291
961623523
871208812
248062308
283991938
644192708
142312872
422005442
877529261
606826749
491548415
942299271
125425013
113905770
750048992
447099512
194620298
562603035
125551856
526468686
301120890
686495406
455285368
376510663
842500980
334055255
931237983
883569908
502035536
675809233
432813572
8540474
679114741
363094972
544379947
428737057
746974468
800676586
705762134
625138534
683337124
516894107
446701600
62924361
807136855
218890710
898697622
853681160
679135594
546904218
491334782
955538882
538827350
685168075
240817816
924156998
5747556
964510316
345080809
706360013
185620792
15987974
69168288
709851101
380547789
465201598
419359032
597495452
49057213
686063122
170159867
583338783
887244982
644516592
627353
11314831
902800899
32940169
78638925
624932640
432681393
894165648
71566483
940545149
435286946
949757218
229978741
373970176
358549736
761700918
773738111
459467302
900287874
720058200
865775290
511132412
904467596
55742803
227937494
983850474
730141477
779213973
525815089
794801729
678067366
673834570
269375990
399329737
755644219
215544292
88472603
113802001
921318964
527872265
329667597
964277162
344051850
111365465
471178471
775852055
155837487
383258472
238128645
740509688
752974903
238354910
924737973
89908673
420689946
810661905
389056792
989774806
382235918
372355091
825158332
238731781
629592302
831838342
508739117
878020678
767733639
175405010
333167989
640699199
279133374
327813694
480216770
624624099
154393579
276809964
295655893
913679072
231817612
628375624
152591343
65440554
27639839
694873121
730523174
143892851
489312488
709473391
683479024
72153059
471339095
721914757
546317058
300067802
289138543
299208264
689427362
12260623
682815026
417752834
895178417
740431750
214690404
825390591
24653486
581358269
296648392
517976736
975016279
79509632
181647126
107037833
864405870
574485343
676286901
219177685
268409915
52118932
356772566
699138166
250160834
147812338
717586123
553058163
456339867
772381668
393310042
958898684
837879490
185498917
14832061
338333928
68470404
844738317
482163473
169313781
589833618
164636274
757681315
579393270
62031011
251827322
710322389
992348219
648078178
689669727
215264197
443806435
132820485
439154558
813478889
718319133
633125521
768346001
309711899
666562344
468594007
603014012
825809834
981485014
462123720
771405955
264190337
489167932
409331562
155025760
614135033
722880002
368906872
801108203
664644235
319156180
242134486
180752558
291162684
859224023
737579415
795393006
618449309
802628354
325510424
269281918
1266602
804121038
847479235
341103801
127010107
123674655
442917336
272138261
301751966
58235850
247117687
778263753
98001095
535431946
738372141
497212031
414094319
306673469
398831968
810019852
926473712
819471115
733379522
876835828
784619151
648911229
117129900
53730249
20600764
583069385
462485066
930148658
55428634
238715202
332366765
478751581
557021216
943814388
370389417
118013208
947324639
866045000
453629244
506088930
764199030
97907230
527435130
638247244
876271602
4009614
221393349
709349312
846356471
626676632
36614489
469431575
502925171
531820262
707040748
227725963
114623496
111656656
505742729
51112905
499303494
529773436
23900317
956353672
767411812
816232540
670112473
245776203
746659583
593282221
270109339
88299715
420954777
922792128
555889100
82339608
767708333
6908658
29725762
459178084
765287096
431102294
271725611
197548789
192185415
39953399
788895363
377803303
184185146
994331959
756290727
544756850
532101599
480012255
664397085
919565700
448644266
340656410
569622198
398204723
298894087
10358140
518300025
563912620
400591176
825712014
843869116
138639209
220938012
98705736
949268607
126017605
865193670
741205454
166100956
408954633
690763889
887133467
11551110
165264178
691717541
135789987
832284829
258142727
404931736
18489015
715832763
393443862
464303873
755800226
881211829
470787983
477513643
16165873
295607074
638825179
441619307
937662177
705214583
580192160
283332841
697607417
606007989
425715413
88673488
369058074
409268303
826970589
620633969
235919465
853771429
692038296
854931726
361463582
697294367
671981783
96169754
738210519
410613488
811529616
375515759
393936588
256381970
944772813
554422425
167302005
168901690
714525326
705368678
724188047
31323532
397822645
926459625
846432167
443933579
317250246
264899269
523235122
447153851
108516080
344977253
220872788
598149270
714723042
331792933
196017558
106036974
992340592
589876657
409043773
969872441
774318681
646772749
790409078
549074167
385104040
131915447
219120864
618272011
595873307
960640688
436673138
1850875
609722412
223723020
308416749
532362211
986359896
333480992
649312260
333135758
99707751
478622122
594916972
678944805
570409907
296331623
980010214
325114239
980244818
263141610
54809063
571816197
948551665
538362150
437978386
632474497
899875973
940795751
776863101
563229621
521762055
748302899
955728593
326020298
22521005
209265420
471337876
533013754
426762475
221733659
366248686
807890837
324316976
731492885
22891974
248225100
469785802
632348999
70665707
131652896
150897128
671327711
603933755
754475971
683937143
32525567
349807824
736803295
531963339
506229364
366882975
875443490
41546567
508857379
591232697
194484654
232804376
673465394
777279839
898795984
451424718
96099282
781692526
636052851
762112587
465203089
666150206
380535091
469821851
425283237
660626373
989962497
744230530
597847811
755526463
620487472
555173259
476087996
396487294
269966288
199245021
436925550
874257367
423512609
133315368
91725666
638523261
530405864
390970516
905321935
976804326
94916938
40749820
702512458
771398032
899692853
691470313
874640597
267348794
819964554
296614042
259971075
511640065
272480196
907271444
336288474
320671277
254910866
913604377
803807921
398353983
571312979
945478194
925348834
162164522
203131246
590753628
122667738
267058100
909180068
308065026
694088275
752406213
598618448
820115924
81125486
2030519
50474731
698023541
266700177
706697115
396264322
623702036
876238324
706446885
686768033
705651922
405436787
92031142
367494797
580027906
281098797
439588165
205840140
33573239
71527113
833219253
707429127
713413203
210933600
402723628
132846459
776262660
280500859
231796499
304838130
41359046
911907923
158331193
178486002
94113953
606518959
357434245
861768625
1099389
527426300
107604884
268324211
665704445
408919335
461728174
464061365
966362470
467607320
710896562
266875777
502870962
769899521
367080942
281731941
835667542
655891520
466299524
660761897
696774878
670313971
781316920
429289239
980871593
897391839
400097544
108027038
557272809
325708246
374659522
574242207
423172181
454415092
225657641
974462757
571269767
5025074
875642800
496471354
561098166
400035826
441577246
511370407
800591119
827187649
440059714
219221831
950218850
468988188
136159072
159449268
38617459
345743565
47887604
614234744
834447940
285243321
143875960
980616673
440319784
215495963
80232423
520248236
314236113
807167968
91394236
83846550
535896752
786352747
430328133
278483171
917814444
817928451
173740256
328044372
795906538
64480481
736018010
863508127
45573763
352966861
556929136
55571404
429917429
961702784
643952576
824579389
528097129
660378310
262875396
589243240
421833332
421058185
205038618
805321596
609461718
525834961
708873792
755644111
588519532
63640498
528314686
931560178
380147238
46509761
46887587
316480596
491840771
817328969
543108678
920218171
875877863
701336067
294995084
870435660
623943543
542795749
812112699
925069085
187975833
557390229
368102936
166211804
433929664
884527899
270057769
925883274
670542181
557970829
258170855
593858686
638767925
902824146
385251315
514403489
65268245
763194238
857287705
702757340
273199894
645507947
315728615
36318466
273765770
886990461
317111795
771610590
515426413
116305050
91666990
128884962
583757789
888087440
478791560
258038854
230790548
484656166
901470996
593717040
912067939
997986634
15480740
402151779
894042051
981748614
683468595
28098166
373771706
432210253
64159424
497463038
547726824
286364077
237664056
713880022
14347675
502629494
299687742
298220757
448325389
990164302
47715324
40253726
824261736
352189149
714879299
716924201
903947369
219815989
78834788
967299307
334112864
994303652
420968862
495691935
97046536
425858558
151211828
192000026
686100767
526649468
874467030
172238323
468482262
747866213
545841999
780940922
689057206
242848631
19040754
845822051
862776389
20843203
127473176
286867053
35554225
955985920
605900648
227679924
513460430
406174942
455211484
630752690
5961350
646064338
27646444
172524792
188382723
772647171
290916598
883425933
921093842
683493301
378100834
97464167
520088450
197042327
553252491
789277646
188536152
71415885
855326050
508948740
837752560
850121379
344033166
41204449
136456212
272797917
643549046
928100086
844183441
751035407
987489379
507411505
652227837
867426022
183033410
141891825
178714511
196880658
908993036
824624793
326636052
991010821
752213359
166102882
456587372
946020302
353279909
838968683
859638257
318133275
694524894
844822427
282739773
934944880
861679569
414498354
70032580
932201932
453174212
832845931
535813094
192078595
38641387
221978823
507138815
414272162
953156387
400764339
479569001
806902510
679355069
910284304
874804294
251213210
571456473
767601898
567981599
202436649
285618231
91697988
254647584
975596450
4538379
100412000
237660475
167586605
283027850
435442841
668636123
347256409
781717851
180011807
112881892
392139968
604581745
859437962
574074152
339040049
907342771
997517837
480857176
77389252
994076573
325537137
330530826
882136680
950401184
531034341
789374586
883186760
144355606
900682709
483943265
631131448
406429808
45655068
48728891
650857048
336303200
298013044
950804279
39713224
749753548
954165696
707626522
923469509
97298155
779365478
132619345
203677449
466613620
196930014
609682330
197160320
984839982
84481040
957311649
917276877
198961613
417543347
253082078
842875384
603444313
135770002
350553139
8164388
993494803
402234626
551055728
556793989
182793011
637417316
261739792
304606921
836266456
843480833
57567085
397498215
569393263
449883461
741679505
362850236
525485623
491619540
514109433
1347532
332864524
865283705
397610260
969546461
81913418
28535583
149805806
26116473
991537146
214220614
810399060
9466834
957503228
953993197
382997090
69404669
67844483
635262990
174403308
653648636
415701513
513250107
45004472
114098055
629897532
306510283
216249878
922375377
526662705
947913294
579689014
562128407
967905458
534654772
924114440
737501304
977250392
343924887
794475794
964973521
559059375
62281770
888352190
188757365
365419752
858267646
478082434
349955515
627279083
859339362
23637128
676072064
315821945
759510092
385380480
202613547
148628516
541459382
877202998
931487000
595274354
66265221
266850526
570306237
128423289
919367395
592575400
301496502
870496030
639484366
631995712
574600169
744054079
533662995
684139511
114914777
108519128
229216818
578124321
475143868
391530155
220639550
490502509
493703839
330662342
629362825
802673457
231053566
858567069
444322300
647215883
612800481
62740176
855408201
770676208
38601200
915544267
268057067
253090442
255850166
767772580
385301153
348007666
483971162
446216007
844773166
979767803
7827068
512953702
296106190
58566066
624790236
422587442
688390513
3438213
777760440
375712000
348643156
507656454
322180120
509780045
307649124
77311583
138467078
958213391
935131585
906139927
180518919
474186955
112782343
670115889
230673553
110162711
113309686
639605831
417750124
142478778
350083604
787692916
241274789
532271186
370908798
884491691
883732767
966998551
354082530
868086494
326802793
831670896
497653869
928192007
857055594
630571686
850159708
58387145
240542480
912268418
750308269
510729101
784463850
518289437
405744602
405810066
802800690
312875324
957519552
766979309
114767508
814245120
140489830
86863177
197798714
191752132
507673676
746626013
626462923
776160970
228339538
189241201
600063678
588455485
417179560
170507357
65416517
767471711
618372256
675888969
268852155
964405996
762844833
508141990
783096495
890645740
92856469
110575287
732546359
691978112
574411810
385707404
366700092
729698376
673644344
594300980
678139102
65763631
480468336
582803689
782181190
867236135
958381358
272711395
627478043
327097311
840263994
785467259
204834721
537485615
637915588
293222778
328308046
738668031
17434932
174329863
78070656
516072084
980259530
326480810
147053351
977743735
490747112
327676492
523714744
250470760
552324102
258935603
773210452
244413384
367910032
878311295
193221671
127843373
998060728
744774008
834155479
190511010
790113503
302520965
699361817
241146379
560675141
897309640
908355306
968698790
60383549
174221600
700993996
784149782
660407981
939563953
836270110
149084510
423269195
57325598
250207294
463142760
225898167
23566843
741059403
970550690
528902859
643647119
512599855
118550108
59901427
492616362
971863992
869504347
387517794
62415878
773888548
51879837
579582048
623243697
817844891
339787230
974327296
963855637
478476644
480407048
743255722
478764738
689439299
202856053
178546508
427327652
541985740
767452919
649273822
938548416
272341617
7962642
762388133
79534235
720786518
576810668
578465796
768056779
7075190
976978058
968301857
740464638
390881562
820518002
797638385
337587138
232562882
678721874
756866414
345490324
262412976
58885270
687121458
811375238
828935233
613445329
677765994
723477489
552351091
328246325
822197123
200856869
985667934
124115020
390928861
934472641
311213500
262392014
972732942
553906662
881530878
679855539
873235953
285848470
918910535
75677930
697546230
52999865
635818817
909222756
217973497
170886012
655326758
636262482
118747684
143385660
311207904
631883175
751066383
889129515
970972116
524229339
526331246
583433857
69829715
145421805
14895212
961322209
766327721
508887321
615742312
356841174
713628892
477477993
250010664
591694344
648352645
632277516
706022994
700804661
181610992
368805650
65302696
721871170
155981493
739665858
575780250
968174857
437771227
837262683
406939710
208779364
310898165
173452902
342752179
238267170
93177762
449992597
445086161
157681564
704712547
952599603
130435458
435117158
351700162
705217675
530176756
815876150
706203848
422724052
477347031
632172458
811722370
452035804
933434615
964783455
190695909
205561071
10511239
170346386
404117167
251617871
501541591
945581325
992172815
63422510
531437394
66159775
873800484
925074855
949948130
993653074
407443983
363009998
642034529
438779896
887793293
20116648
69571628
883127794
780723460
807348481
183388702
919288405
758107574
647593285
273147188
694535114
670644730
2864086
513731423
459177224
665806654
171327584
163728648
753837725
451724076
649754946
418551166
356223507
499372704
562832787
41986295
663469874
829865903
8486895
671969816
917623269
463244695
451092848
488398941
524599150
42510220
982018977
85191146
472801748
863287246
463595878
895775505
476333972
220994727
176115606
299669297
552242633
652581842
849855254
70648247
73012757
577081281
111511692
446781569
928159710
963764089
902484442
230752742
660958370
146217795
969878388
504405979
738273293
741091694
702808042
55487914
228803148
430422474
709668779
254083324
192918455
992042000
673193743
472551788
235255926
162784456
772514269
513075176
596450652
291122933
291461035
531200954
387526186
247174664
605053126
621863844
159207772
659116551
871288366
310693792
359737097
741777130
325201033
58151077
938269288
296939433
971897575
269170840
652570252
43933771
944885412
67624793
395019029
823941967
593969971
400680067
132113691
390861716
37248863
961115338
319359300
733548915
654699529
508591891
864805190
305651685
426311760
224830152
492080691
146840167
80843923
3979230
331627443
465381541
354811300
402089483
369679487
302353985
706900034
709531321
556079333
12266662
24395585
960930252
747108272
305161015
714153788
43042419
94322064
998204714
347081240
915837845
94301864
337698026
573929625
492965936
589243885
182846076
372255048
486472361
704716177
441073268
403094732
684721973
585386654
176986370
768248398
748957370
1776740
839788720
398455858
682202879
407879020
553117532
905093768
36282652
114521662
494874554
79188419
568911297
528135656
997286839
810050879
482094209
336551169
610041784
927497453
969222730
336101544
977820668
953741915
761834229
513227034
379414841
266694654
878878170
266295932
710868600
167458781
45926306
160606940
545973019
795164007
608699233
774782243
38666370
197427931
13571577
186110295
482086902
554156892
824427669
463371306
197130276
14133120
796850772
916460427
470517180
813324419
941016083
978978295
627596902
689210437
75540831
653820263
769684880
242829638
447934505
875840179
444367983
673876198
604443180
909759852
149064429
794501632
248035765
617417254
629180784
841481106
727710034
183846118
316370149
410375999
847173093
531446649
169818307
662109865
510581176
341095136
809043775
307800792
146801228
34092201
193787224
656308898
550313663
207554597
39031559
684835105
989587924
322647977
117007235
619250440
329833716
18864886
262517488
175087943
308202893
437433008
791240239
792551850
29090268
715250761
69773765
384096891
817784189
847334418
762625067
647740239
925613350
350087367
739264062
740829824
321584244
426654211
696493112
426416
820660390
279878772
341944534
840374197
511547603
366997783
130780880
630037317
762206047
523187556
739630199
375839523
788733295
397747273
568261079
24767594
894658637
681610483
692938858
720199556
573972917
49799557
447095033
547355762
571121393
35619546
914615263
168698491
512754074
38664101
133919979
423302659
594080374
235648952
932523791
795764564
760154353
67112867
800411957
29520135
21749639
177084925
212501504
852089566
105160584
108801451
69149046
964896923
559209740
938881087
107088830
788613166
832805383
662155622
919039305
168925338
269492129
100613276
405885241
464733394
661333535
962119065
126888792
556638400
206047527
963288616
151656745
521313949
586406822
563865380
665886736
588549730
123644508
969800931
395499119
851694781
220018481
411046399
931038385
904750938
856394258
313803596
569671990
510241483
876009143
549662019
262769499
335272375
358897383
89143134
620375336
143172475
687880814
221922222
383896732
576494905
898211500
151130754
929153680
570479135
547133235
154393991
483724337
74426609
633517740
734409378
77310350
839309300
312179379
586005116
28039406
690956241
238700260
3678015
955227608
932733312
786190520
487375529
803188480
65374083
798254032
156724040
890921379
571629355
184615774
632458552
351356615
16607523
929511837
716787723
175027867
955706440
71111037
512010756
973429123
177951713
977052958
399999177
309000021
601458856
279811454
655566812
579464854
546749423
835016537
309271863
303041266
773880601
752030290
425291059
921688338
859271257
144478639
263871987
449714308
66118117
179425896
169280000
279617601
832692701
773093945
530614087
106541243
124034889
870506105
267061686
342933441
373611336
344669068
278520755
833692390
382255835
97039129
149916678
320261566
915808689
650086706
880829157
842537756
46689060
487651773
274747809
489174577
472378482
367876481
114212487
99815504
149445817
63167091
118819333
206507050
286152661
314814927
783102463
830641197
148814790
764739416
923370605
511237521
216326815
415249523
689537380
927874483
349331920
848027317
203698270
675415578
454559678
72617366
411308501
893586231
652856034
517921809
602390499
205991218
130745631
258178420
80316837
191806708
806469747
126101311
359372091
501617237
573803964
501217708
682767811
137306762
208210600
720106218
657846747
650283315
721061695
795621958
829764327
253693102
91676021
715061181
723084855
109169501
424328545
736163078
292530907
533817794
627349955
19864063
652277653
12222140
107651275
742424313
592404343
515432070
807165101
342038301
736928509
487818531
244266574
14868617
609097681
226386205
488207912
542356025
624123422
22107407
247893091
225004584
865745853
129064141
638062761
184823674
124531714
121670121
996845511
148017459
607365880
43386895
20750566
4638212
266143756
900069380
987981182
176811874
958023754
451664930
786496184
27415845
57124748
39996924
617476315
50201711
568942575
56791334
474676231
123348705
47308662
433613796
901151013
109530772
883482862
246822880
466564052
997230196
276938515
196018484
331474280
921978517
376096119
109062902
49363916
514421902
688676139
186896746
783742448
401072387
230093084
825372834
262689696
101625876
688866225
391857672
16139691
253150149
195260650
708013146
98005957
427178564
151331581
370465026
861992849
214285275
7272723
631982563
177216723
378970864
546192686
462518879
173062178
144955670
288425115
231933389
538619231
720328109
917754422
853049776
951586843
928122259
893867070
701453075
566914739
630065267
86453393
666114250
304880777
298473434
423107345
91673272
134089267
658763167
234515035
68373394
437209143
399650474
7654993
544804998
757837202
535657209
455698049
598270863
351705661
567139010
78831973
66221840
782573911
855530823
356832565
302803011
513441937
428977548
512761956
23865230
420597120
897953599
98037913
659679175
761508989
122535789
471095939
129688930
238274808
677001171
782711412
474796961
663481183
549961780
443327446
573817789
808424995
826542209
430418148
892415899
629509184
228317400
433645823
304204552
724897351
211840242
501143698
741435426
61891831
641376258
986757153
98729112
580842121
519488920
183878981
516830592
633441324
984705462
639281722
848632110
610745866
245882816
43934777
478183778
334021463
269615088
373298948
523392535
584666921
12190571
41278916
312926911
916222398
211646449
205086351
447935537
488393974
687063339
173794182
235560369
652856855
808259592
299927546
347394116
648255233
988392006
477787336
873158008
132712412
816800833
209477211
642883744
553039159
47042272
521651522
683162504
602710924
360175226
452820475
933727540
511656972
617708536
251777043
453942292
490166965
920211574
42562483
149011278
688299186
395643611
971179341
410428245
887293285
928883707
547737757
659329527
515006891
619770029
282764440
711293887
306537684
958847605
196447322
199630361
25354350
992979176
183477403
482827972
102692637
662165457
498302395
130820868
212793650
742603959
155717054
664538650
9881226
123937259
6424255
570586792
119863366
300250990
506627371
191805243
829251095
835525310
706482411
408216686
412626252
588170495
625843358
788559639
50575293
722441709
408970868
547653592
424462598
161674031
373866756
499913039
697269355
323712117
347850589
688920733
808952507
52281710
11724785
787849948
927392922
543808515
491885324
963543757
829727198
129340521
716774598
247400951
249414672
856744045
385977288
92074540
933571180
457167382
608407369
35256347
807424160
567253505
653608798
560883050
385522865
265694833
255536138
643653167
834631678
80302616
655732754
487573291
38927187
454651067
765903625
406319203
648838355
873096469
413174346
62046604
147674018
342468239
42265847
516037251
36611703
898500266
352656237
92525281
179173491
586227030
479178556
430055022
303552588
684867338
140588369
491364863
644378119
263734470
471003461
963367996
418456701
315969767
281600497
363335510
371980261
94398247
374585860
339404364
229126690
765599899
956481578
822786429
476947230
95828297
881723352
690128971
390784696
473310726
280527510
87376842
776376628
185032077
943942146
844068995
98089657
336864396
180375770
168825578
787134438
757329379
996732323
279217136
365584093
764834301
115755370
464536541
197857338
493313772
69750942
384172413
302735075
391499565
623163204
569195362
16115959
977284460
5700242
236582180
91378569
152233163
631017891
214969773
783676344
90987582
702687690
534254205
363686282
171679464
168374185
667733473
185218398
721452032
971281844
100312051
840443666
756544784
771637001
623318315
313869621
263862855
960717541
744272824
700120159
926898751
759808150
649459861
629429634
667245597
638530765
902762620
771894598
110477922
112426835
988744845
395083343
141660738
91970737
28665076
412192220
587485602
416373479
618668803
491481411
701145056
663665465
474278247
887933690
124283618
75092052
815236870
106358088
996656733
286721836
25563286
884830413
482086784
840907608
154862957
476658118
20254114
104929933
200897626
425727419
778023051
413460354
433422766
387814750
743026382
139167233
977461150
783945593
732828933
693190482
191381378
508969576
694437756
304589767
273527019
779674524
264380696
251082106
453608068
117421999
423086578
665188071
854486635
507519932
235672939
320663343
945700117
439188282
603087136
32630242
3837025
295940861
837840280
970161370
107836859
880188255
894666635
483271422
95251740
15283248
786128806
179212940
933609112
106434233
68191042
760093409
85998163
90508477
100805868
659124214
465115361
803258048
166859107
460302334
54351276
321761543
525094767
570131022
750188
279813228
750211422
810059946
678327711
413609976
337949959
484354372
569810528
424130810
781280273
985619915
513980017
914280098
607181739
452231870
554315213
748520742
116148637
90170587
310445772
130802984
66495212
901164293
250240813
62998388
198553546
841485236
149505487
623251733
256144619
560631139
441325123
558419454
364300824
185087783
975097337
26910104
362896409
411733211
190692355
952972766
504372189
273698247
651019850
240294911
762068891
225704985
87275307
874201926
443257352
638994320
129110920
49161011
262285696
761064206
769491525
313594847
591616768
512685767
112711901
209442874
323981911
679616837
336419056
372890204
341220312
707666947
520759890
628044700
713949609
881979706
890054004
976896960
3616852
824470306
31538698
894002822
279961872
14463212
576396131
677099435
639478498
359122039
672837979
356860116
32563905
661345555
191376479
984191221
620992379
583283392
919160332
989719746
614759283
294153044
496953075
623815291
374401993
370210268
272725041
462195246
227579649
699492739
676503304
115785984
316423473
402678088
568555690
90380777
541324069
211497773
232000369
275501527
965901898
626297506
774303127
716725848
148024161
762340061
690848339
452537188
947733824
989705242
851323348
825294531
138075117
638444395
757050900
740281912
