423489925
962172683
323689478
560173874
884113125
542633900
271520397
619357884
620565559
703070861
734865253
71751070
606694294
658226885
181135746
613052206
808746839
283540280
15217098
201631701
140505302
378798505
798563690
564936783
20108118
902285803
623651832
176417939
759232773
485940975
309926787
301265572
261777554
521555191
870859694
499818784
919793331
196032939
903490970
127276765
59623395
600952692
679444014
46993176
16300439
908595387
223390527
224108157
77182199
342390907
117058886
906022002
562917131
333417821
334971664
126776851
419607302
89850986
158678380
830391507
57044492
524901198
302929420
975041369
740633789
161648328
228936024
18803367
301012701
318693227
681801419
853887306
706091502
527148254
813866443
255527933
119275046
734584004
756505131
795744207
100126393
47097069
761131212
506737308
644641075
617272443
669657250
623974556
174387710
676676149
773131286
426757929
908536573
102837743
50134119
911097177
214708675
753800773
893417983
489031274
798327887
905171894
997207752
428059739
566689454
117338328
185042198
704283940
947901226
968263711
138561009
18093878
358672612
51388985
723989486
433479722
579302683
284164874
46783665
187251817
627166847
614512897
817322684
783025471
548639142
623366352
5555143
269431854
709422367
151563149
564089315
391763182
732931989
968993572
29996252
832510894
594720834
933525272
330489629
92946799
598629178
914494940
381227837
727629672
371848099
320220134
995733130
126722844
492906166
371704643
54693738
769799763
312073036
680061166
48898806
459946294
957045450
172552989
223800163
295654733
81419983
810908284
111976700
135780945
830273237
257641708
676629950
947448038
8403157
807273154
885170817
527562486
328344109
962261514
546356982
785676082
895300490
946320176
979984631
643168713
557723563
800651615
253896223
659749662
835800326
957569410
52455971
232190478
475506157
835438429
734794186
859999472
189755221
975479857
981270198
710104475
669963801
591943317
416327725
964013879
182879006
897287063
865146720
745189027
189620434
791581306
993993830
424683791
410953408
957446276
874368415
961506770
983143788
429023545
384291744
571951968
696360776
272442793
834788959
782917181
874882263
264919120
850162485
141500531
376036122
814895772
717825345
559600866
929619621
559325611
65416747
740050067
1757508
27474990
536450921
109395338
687737387
472723438
612428711
258374254
663323472
695338377
701056172
155031606
663234339
313046545
183268440
42274998
186787118
797494262
14985696
147286318
760846306
661572544
901519158
971094212
276004917
484196242
546557788
309056757
522516176
385748035
368100217
433996772
509020428
246540617
138671431
86175468
309070728
866890723
289081425
731719177
37807417
696787241
843248551
613233665
433827082
263233451
83038350
265446977
427974282
383081543
813463146
919205622
746499571
195564921
394070994
146631886
429070762
63893942
657341868
398681880
17344879
328565753
483812380
521365210
468269774
399735199
141270295
682536273
78775381
8573307
171911567
298904605
861462777
812540027
395813935
925715871
412165822
256661468
668973697
251742976
39591133
590446999
247731424
638555865
427069021
519697173
268126219
794466180
552122137
856651029
101262847
204944528
445587363
994011232
631949707
881285232
984092047
673851124
205543679
911023913
739550909
286526772
55896334
64064746
879657498
978012895
509710863
457828530
844571275
428317963
321093103
81118960
220962326
444388874
481574853
854913753
33706972
604446697
90103569
608111005
554169455
719912062
444176268
792237269
899383554
751446666
715746585
604870112
624552641
68117675
448515892
672420008
286905718
560433489
976775343
338811199
897600781
5717957
747347008
293100088
193850036
280418349
489283376
459178963
662932644
812195928
588414692
706363265
169181621
582030262
344193794
211136363
310288577
466148748
583938549
499559824
633490322
90922922
620751126
164436508
5749277
419468561
103277328
936358149
263811941
863585337
682096114
941861716
198815276
438004469
63126162
557036968
452020316
880771367
319353149
757075368
789120926
551801853
609241093
26572512
290680323
145875611
721920743
365619693
629195225
796573839
688626241
725948205
568150990
985678279
70803707
858220855
697865628
841736208
333514743
113595414
589783882
50846045
459896494
561678850
886582596
598340417
70906591
574902056
281909741
429833495
189464874
72993798
747713503
495023098
599777227
155725198
988045261
628609700
855093720
13439986
693462026
81260278
214369106
508206703
766936242
347392063
322688249
474076342
424421403
76785539
256842846
905455268
708604601
958108491
144175953
774511874
807026917
241478236
218341163
903697314
948643773
997300511
530091457
727438946
396062109
932439229
41989470
438134604
368547912
827105988
277645078
354236540
334630464
407326435
412758466
958434453
565524831
317455611
76894655
115544142
405823022
890482631
372714017
862788298
229304148
361594888
480317558
275123130
975985314
142046718
981567023
490956557
58335780
676383804
147610926
260230653
468032291
327329943
917056772
500554245
136548905
852208326
694667643
922363102
273565685
144461254
405566331
881723034
38342091
1813369
926138542
213967619
797408155
796901834
470514815
482508828
923737359
394773786
782722130
557108298
241152710
825427483
79314590
113405331
549759230
546388904
946650099
360086378
121447842
344498392
979922655
53217110
509369371
959639323
824858472
292739016
59471127
771819972
987929362
292024701
540170154
510654448
821063511
590854583
898771001
211509882
328018876
770392661
655222812
17730818
737352971
972361363
766923536
805305183
634305462
625535384
843648737
532893925
370419028
772460078
609440236
863277312
20418141
354684322
551238890
426164306
92496330
39947314
870241770
251786663
174380547
942821659
362923331
948663197
568459801
584048120
385699672
145224353
579028956
462604099
411590935
111983893
515148290
861878989
795839314
84906438
408981141
870477414
987041518
221295822
291577395
561702839
505035298
552457036
919870965
506452557
964428249
787108717
711630478
478016399
974884245
178990750
865343512
251424946
337330222
879719065
945080329
377435795
728300650
377606037
488511350
566712283
825864543
608221384
456529244
136974072
482456871
990517648
387499872
886925161
120313349
617048744
539295382
812996122
9386935
513553857
648356747
457682610
556521946
26917116
865145350
218485824
92088906
339413280
693789866
990809471
947991119
429884354
279480438
627423468
570882532
424667565
815974569
90155262
484882093
169171455
911015895
655271882
164625200
33471937
808424412
573014681
649415619
826611588
371662444
973817964
756502222
145484255
70223340
475201759
608907704
677111467
531498215
965488795
678827380
26490990
539191532
145813036
516933900
426739789
442307190
651506655
679566996
278540874
811619543
782575438
584169564
206164150
108724806
197470480
685724598
336210636
173816115
267496362
502342672
512593915
915331096
814388512
347701763
403371418
772070738
800853655
428083537
426738744
99681052
839884934
283547558
868115716
824267618
33615684
667503937
900697402
369456204
808975287
22442511
970175715
708969404
380219697
916756023
61453051
524824963
888711559
731545429
877939661
880668620
692408870
420177633
282075528
894901465
115944763
365749804
219203807
469806291
547452518
254027945
445864787
957900178
461087735
907226808
656520275
238482277
421788781
355314745
774132679
576874637
674304430
208405691
814084132
410896694
9767035
362638766
94686625
568818119
123301493
703408907
414181678
635912456
511939633
251463875
259707776
385484849
228012007
194141313
752389823
639802519
710072676
96785108
91391842
376648502
653766103
616688110
766120131
93058528
801125320
897718371
303712633
758239224
760348419
964934593
884452976
167679844
631448378
497175128
178660413
371996443
37776768
609934050
961859630
612841916
509658990
130025174
597382979
167281443
721854060
532769904
232662756
28056935
598575075
790136924
696422196
385289814
552411248
938952772
892330588
627770422
844684176
455415677
730689617
678162293
251280423
809881046
367750021
586533536
383266736
820260664
76422447
529600836
574565036
15852439
720152526
41623736
874275463
259890296
103975254
934122022
593057592
443528028
911197234
783582620
161979293
530014850
371589490
976830320
774179490
172325456
901872405
268286540
355987158
385375028
851228088
403370970
921567630
45657571
512165748
763646830
236519220
579542233
185171439
811545547
181011050
768082137
51515022
398428156
488770412
861017859
523462165
147540830
701887416
83582175
256344270
474889606
968105674
452876363
571707112
587548598
123135862
63426666
770566421
105983994
166791122
129591840
263814685
314853696
873828041
784974821
52044028
215085995
519430392
362574563
996331979
660784177
47043120
982092458
455685465
657184372
890780557
289215352
894310438
763965430
304639876
154229865
436202100
181647203
383535918
210508616
444035506
736326375
394210159
671933228
703785110
730799952
448867323
110094548
22719019
141775956
992070280
65347711
814251361
320637690
336238203
614762961
360131171
292477703
505020669
298190010
774766613
642875565
735358218
952763412
319350926
988077702
84880727
290460887
270762954
417321639
738665680
159268349
665211303
593876611
822335714
649449628
684461357
276347292
629244349
298835120
646553200
502834457
679513228
483294711
177944504
868797912
849537921
979575004
749591026
273544045
568716478
403166683
697718649
290987231
467181860
718249683
775453075
35099852
403579874
313057720
907673770
180269309
320023555
221637844
353111305
74746731
39622092
658803412
378126674
232790039
58467204
222558955
202792108
59392772
334555425
598337613
240455619
719098040
951922016
460175316
939618582
992409996
273404479
828648809
840943088
804875200
470794731
189672792
706837180
305041366
314100810
837595899
737596904
236807608
96543181
979525747
462006486
66858330
748663398
64791313
169260552
625233326
893167618
77231492
268396842
146505256
427664139
625802008
768120795
84659817
195083538
581276700
980658120
921373678
675147024
239678761
9668387
56764499
976610877
659970443
712089875
870284538
734753512
972979455
970768046
158054679
708546652
321259850
237016558
618468537
594928777
272056570
12348922
589895522
682279654
146901310
67123304
357014006
631593264
61171948
843447256
401993211
222775156
700001407
434338418
520245463
681546627
91118155
841765189
940718661
706200773
226626279
510350216
171552470
529458468
977419585
710459298
29790219
135171164
354673139
514763782
268915199
519971410
414612106
609708447
744841497
129730489
926586378
783899798
60698155
489625883
3967625
507393220
825824065
697332874
916495782
644479532
720919254
261047786
658825529
979513549
61130895
246951862
671997741
967532679
292595519
575361938
997439870
576445555
191226047
653133548
560527139
82670165
441628603
333202616
829679796
915108272
16394445
611747806
885895521
717647085
406109032
728175130
399247475
79818011
750065183
461864700
62219326
872384317
944527700
344522053
152882264
902008122
920030611
801772965
241030601
720395279
518316701
529569193
608604862
402329367
472152977
296060114
110070639
575366516
289751803
785569329
991072315
218220781
425575443
753304171
175516606
965115231
537202764
76130069
126824766
833398617
239822703
285316984
855705637
919248129
708346449
891414580
667924073
774150245
713205322
854068237
160427932
265976565
416988423
212050440
944235824
201617634
913002541
38294153
974088412
386894914
628767527
23180390
65817802
426646094
662313321
718451505
726807417
609396751
541150648
47326452
78527460
104171015
607897688
951099291
189315592
139484704
38627115
776541672
220208307
67101517
506047803
706135723
440258834
482087218
876771616
482516051
992112848
856779685
694425816
72965359
450745573
281512134
700885844
984617027
603143658
627014330
16062569
912808203
782051956
418466754
576925041
745254831
694404598
16327132
787049942
812611795
856014165
747094954
532623065
86394352
837432775
108036151
460670134
340720466
829533672
139365925
962136116
940834334
744944220
16481458
886201110
872388060
111051012
118934065
638415260
940252154
288153553
982786429
326514121
25238215
748380111
505501087
345846410
438997048
839329983
890509709
303357890
83183749
79296368
904967186
546109242
566866308
161962123
951033005
476464534
162379325
477378960
579738723
8084382
462372628
402837782
65768272
272816296
74427101
360446633
749689780
587619123
665046239
819108282
468058637
870329081
740222061
865029853
249663875
449600438
286576901
270865470
144294704
132806579
69538611
612191943
847111184
164371375
724786979
195124275
373637197
166775955
335754193
791235556
882631558
602489807
26137253
938393079
581169496
305442788
976159279
780894658
273579283
972295958
41504284
105662151
174720471
954254850
56838515
922273055
990023802
210190712
490302644
455018935
618846248
15006096
816806620
823675759
714348910
314758850
616179821
921983051
523863874
664334743
460782076
315987777
20773495
419930422
923662140
97936803
740531370
924304030
223351737
403548500
179146236
380326821
732090341
691023514
587815007
153386922
178512615
49868732
201711055
227816499
991175638
64264619
819273727
134365696
568280071
169283541
863048096
60104118
310844162
714571429
314519130
441232352
511517344
392109432
463514704
209652510
194590305
343031706
306744082
173572841
511652365
199993874
111303470
906037450
133714904
413146398
301381943
54386856
911158221
388700334
783560459
217725521
545499315
232788259
432122223
887862528
479304935
800105065
130753677
477966258
802119346
222802429
406366597
813727406
715463915
393869928
546448916
8151203
459760503
936483111
196588426
324774339
27089406
814602108
240355993
714047020
77310499
568873992
589084724
775203391
714838786
931149712
386033770
285602781
668811118
306369201
771721027
72422903
921820928
967953675
928350862
521937312
415563495
485989654
429296348
686730565
384603841
133156947
809879721
36959742
149827419
17353975
618975110
197607321
103706601
974410931
857210314
914934271
87249445
432174136
448942517
559752567
964163501
314277287
873317113
976937498
18973809
814254874
401876093
236251974
453217444
456600849
424832734
177734592
343376081
763623463
915183889
925832358
290377397
551142639
852916732
665710961
149594885
77038751
605425827
884671326
667189448
111495150
329285119
473505965
303463107
237760278
469822789
181202589
753810884
39849056
695928185
963457355
723328812
280227040
536535679
622108114
753399285
481447175
482510786
225554874
570748455
674953254
126054753
784974086
303073059
201864170
806054240
122024545
921953206
147799399
540972220
409997616
845566001
590190565
5119250
893166448
445150568
164600767
524108824
418394271
41815043
692312525
102236375
837565279
74800996
728066491
531535933
128263150
546737991
323370017
70395681
537939782
9241236
574221233
685281794
143727278
421607814
832340524
588080942
247042586
856901533
750409697
15407872
319090970
369149091
291992238
910753838
102166417
968944108
351015420
520737215
950538019
363487547
134377600
896758080
166205879
591318853
630110424
232890593
366641556
460805199
231277733
415036776
972882994
713130828
412167745
92461999
871341466
229022940
920317723
108712336
599234151
48360457
342736802
643049098
635675701
455499089
976585465
160369222
631506861
316590276
531820151
318127748
414345222
558558896
626626660
995219207
26814915
901134146
772836147
479397477
54774626
375009526
327089776
305164639
607641308
357340524
692412400
227883692
345950853
746507951
308373238
185766161
745212161
717674033
120295118
640203681
817986855
557387778
728580679
646820927
844966483
694097092
508019374
43141108
759723020
760239108
61780585
720524918
514080745
518656576
493057581
170725307
909369815
805363311
776253624
739630674
448037034
283249809
956277849
617669690
762608023
977566432
726479104
649366414
360570856
708664194
537401567
342958478
296716470
883590071
699597181
835683549
558776034
515461222
598258701
895606038
592868479
556350499
796779515
702358181
174607371
569505414
598801667
805506889
308927911
783438806
753771508
194868141
302932071
392816914
643187784
584674546
219853318
642979527
747468416
442392677
30068588
688993964
145862894
475170398
616070226
168751491
469273963
420299563
455915971
593779085
715920835
100914871
42011961
5970834
627237445
286808428
962226561
166219313
216298737
14001143
755252392
966017319
709473929
142775957
232286665
616700235
898670975
894302409
905265789
471683890
458371646
797527630
573609566
219412983
473213931
740502538
344128502
616574434
532199929
798252610
777118567
803053883
780902377
428679951
920697392
646743161
884104029
108748993
920360749
877210704
580086814
663963216
621806785
480503343
247927639
662408950
249196054
494091959
683838718
182975923
397467432
822517163
534114964
490521592
293356434
84433776
246874771
63507137
750512
939240890
724834966
118479021
426648090
927520088
14859570
310354048
377781969
84582399
28961387
434314888
262496457
494857906
686080322
554918052
522715945
551798683
154161731
304524185
890348360
651797224
851710743
981077938
723367647
301634078
858735909
133632600
740967430
626679237
31031314
758137792
140078656
55981856
116810486
463140410
990345290
559021597
146064933
29503812
878334929
997109538
624869220
499907787
108837905
50696040
333403239
65438369
35792015
645873923
500099297
576496178
588731378
864780350
38983035
808490031
639297497
311672131
424566921
832920289
428090664
99423554
65951745
965594834
352055693
131539760
272803380
43987353
474499187
345926543
518929555
360092956
810082581
61682857
236756401
889172370
18628751
928797825
340551934
904081554
629557999
450294601
801067794
465131891
416421874
454541346
110234742
310509856
103639787
370675295
405666547
788013244
971461888
264121909
368494444
206923684
843722731
422979004
890597568
846312054
75443667
405481023
333364250
880001673
696350908
454795447
529867699
112924111
391367925
82757393
245028304
270419031
224420107
188948157
618749159
230598108
642908795
655083358
447455410
544318207
997752991
475399494
442983174
139277794
758040496
683240832
875466318
953443394
674168604
530204970
737136925
454959262
412415202
509627109
604312135
593426822
618620885
856642511
214788972
863638938
294739595
768164067
55616936
139008526
800468012
941585571
530108206
293608165
778097602
277900075
956644746
33107855
778572242
782126868
995144053
347252652
613218967
755286881
166962349
721532536
934914343
859153156
435058395
837050976
537081437
710772176
523343358
165631626
275799336
841091428
640237165
766482203
658694271
81145668
873792538
405772491
306664939
689781219
609913015
645346315
504289340
65398507
894144660
299416415
694776502
243121403
961650154
828379247
790055304
740814280
383956514
752006022
350979988
119688424
462701694
149632595
274050849
849464458
158684178
596938222
643876951
985046989
537900299
201708743
261013388
403143544
472292474
754947084
791569702
929955313
671960152
915568702
993098660
581509076
127993095
290795479
286922490
598207701
859852785
398188276
375675844
20574596
291295645
963813599
891846616
486940958
91735872
174366656
223940684
737849206
750466116
442816806
519411337
48353494
754839554
225385499
635791267
710839898
449532541
639850974
563907798
763117674
797241130
281509610
504356235
876289245
238754863
72790549
909790214
25670045
936157384
164505567
897048833
202563067
610575038
200380909
289207681
611298034
158798537
622206050
429830770
481219363
489858307
327764437
339919329
987976317
303417820
604712037
883553604
50810708
508135679
235334865
921489321
259245653
634408469
952665013
297430105
482731074
809026101
590933888
114235424
140730144
56826385
996870465
868937356
28872817
713448122
513852733
7237948
291485003
138142322
14509698
847060801
499351224
773437176
555667970
842440422
397540106
550343569
825202975
745281645
11708113
279995311
922354438
449470346
21651358
94988132
664355397
203895179
377167864
826770122
875044161
461630685
224934047
376304434
294044260
793597704
111214458
475163499
17166423
981401364
430463329
53731438
557185203
794493004
303147282
599108223
602466723
76710443
396845511
292126401
746843979
896045403
673295052
4900796
99279605
798717337
366781413
322919539
244111378
440468614
527594910
353852296
478262790
456631049
52056167
495986569
340495960
452170533
540991099
352597997
452612373
38624840
7168801
749457815
432199754
174613384
944128495
235110101
387336013
521673481
980729789
310043555
426207184
875954080
502708615
332521584
10950821
225299851
938600029
379346283
777193899
417905089
720461279
416349395
777330202
889020562
711848861
342007163
834013439
85234920
147035802
29333599
593956130
489161749
63241412
79365536
245884031
87835601
754610792
848700074
22883522
369284602
319350087
931624731
788922376
303436916
718738171
337312902
323257494
526531858
487051986
111594102
859124554
832076565
539396101
941880658
777672560
596142710
778055127
790465933
173510220
62745935
519226600
688589927
45060294
907007616
648098539
622713170
548187888
372841335
951312230
662975706
761946255
749026717
321642839
402435850
65678823
491546982
273265413
820299843
91798682
981060022
501576261
206888843
862033651
656126963
251217133
387985426
456745942
44692853
87531511
154060283
825632266
448867862
636077137
938104524
4023259
624570656
287979016
577259782
516854333
569607287
244830464
615955702
454097821
832964777
289997858
935080421
140429456
963854242
507660573
847882305
427695189
856979360
588818426
339112019
224581950
760193636
826300209
67373212
625426178
683990796
74458497
170057698
61463840
204089372
880363906
576459148
77617565
795690854
776683566
307014586
692168718
279488487
843069651
345663683
360829142
403397922
659214410
893046563
952838988
244562427
731409866
77303524
975980923
660734074
410166682
582096419
188780592
129478651
60793797
970686496
214655617
649136100
350211252
60958006
441218007
957706583
811163203
515276928
600225731
502930466
769958871
149992383
849934377
54434379
45708573
516217717
714297800
681205659
153352137
862935367
640512658
331096126
115227231
557251875
901144195
903160872
628558463
886451702
874121432
147418327
291488761
743738626
525369275
257288945
23223744
883636684
591040561
716910772
168475376
722776526
705911122
37870342
196971856
76046568
425457470
210314787
301714746
948150201
620592176
849615229
539014810
26998384
483224704
544911978
55154325
927839765
821798056
172805759
652385835
69453825
651354071
510921543
741548196
208821952
690872950
364984180
578033597
745338549
528435322
145868752
367385636
748460113
427703556
27916883
925037178
360677469
115533558
768214272
228538593
145868410
599137949
755799718
432202219
457955410
334404263
820620505
276625301
342968572
926264766
866634456
69484956
140541664
760790165
40934627
160826825
784602727
561419107
332905517
707372895
293485111
376107990
785261759
860969816
728966379
9979602
338524055
239091533
649827574
491595851
962018302
628324891
953487831
671958773
988239143
104241563
492020585
620128962
153340968
55807988
920936850
197721892
743070826
952029051
50808126
707359263
736183205
359177341
446261281
694408328
855531759
926671676
965776781
668189716
479874737
544479830
898346168
721978707
717665989
471601235
214571175
216931690
174201810
85415904
266733783
292439207
369887340
897169701
957707238
12478661
377975475
729334483
702446123
511366228
567666046
274359664
188824586
955711384
201735908
789136845
46928266
621290138
160643820
770617439
493912549
567440575
928202211
955618612
231328177
875993396
962412030
410682245
787716586
591261587
884656260
727365813
232006100
959793206
113817783
834593943
859822667
761857377
377048219
19672917
297872418
710517658
227236763
121346231
105413802
614146159
836540469
702228257
990491442
863522500
539355522
185621845
431939240
609301806
533748589
821226939
144526681
38941134
439081329
612132216
667846483
317859188
434410216
139825784
722991288
54753636
361750092
567455454
58726635
633626145
800902616
795364049
174495045
541889671
676050870
454598245
618812167
431452547
729562717
813448218
306635489
611183912
17643005
916300415
270827572
617538541
562102929
79498363
4443828
149449410
651501498
71742752
618801392
679491477
940231522
528705282
813794460
681681786
919773858
795231320
501004579
557346611
644495521
185035261
593627518
366855912
492372700
224686745
682349523
71171217
253735465
53715650
609281544
278432293
169661700
509944568
516054956
118768677
56633243
413838537
951294672
948509687
493886360
696235936
208639143
741597936
166118374
470270322
677548506
871626773
552403029
804885684
276778286
443905992
175421423
978084219
323534007
501399964
833852994
675595918
268817615
692665429
604721514
367740114
879714710
984624768
340210829
697256446
798606524
730961196
43119278
149861673
44740291
269839124
672333986
776247672
792912984
214325899
452898397
830565292
979187079
433765155
304550421
870964505
575211117
880922569
457273736
435630503
556616758
730297468
419068160
231448048
642090169
621756033
176393152
610886867
525538431
93100340
550781557
964242877
649496131
84379796
666117252
67550798
767554722
71332928
102127709
461935780
574118113
877357282
915658538
324495052
410583274
387260812
740650957
182691320
481840812
126932076
409476741
81251375
344541133
59668716
686002354
127746328
57356361
409842529
779876047
154959898
89761633
116365481
35814724
132662805
801793397
699274044
611578834
300735341
666365627
372359830
371116758
955681480
984444705
242829795
701405744
438805269
393577638
267953190
345035455
455501441
967752531
325281941
832243194
15320117
263193203
346091720
835579814
483142119
248951186
151277661
934034945
535673145
343043176
9952883
161400930
354668741
703034440
434295551
423185132
681395813
491415591
38442713
427110331
791810425
297764616
98478190
829417879
327883988
255866194
328379429
343454780
835831282
68058747
457593360
310045195
21492377
76409185
909114078
205095700
178590423
101082036
737612873
580676860
323868154
909698534
552448083
81315990
348972406
550084773
950684872
39576934
499394676
155382400
184375572
758160884
753734042
24969254
56001577
130694284
117683943
620032129
211673040
679126204
12777745
612406657
426576769
71782161
308010336
228627503
919982783
208374102
574417661
920949121
775588756
117565135
842689852
572824507
895772307
372693702
574401290
677063811
922508291
590802325
181929214
598645908
271240591
502404217
613751269
132363919
181443251
708158022
47696170
416242507
698984155
429992709
622224817
946675706
397642946
109264617
925095060
206234767
305021264
182788508
610144220
112113998
131703418
172735665
219010346
13570142
167885474
152941420
817741649
833373789
826019470
35072458
338353235
101233312
85208269
479043443
948598120
434621124
346277303
440768485
450136132
49071539
591300799
489437911
1903408
103627359
624748638
497182943
622053745
298165691
903642866
87947032
562854600
761284424
151846004
705511708
267307486
404585379
643106037
857367210
204138680
725076394
832163937
527865515
129166738
501987894
568763832
445124379
671999010
3923368
250656693
645397060
524965455
881345268
894001181
873685288
667966500
16268072
962923700
484227561
624688593
83062184
56226521
107867659
685604505
938804569
161001173
98149762
702474344
610380642
34323547
451902075
465181662
908134609
495670838
149282545
385256235
132257220
309194121
781936941
699235404
200115829
21694374
104536654
806815775
523454324
221203757
215680818
486801882
833996726
526612297
180620874
845318174
112302146
503112702
734875670
116797002
609349438
710198479
23502885
689778852
72622706
634440910
276491302
528464426
95111731
928383298
666348490
146505217
839488391
313606283
260620565
21721144
568846114
181787287
869332176
676671129
303278094
906566476
717490858
338975676
19096859
238427393
790668980
649751994
226081256
281662525
144445409
156057946
372061043
55508277
873907471
716741409
263287653
140193213
386227792
438756274
38028708
268649607
567685258
136595494
405460992
149450382
370783081
926828691
936525614
226982494
108286394
134332010
277994738
5831041
58646892
722650338
486197901
280357427
37304698
661304119
118426003
558142359
559537069
835143319
56011465
581257413
878620998
19063833
554750799
270243794
992339583
892490177
457432565
527848759
887533596
798874143
356643278
175760896
144052065
432951778
121409464
797246045
96244841
412415569
22479191
466571664
63864213
382516207
4569411
579472398
699100
419265378
511205182
834710408
98232457
239394206
590998611
365192933
657890729
666974003
321034240
707160684
113341684
556228157
137763058
425776109
671836443
978749441
804399081
571822128
388343398
649519937
234833325
670042229
224741041
92174219
746786124
119971455
468750921
36127426
697998903
786504566
766682713
390657321
235031981
51992370
948637679
944657505
472792302
562992064
433952061
417104622
148086018
669137916
465096775
640930357
853408020
928184912
276357177
987286806
921522530
694798917
502228157
611016850
85450063
485067836
908688140
5582716
368172387
819536094
749929516
292695652
334223742
699280829
345122821
912797404
372159609
918713195
415248665
987081814
342580249
611067333
461580819
334157944
620894756
703714297
185578577
940421258
528889358
267088198
651212257
756872373
106251582
983635286
364284885
920938250
680524093
528722158
230647431
43691607
122050935
164427294
2362728
160283972
192632564
565523333
810410810
809731540
707617238
102016553
213928510
982414945
995943205
464247135
868629857
212935969
736061515
473417756
805696191
165893688
208306286
219074690
111355422
353028592
791722188
101720646
135355539
471908763
583873062
146943709
203711098
138610388
772186414
452517429
65754047
980500741
731228459
23446413
727681941
161447264
98027605
498923149
737087771
325683577
289088486
621426921
869220611
426070811
953257344
589483317
169234994
490535357
21513693
833548908
277878410
355149591
737756175
263598890
892671295
174210002
881006877
103428724
602929895
62231061
811258832
365636973
914165156
549250619
856613038
470358285
692103606
134459020
939127232
404974747
272811407
659740822
270816325
747643792
769904192
605433406
813384644
418540888
579220415
403943204
64745688
471953589
631185834
183103193
855998279
222312139
890738911
776092631
4377139
523951907
669524485
910476495
643265328
994582112
793058143
541436776
864164691
641463041
260412006
517736092
921531385
787868901
383205656
972269753
383242951
82458775
780997295
584690487
328445551
101186437
39177460
724045743
172402612
448049533
817180850
852454086
251026494
654553716
87993519
835719075
938305636
159687093
228308552
563969326
487067097
825528185
475991677
693404351
406658721
578748196
827901259
914023407
756451199
769043290
303542920
863450542
900840449
33190857
852922746
636317758
366743214
589423383
136732675
911144850
378709708
398956123
131999978
763329407
199044533
659618950
88282106
32680661
822239396
945228496
375969848
85650154
284978436
689441590
779878358
444174176
550675473
701415941
294530671
968282987
27557071
719883557
6113516
522509500
941256010
470798425
323875950
427027247
834077728
1534732
123132185
559163867
712955727
864035089
296042169
434690777
335904936
98763138
848659177
33813309
584902766
681549975
800695
104070129
478387085
58343845
819401035
864919422
484843333
884318311
283186553
881723151
72375821
281561814
300767971
242755413
471304711
98714919
903550730
112405198
112070908
417143784
715847931
835738057
483463036
369540268
530999199
284155473
393907359
870179540
440853282
420658800
58946358
7378766
820536960
966845704
178111063
993265168
689349731
595507701
164385828
3951136
373183215
791061509
212360962
650528980
918698464
991331026
888192042
989192262
963433451
149881588
597636880
174628884
252326708
867330555
152033522
946427260
961985517
552414642
947881254
664371811
552339878
869085486
222341509
415187010
285740117
742560078
256378354
166836051
945673190
224734677
236955977
441444096
392727193
30060355
897919434
654316901
576708432
460844954
458285517
244517277
769783364
744539354
233402464
840071998
994180801
284554339
335310051
534387442
508446647
541797613
114993349
634644003
185413972
597650991
250184721
477817439
347199711
57652523
424672273
653868078
22398176
914527861
334167063
453847081
409793032
34405166
159835484
48307206
21378079
96045677
996631844
200470338
400447196
428134855
394211871
391450368
44006250
984422515
917346911
431839753
301531595
445173823
688619532
236375290
661359386
236625524
609472415
596600918
53186375
608278637
776043109
186709250
994816182
779799194
275547159
891284228
587203236
799577540
995609518
431024470
783662067
781468779
108645002
401807055
914561347
926127738
771865395
464701597
914459885
202682758
785911897
500988565
966059923
351693568
89539311
989348791
787237483
827925573
915953601
641183474
114697344
450621532
186426441
141652846
679552189
391972456
706270974
431686168
81997747
17991601
475345515
536881044
937254261
707503952
136369080
223333470
393348505
731852484
504540546
938652097
507669510
400983759
818663709
113465956
669864417
711205867
149056162
880580336
620686863
288323290
95007881
451544558
740576783
779297747
217064458
802897525
756604063
282246548
700060246
369361135
101268036
569767544
475534754
445675954
922890264
700381292
210530800
310981043
824696935
428220941
255453454
225049714
527188503
342934094
35300410
677840528
418530028
503422841
399659535
100746047
90196923
401093987
250084977
611590
110151678
625673737
820395494
507138536
897426574
745004377
770141952
382378720
69532738
630611720
390909145
846353902
321798553
875160501
185247006
664302717
168597680
179192490
937610427
332937444
133452526
591854031
580245105
71107932
803622581
78543550
953540435
662611249
254139169
95291422
308215221
718193068
450232843
429428339
313736665
533020057
79266395
626618288
901571879
335262505
459738821
417057745
510099719
988813287
665629036
907447577
585216986
166942784
886031897
553585723
691501851
640548996
605017010
758754189
143918361
277968839
616345942
629590705
930359191
196667835
8210016
627140810
610423107
377810159
137779336
797504272
637034362
366555409
792007066
176216723
25585397
735068831
489760358
781670667
453053309
42139148
735107109
260684775
926728674
793806210
921473183
316183374
420238743
490856551
638056997
992341826
234475847
401292536
175595116
962370068
358503163
778416641
811126203
258637232
366670513
705165507
895992443
322885232
2752390
122389387
166262975
864466410
987585173
570222071
55726563
152771094
751402016
962972605
176479927
528514459
361841913
455605379
349086239
69919224
589557717
238230539
734584015
177482156
232724660
559033671
925166806
997070286
53949028
753542719
364361386
621583355
675173474
311726656
133000552
153568245
528574004
19613396
222998777
471359283
593578151
535318377
735967724
585879738
160464113
664820221
474168775
391035346
966053124
539529631
859268866
334902999
356968023
156968271
530623004
574245206
778217856
601455651
215798644
984014067
158403459
790677515
597037262
230912143
947872976
711641296
972953867
453401969
901988626
85447370
862326378
737455379
899602878
976799130
866560248
865300330
723498609
220854448
685755349
565975925
446302925
475073920
646143508
172132628
212687832
363052829
399621013
246137461
377036450
108407029
833381701
746368914
367604147
681210603
280706515
425843849
705435089
126300542
823116856
759060546
196088030
854819471
130535978
612468269
641042540
650200415
633024626
301728244
899654772
13223423
215032639
302083275
877807634
527465633
770995661
140851308
365028941
382966902
45558039
172329095
431362443
737798400
856074601
825943782
619574617
809882185
110762042
884672946
129683566
727194038
251257150
823582024
126108703
768008389
719806996
783277889
553280355
734686662
333432863
896707686
399087492
657597170
592888723
215456527
570843151
586707867
98142322
768881474
473881970
544090800
639802627
257387010
365234945
482379190
47633393
917102471
359966140
80108593
362465301
472791425
105593558
759344137
355763949
108466768
431287469
899413604
919624523
821598063
385426160
912455219
103340955
568156209
13651834
306505436
102352320
954454963
962203310
42997944
279914242
720622908
96173823
962969524
273497838
378543612
931963686
320803705
465585437
296494544
25616611
875194453
997861684
225032826
324191231
606842445
552072892
613831958
516021370
524685159
63468951
568036172
46411556
964235764
3113482
10169578
463569441
138405715
916825758
511105486
877775382
639506664
347468069
480175430
212907763
295929773
632286410
330575423
301832935
926891218
409403056
24241640
60487997
403458419
417185508
343755958
49849014
249311270
439228468
991180045
989550276
168088333
954367991
807672675
90913856
918328746
234554696
38627553
188536110
647641312
906978292
445691913
334498982
531136708
7696637
203617923
5337798
687963644
216057458
160444652
756756891
838803850
590346664
613277279
681491402
670125265
980875814
927294108
750064743
352920477
953713567
15910664
285354154
356462209
342485194
693528095
619614268
560125634
483713415
315728466
472557576
588688351
880481073
520199936
213244146
376784007
456109825
705383221
819594879
425089189
775316355
837959202
410646890
780867338
290710397
550895879
837855431
176784117
703380872
90398860
714400108
261749911
103887786
910236411
190502866
478573585
678684390
969597740
978632793
560984216
147859020
684565021
389423192
598735504
921679933
919995294
585947921
853609498
322225487
870423629
742148715
727416222
241019597
199222523
882515511
889469966
268596241
670437682
600512055
39625294
642595952
127442345
38746315
397924678
844106847
203472776
943686268
777312732
754686354
556025097
66455157
538049137
266771894
37570775
121100769
221669167
93459186
483060393
34456078
995013158
912826635
734819838
5536310
890592876
500871406
443454710
949217255
552185001
146066059
907925147
161145452
483330394
797126132
621514688
920005961
783119660
282602551
423884370
698893019
906937976
93695799
957900684
699138456
643738529
214146470
133109567
306107236
712559264
643463012
830528216
332278860
1064919
235976403
150764020
712780415
488878532
144171555
978076356
81493444
128195114
449625639
777479
818417896
188866067
628046599
804440024
943965577
600745466
225248849
394960872
654327296
785184200
929906304
669101049
976464512
546218332
247131484
413287386
233446765
599929588
15143197
119697350
596304975
736691837
150030373
877073876
101085298
732252174
986772392
460125601
371482919
249857434
962904275
69534398
831674006
41617267
315119426
81448492
362219432
341074532
880858775
723715292
943447386
5700544
180887528
168578643
15486678
937604359
618588181
725270028
72961803
54594611
862795177
402834476
596792897
43201665
622656288
622522021
131524567
170767243
74520685
94261432
78104386
577400425
380679481
178477434
961558351
29350339
54865205
287955607
847894315
711184089
943570669
373396221
688409117
540784388
956540105
251207519
458753460
203051370
140437728
883266338
518677695
582958463
280369117
170633994
358398197
405692270
863883448
944327063
143423265
280973158
794613143
412904373
641606681
349059509
413352812
968988277
255256190
773178860
175857386
828883846
945745055
301269070
500801491
250767210
268361334
411028116
326440580
788478936
818341344
561776288
480212584
369636490
342405194
916190194
46499930
534703755
997530341
509748803
312979817
335336746
894720005
113645172
637709762
881104058
852358383
624931058
472940345
664461695
506653711
627193492
526895496
483332736
661527912
294619920
68842570
349341814
855175965
303717308
369811919
622685877
640815687
217896448
468160847
846623399
892322695
278997676
527541267
392276566
17819677
650425036
769572408
410544260
843427316
673477877
541223495
903660400
146360323
75911078
739724463
667373189
712335000
105812152
488606555
790057035
134156659
109112632
616346350
73252057
96824529
450234925
443837128
376030596
974738823
108510880
886249532
815411230
561702787
71048230
79319585
22757204
71638588
692777438
305840608
261276303
720897124
142743055
477581466
988956843
602697156
679120090
975818787
206115331
81409225
598237268
974630277
873773041
905921192
302977045
363518077
7998431
414101291
562361737
13193255
195794844
785365342
716243089
448314410
610145358
797373499
187865894
395105601
44226782
680066628
835887506
196169101
979891467
594920462
834807094
670980163
7832973
656173374
548808738
534740220
273840642
235098615
403212424
883269607
509011723
128341970
832554473
913248029
33382482
988644452
45770320
834378227
884925234
948337363
817354877
147053653
885728493
342643695
554229703
566575236
796775866
444878607
715642920
183485759
94348831
489455884
472634193
79127329
327237394
943844663
710989776
358422312
86053191
630867962
694334208
196792008
890629508
478141885
476722263
88097019
134494693
