814283886
682766724
765110166
463692799
331385738
1302119
17447607
342598561
12025566
291521422
514267956
748698324
878425120
11682899
54973361
163896851
270143452
614340359
226573844
532866165
439890092
708756732
237864470
138442330
363947341
568624519
362827025
6599670
194073565
250859469
381677511
446077349
139289057
218017691
43808762
645550300
699811883
151311676
179690393
577930413
577284474
423277884
339359721
748552608
675067218
420213261
438153277
987587695
650406455
558618003
441836892
477541793
167508000
752966624
795742746
357260669
846500916
473180309
680263225
588937169
444991470
373527550
583185300
155339492
236062642
952123963
662429330
628166207
594211586
688657010
146366578
941432003
71563352
516835905
106635585
317979298
190493396
996943109
922574784
244026541
92569537
304232501
196278682
939476732
776543990
595126249
374074329
270593743
693005800
629220988
48182320
972713327
902875617
377393192
712213928
280997232
951130866
524961761
913547554
710062926
727034097
702931527
833907262
996994929
158941605
745785725
445379902
9483240
798683832
629705446
882021694
712236277
650391128
326284874
675214618
870662027
759981233
74454580
806217137
114945092
194208007
142870945
699484335
986062785
48575385
648887530
33553406
241677106
273750248
800205366
376416743
370867549
704169297
257557702
921019692
467110900
859943279
643150755
513717695
874191706
401279720
849739599
626837909
942659027
966765681
307752570
215947487
421320909
912050424
577743610
495125474
273477199
30325410
736710242
660780911
881667178
500166614
677725495
191867144
681852575
332750551
282109836
701853346
569234080
600740241
197073641
164989231
738578167
72521848
134785963
134159291
683642894
873422059
850997716
765656356
36110916
173521658
414749568
713935898
691425475
228545929
860005831
36558379
497409288
400947317
535239745
950245267
760590405
540363285
915774074
125308775
898878316
398742458
354113450
227702313
33399061
216793482
887030699
138837360
12377681
241400448
93831960
258377685
364431803
203342432
66489606
831089943
2698478
934997585
352855052
425264988
818516465
595760288
537773741
554932219
652844747
159938821
930931886
345629846
315535814
156983047
583042811
114120470
473336633
397024072
931823823
916559113
631734233
492511608
271944396
322708193
336926909
126770783
727794577
611368350
568101143
811902180
377533511
327689030
676818878
321519541
505013230
366518805
874308249
774912778
548506322
416331197
401155274
683488297
939624496
673492142
613821499
718570449
539968972
353510214
142064621
71448415
348789004
73369404
172137663
161099622
581227674
360971415
847034812
727879372
597812076
747567595
13371513
101360709
569109746
962587157
744087448
954486862
519672735
103515237
774767875
389767714
795047407
549920954
854745442
955747996
220329188
367656138
992487617
32192556
947017413
942149291
470230251
380391604
120860267
773023440
904087592
429351562
915364521
461710242
838504487
427863756
105382897
462308102
25032063
403826415
390293117
94090975
206359651
342805648
476783803
666130515
389754758
313770804
458507845
313593619
641546443
515190979
267891113
629903907
404663192
612852641
272920217
502721044
593519786
301355494
843836680
870141484
949255428
506684577
734715083
480748355
787455383
783645762
287137781
779829790
597042824
412289935
714304006
282281699
941216694
426406605
370457934
381570765
848655773
400138909
40461649
69753617
370482721
168244167
813482006
320357502
820039777
479123925
973000873
798687082
592789368
183802904
731992477
41142486
755331589
68635962
592108237
796808889
28542762
403863933
774773113
182138459
342289294
439972367
668947838
320501934
867066833
351039806
576207904
585172470
718031109
905254936
168842004
66067774
817166211
558215969
163128026
23815291
848499666
720543428
328030808
975963515
418815340
598155485
696047895
885237339
603300968
522127451
481529765
109614739
929750338
501556810
729585997
495302306
539979392
232663257
772212957
135895582
973271378
745085921
476988759
712799007
266637771
639503531
87641511
660017609
98906389
192522998
502452126
407755002
70113053
272098671
896253050
955472528
106798740
413423138
528758272
950999777
547705283
631377054
919656576
821729214
31904836
687723498
443681277
26178170
544354423
886042428
439275086
616088521
920766253
892995749
927898504
938760992
887321270
527097019
434446331
365517197
517459683
875124383
668757562
10241025
762830468
127282136
343334865
360909208
244674653
238048594
852649423
511193355
25434758
143880235
302845944
365613089
530177960
258980671
134385056
672083015
23722726
607325938
109407720
754082605
667947343
307240653
471496182
481165641
862988571
422330701
51514243
672422965
586742775
24440308
328380606
967424946
428139702
745536920
234320729
839164496
964731786
737805299
522277109
204168501
541920332
734015076
167462414
335702602
318255623
49624102
683651815
694490317
73716473
844073556
190022823
75408612
761304891
507640834
198849195
48426317
337670250
741267204
148391618
12233788
116827731
203838877
586352356
693763915
172646417
851442379
566327275
756291786
7553255
355687791
954819700
891339682
740210982
464638951
126521434
38405233
683016224
653556232
631907475
155934019
506378811
713171326
179060786
912280952
328507679
890664849
956940142
410055266
184266897
890245580
506856686
296124899
79125452
847807618
482455470
633854402
507149040
154944411
801711964
800257714
90181154
569992640
168916172
352773485
52862014
346114152
365273391
536314672
726603460
281007538
599615474
976218689
700580838
563064949
992368271
843260303
571851450
538670901
784884969
169911989
813765009
913631562
232772496
675501703
685603904
590480728
262714200
734458075
330945656
88546019
499940001
427698605
835326523
932851366
469838639
50258618
354365998
466175079
139438065
30776338
9467088
785479586
781078736
115745525
178941850
232827016
388185119
354843220
691222162
941568881
401609587
276289359
136587746
389653839
393295780
218768462
574599359
673152280
117149798
14047276
59463369
777375632
543796305
81125724
449238266
984632311
737553099
113746491
981151219
586086275
803812859
694920671
9250269
935036506
981856644
102748444
910485379
544417095
109204613
842753108
891589330
710997008
914823208
888409771
899261944
47289298
901302105
93592334
40096953
936875422
260239508
536238929
438444374
481847724
165157495
164404482
311838185
721736350
208679817
957531641
338556725
155971585
176663498
388347759
465485600
913452671
429995813
564862888
858906325
689621088
587035429
338164678
648227386
600517200
315985025
33022942
912985315
956961391
302217700
271370719
887086734
404451655
429144493
875620379
670768342
666075086
555718172
503715287
186847127
158346141
542883689
708006766
842476434
921688488
761885348
661252016
250943078
511244488
596372712
676564129
873760334
247409481
646665717
547863178
688162373
61417208
690447036
13996892
445049355
805965583
734500428
889162170
194514085
242807633
150193271
887243896
353447779
843712628
226442826
743246421
893334661
558855364
245660586
192829618
96642596
425468543
670379392
612257001
450519828
766104962
225460491
332317429
448444034
326933174
804137859
51858726
10703530
195148504
530403240
6351918
864166765
331039990
219991157
578644798
312992824
494038646
336589428
371163395
824771947
137508465
233650867
743734657
706218001
629364982
334099055
931866794
652466187
653824143
112582024
602097765
239610001
949047903
442066774
327148985
966313218
620366521
80699804
547608665
427836431
61098966
328085552
594251729
799412733
914888133
959999439
153466564
91057067
733093446
834289761
547868812
337454461
396588994
842275261
229525906
119123503
836298390
91399851
326546723
152421492
517790953
191616961
950610157
940721259
244003706
248785803
169010017
305204152
789054502
41201428
101946079
164632690
503853919
517215194
838270445
702048146
770979406
387687892
602332400
521474417
686094010
535239160
619900054
117412910
810644485
734259237
47397681
186562672
636690223
381401424
652646229
452002653
68261718
928274777
37405049
733667515
633263649
900750863
462361006
386300070
757939020
291930549
270077870
69583794
311011152
527259831
971932099
186218168
57909289
262291868
293711334
258449669
971986294
592933406
42876065
273422994
72120702
563122859
400005636
102788354
605242415
173695138
330538033
21182169
473212008
293714980
926187470
408346141
357715451
441723301
168195107
509612318
786653063
425891384
725593160
947836397
184420620
526241876
932237099
236383174
206223547
867100237
361189424
946839361
538822426
660434931
995164727
29728843
83554394
4108852
846556153
136015961
34613381
362195630
727367783
863218248
774587454
247163861
951631860
687407830
398227231
332640512
11186938
33020612
974015866
307104388
628760227
337047228
367212538
24417861
479752197
768528332
595467919
650932200
267725130
207413956
609488237
603359426
387351710
671018118
67144413
198168912
91375755
521644915
421673827
759443408
469480322
327755236
805712358
553880131
192512617
347056102
92272943
59048485
368166115
127291576
164586810
591559018
864572126
867758218
802569587
576426309
270606892
667299194
702901392
413620706
220681408
111134524
870520096
592615498
933344383
262312092
842914429
329847046
736714952
250144476
929788664
595579826
760602662
527623229
221002119
610580938
233787366
375196223
363573281
640943
527380979
783019880
864384091
455188934
296833509
131372177
700008805
479055988
627102270
492447003
116084673
763318334
998209791
92354593
180450227
908588658
798645938
661233446
142043476
334484056
661032637
852022761
361347834
579869683
590876954
337426668
585504192
176453353
599552503
55108635
887847707
532211020
995955326
622356498
722184158
270907137
527158622
450680398
875841039
486855510
549409514
721227333
111062536
710823028
625501658
411535583
208537751
616642456
830185708
106837715
626993551
72545232
805170009
606344788
904813103
687311407
244097599
455625071
668715581
934517283
616576952
582622412
802735039
562950373
42467260
476315472
994469256
661154394
237433126
986565416
938873903
828533665
543717984
609977797
207091389
131839344
553969486
754541334
242547207
453386327
838980957
463667970
440080648
966609375
148657220
860013049
43137418
64304259
248633339
135207140
668519180
724216069
618317684
964170085
908292297
146655780
696332785
181730739
623445960
771319474
366262603
105920889
256358725
584120010
229116859
412317796
856804786
593555239
846375803
601995521
774625839
18289173
905098268
715368222
946725845
993935689
905060880
818051156
823760978
854729882
498508325
637109870
116136785
799458881
700185857
760424767
48536143
228486690
229074826
385391145
892003208
860040442
8690726
352025899
770891293
786235296
908720499
297439760
39526976
331247168
615890234
827608478
935584869
539149403
885977773
11298484
931428042
786039445
182584546
264112946
395420741
917067156
331782453
603270241
196976319
595817725
764085286
562419708
273200761
676709228
969194457
528555643
907053889
130284975
803235756
312008441
58995039
556095307
511734177
132060922
543020896
152918332
588857024
665220124
863120634
752772653
225783692
21116956
856193620
230916028
570086089
711987242
914650802
41294157
445726452
19496023
810767838
420073738
569299888
197851682
350843617
99428943
92876868
458338719
367964495
835170126
383471148
672357213
969957420
524284405
90797491
355436809
951093609
76980955
182141119
24134345
142494739
922026307
502709448
785251919
490660270
934946196
17049782
573652318
76918806
864753476
283555585
948121772
508418008
166026559
486150882
152081618
864953785
989477277
805048621
940652617
109239254
14522205
386990534
335777581
295401603
713330493
831825395
469430402
964805892
150907370
68445013
762863077
694214622
298012120
750958155
143682274
366929967
277397619
783818868
715921840
495745049
480751656
819694620
619195335
576510888
75648941
721835097
130644711
20193996
17021532
103730682
558626848
178435276
400832499
910759303
736904412
101187577
64264039
822005902
14839267
153865669
292035359
870557074
568325827
112253845
201885003
338027825
447707540
483807343
85863830
823023906
187612696
922251574
26652716
755894822
409791912
274476577
161860611
489121919
519107523
155511527
164918914
109093225
871930000
848266430
908731881
747101056
806320463
489959316
846319748
258442205
661111639
529301678
595569953
399470358
400335992
163783989
926508723
130859113
288960820
500015412
23000595
820353619
871723511
58021873
224351570
718891466
532550597
119599365
660634714
845745997
325357775
535746340
950961858
532814841
392461350
651800664
550751803
95512651
107399429
657924008
844773565
52014258
985930033
71013462
69860726
934700552
988432920
46772558
102373516
234763567
526114962
831713469
258712798
728581032
211143409
327134827
497602213
29374109
402844652
485956738
87501658
172386284
586532485
739334983
704634033
229480014
686683265
652922479
48533111
205196480
379921057
517413979
885403715
78702989
164733825
38502547
424705574
327017705
549444101
485153674
45433019
172691517
404581926
423689108
250505800
341471124
467858679
786841985
519494765
655072175
483273518
293437684
302923011
936611384
474795313
737589610
776755258
594460860
350685451
34164887
642382038
491765174
153966349
984210798
881638506
35962535
795201535
567469429
984762324
331362348
20299060
736456120
963722110
103034884
989089324
290622597
994347244
670964015
880070349
125485610
564617701
936631169
11046688
446431524
546985467
797428793
55509320
361158934
227457319
68743599
286107260
11147094
475824405
558144461
243507384
770969661
737572856
215545149
105860139
216128613
100242303
677040567
703375919
251929696
923715737
559402479
259778678
528960279
744616878
558931694
674014619
348398747
371584304
618530033
940690061
478317814
70386736
816443555
798030830
106282874
367522126
506533993
61524313
267060427
296303398
411180140
808391671
635475275
349353505
826642865
293192093
8496306
526131835
704749240
175655001
308755956
12201608
477129137
386503355
920822310
233317456
5846143
459771578
337639183
35056043
265806676
188489971
543078204
296893972
71994859
363341825
513526729
670983736
87694400
729047804
870735174
332299194
766917863
975427591
862014574
154351390
331445153
968385186
498050227
590582149
172291087
724049077
852334911
838596323
666830761
271163243
212462415
445389527
517069870
334221158
362694208
128934115
955891229
618897135
904518036
668646271
550314103
701941403
263572315
363100733
591129673
306132301
351687431
599038438
917008288
371891916
820616125
781903935
234607754
296435549
64791915
921699775
104652481
536021073
3747619
304567702
845485230
108734092
957596314
190142511
371639888
863666446
499360668
713289771
140816284
611705992
47146637
62144575
141576132
433297482
567333442
243483011
505255649
334483468
532420873
742785847
879385157
53436093
829964155
459976746
16744399
514887651
620826029
29726118
724281635
600664780
448565709
17469053
260605876
19730727
834728599
687957314
858053462
157108904
79699366
919274448
133322203
360599467
760348880
801985989
27549733
346752142
67776770
342054147
260656269
617126183
67166868
574012355
413358918
204092989
348656582
102513932
733077963
746303869
11045947
396632875
592604804
526446984
470294404
954746954
533713155
375619074
293585700
83335486
314363405
548829877
469796958
649820820
350150202
438648270
342009708
573638873
739354047
293363489
562584127
434228555
102456598
704199261
810217488
518730232
877992080
928881190
231597137
126741317
814113717
2237131
585543836
956862571
610492698
884394333
883655499
645725502
770493440
363948936
952304613
671593634
691098260
168054818
657340565
654603958
444421365
150667127
462650976
953855380
506207179
390381151
97411402
924934909
711884793
694502279
475521239
443485186
708717473
125676286
311668274
20825578
661387662
217769761
959657192
981640555
523612518
618574781
347584219
159628373
168855354
490940111
462207449
893918541
222272712
559815467
111829737
677819445
813408731
987574820
851299
684809390
731270284
104697060
209632702
720490930
642587173
9596447
415206479
598347844
863038850
386779309
585847445
215140591
918518675
44813564
435094469
866174890
125144470
425842349
396723413
496145143
126590047
530905254
572182353
274625946
987157047
825504278
345255045
803675032
404561297
679027863
603659158
398751146
631373327
445579018
623799416
933737304
404530604
250406113
815421740
441677010
900521740
847442894
664240457
557250964
646079279
469775598
989439708
259903381
76390047
162667712
56301895
367684494
957178680
961319884
925235526
496641315
878013502
884442865
486655555
445971684
145348641
883208328
655711280
507212910
885246597
806052225
144404376
698200206
69481024
31727472
194504551
429396570
671133933
625914566
143426678
137548064
203097194
887932580
448462441
855823252
556194246
895137816
632677564
617071526
234981398
113620784
763185214
437226783
492196303
514179638
325927066
227214640
322146719
102610064
479693743
469452816
754813673
908388073
159149792
593178866
186327333
126696158
199733677
415928873
685817616
637607247
921169209
218652450
979958902
779498211
266015683
144965341
906870331
691166568
530672171
345840554
151056826
700969006
418075925
438973533
643378191
535580429
696315859
571330907
732064940
538894804
718387567
233781502
503475354
37746413
274916540
130285282
563279488
833637430
90809838
21334644
584002937
863752573
286319822
898009467
694326149
425609937
441460740
700115875
387798906
677985836
716099516
426503021
61201008
208977078
606554875
941695333
112836323
192534995
759358447
812979767
490484923
818384336
46145543
141260088
142759583
383890751
3172612
280426868
379252101
527534551
279164210
500235867
54610315
414275773
340542669
252327886
698803452
661605756
965142130
890006011
895165695
357756772
627173720
629843314
609161328
185571539
183371427
688517965
555494927
814938311
3863918
811238529
628227685
49287818
55686618
493725322
962536880
839343774
607082216
501369837
950845294
458703279
599347296
348071445
855812799
543540321
651044043
90042979
201867020
596817763
879239814
277945090
187176228
553738381
62096443
30387887
493755527
239105007
814551948
333773238
289912257
236246605
366105127
119600197
39060820
1155685
323064027
351160960
12075330
642007871
101336367
402391760
419346428
798375122
843378509
969324292
733641766
465154336
924093492
432811226
729594016
766623857
431272681
946479502
378815058
196779838
573739615
813806140
350440988
493741481
549343728
451646819
721125331
155951389
881834765
60879545
438737616
774743025
247439148
854876457
534045136
316060854
476004020
562889447
438948859
620473740
378440375
988454002
791296945
141408997
716345663
476752143
71941078
593200273
79234494
593130991
622189310
713711080
435173873
812597723
688373523
420199513
867497608
485204474
677668672
297023829
10351395
392742326
2488789
583793423
272011419
955473110
410100635
924632227
197744694
627026663
781653474
68061287
301204774
169193436
292162597
56338951
208048765
772960891
876622874
16490862
401974466
579782262
350462669
525045062
666456413
790086436
8251800
851946314
190581210
110072095
318035269
676468616
695334505
755549974
293650778
601245046
856374194
603251488
737424773
306844706
174468354
150235563
625090979
462976408
939427525
708750865
683713467
951924751
61146163
938708133
707705154
833892889
559478273
450174336
535103764
317604290
407481433
759274477
788591567
465471919
148386450
495193664
698634806
314982096
335669
394012022
466656188
867462392
826536410
665428927
650833825
967801982
471350985
473410000
971854702
660532071
552361762
194889432
977181268
395067376
20166271
493638330
72737281
322816256
51877394
434769959
419240846
827137799
602146348
860638147
667938368
94775224
713267399
807298855
930101842
886396534
689361867
574575944
82689624
654411933
229854956
929220272
91132397
173181932
183057724
827597797
549650311
799315981
470062279
431357070
896955191
55682831
267282433
971457677
330215462
810194565
639772688
269492096
566481736
258186698
261117099
27072605
892409990
890291024
276672430
656601645
385476079
122323919
272581696
975380936
884352357
637883927
641892884
108002770
269365367
694862152
968545843
209592705
336606219
303148584
248578719
166799827
172698346
725818530
608591598
359159354
463181617
89582176
568482930
382274828
912089881
916666813
241107559
827929398
754458552
437661660
899033770
468941723
380361167
343886368
245371862
471911722
351790269
13550158
891475960
290598352
593779844
819672681
558123144
960707804
893886062
904991374
835726829
821859913
505459897
811884806
229904538
845117925
906967465
991749555
932821100
798560518
893200386
707008433
826811598
124706977
6226475
30615721
314258940
241747098
218849011
482646683
419622401
952145518
547670260
224523278
972080338
351216618
618701095
461094623
287390997
737436584
182859578
331184837
328553278
704322203
437989586
414121927
533983465
966205730
792685502
673531200
532516741
423875663
376875939
430999733
332837457
619899242
508041990
902740409
206619446
697109662
258507312
508774488
100634471
623358186
557214177
202263333
755451236
917793771
312188210
90305865
6590496
686616426
293406110
77847955
730588163
845731300
551244079
655164498
629307922
640477011
972026101
916035773
33602730
383700890
18751851
282472607
943462800
194351505
499759900
80730052
605838674
850518713
399377783
305680985
525318253
397788346
333430933
351650129
285386826
365750591
225448311
187164946
411920197
386472625
631973075
820685224
405309881
898236237
112369434
225034470
315726115
288092227
354296193
292894239
891174027
607501315
206800033
671438016
724474213
347802299
730669461
464472384
832827964
800537565
475995102
532427026
866351690
122080676
971770344
654043308
978439199
339917446
997184575
307587861
349690803
958036384
298653877
525104317
627811631
393697882
670140404
584409615
97483130
476659962
539948967
316398075
269834680
300211723
307424505
171779251
166380151
464637796
811445510
828039702
217722461
177477286
364030799
978529847
353457663
997573643
181743678
333217237
309291045
614307280
190669905
736444078
851908987
138951624
322121285
127730715
461350110
105623282
460954710
664045835
48315787
14408848
596846394
631650708
4364174
241224375
233530162
319730948
472754531
824362132
620943579
72725285
563574215
692435563
414847107
408171988
716012794
482938464
893621471
885519336
690949958
143971137
23769858
31578573
64382555
699015552
714544509
903011322
724163013
244226810
763024391
576231861
54624458
90424182
461426814
581314273
23950881
871535804
735954476
357224376
555030350
444862523
205988548
474448995
834726688
793137385
795362107
915791709
897384709
667842220
481792296
989940984
236738640
622033377
177580621
931053512
147014265
177273493
864471534
469388532
786036015
917255927
570662259
18315547
333456877
528186260
323495346
274908684
382892388
757571695
769787156
884028740
182121790
226437229
54835643
773395348
811627086
761446915
423872471
285377985
315443537
902557676
409076875
552559193
931135582
656267008
332688572
933669760
290456492
444524261
255939321
326857103
696364478
715748221
403820379
843486962
744901208
798991202
882646346
182135773
970239692
118196673
158869519
941844164
195693410
250858974
618097845
629320926
377343014
787104094
620543567
848570465
17243425
82096874
132871966
564524480
919610355
484274906
884436763
70078266
215317254
763593295
795252659
675196114
207515499
433678091
958111049
264315983
216953820
356394517
703987275
165600602
155309457
604426658
47838371
391276350
471839212
190669228
552737567
867578496
358024031
760074011
863469454
636056889
857747100
996344272
110608052
28971399
560547453
248532288
344065023
100006231
258088621
864634360
129546975
191967096
653509864
839442614
938424418
415469976
853658341
767557595
533556999
373370666
103545280
973328415
90650896
350311937
303747060
760411642
635447446
24748112
645359676
6311520
764988426
657407054
596598487
587542128
518373185
336079741
319614254
374552438
610329824
803997218
250551882
64656807
295820321
416628284
671224493
193555072
524929152
655750459
187380868
967852755
688686159
826029144
120539467
699937538
291982269
15990873
860959516
998132436
758286977
55573610
589914234
271354530
951823128
56356057
386654864
784739861
258333750
508751160
397153375
119860985
773869564
868849027
197266058
813189495
353798524
652301732
449881638
720899945
698664848
984862083
437759579
527709745
405156999
977946936
762798074
543393859
436078199
13023723
675227975
897795708
76904363
85351839
550231232
961457467
531851578
217267773
155027341
243951241
428616290
122553889
293622755
138308892
551790323
396183602
57992702
194707789
452344626
340088968
927545417
888759341
556959888
655483050
111561285
359234941
870044972
159055324
250941764
675666054
656900471
49876825
195225700
859528118
706933731
471758426
869203655
917574071
382173043
391326973
51842600
32591964
502548887
149518446
550787525
496450439
537242847
493973989
830067747
661397872
269334114
954522237
218404334
62422773
880291166
619243520
199867252
195040564
478517799
225219706
980016275
122760894
434865476
953527860
490306042
479536361
878876836
528240092
895051852
784322379
845050269
450887923
44155073
992584776
709198010
495745880
796652876
459191395
785710942
3941053
914404713
169852649
605517970
123055907
599937272
169826652
825578042
683888184
766879289
392642958
846267431
23180449
689756108
575615229
649438722
60536337
515089020
402678760
59253404
842402272
321972488
304420233
862414014
325936316
833263265
318923264
137884164
754160203
289041049
845490539
261715323
126096670
586559998
436735687
369367639
530325944
196943356
834732420
473846310
293649499
491399422
464549135
918222826
346761341
70726002
17652578
429141720
122790405
886608293
382546475
447914413
486452843
624556411
298347142
872265027
955256204
918334863
770414971
871398361
493670417
104150715
262867171
751961255
578855544
502733371
47473317
978962262
444929024
840705764
657736470
73416020
369332871
558345758
186116753
456253827
168227520
808420827
366113677
266730813
626884541
216522870
496145316
695738847
495394639
260384517
984976331
22213401
97481534
479888648
667770920
726512809
853138308
266744421
40369908
313196443
728130224
900494348
43193977
784293047
720495381
789166845
665978172
699960471
969040489
253614732
378518601
33906817
314568331
435985864
809147877
8469384
602509519
493467493
100573405
795293
641005410
470458049
457927243
889409718
867195011
513305202
763419585
689852340
887592154
159008063
650693659
299238736
484084684
450348027
760070250
901963462
997661816
597654973
616548945
716813606
431802147
570111794
421177754
524594883
533915966
452964124
407691955
155250061
711736661
551459684
500472453
663087714
66402808
528428037
500203679
655642251
197971222
191661516
98664392
168171239
106348933
17297785
712422790
893438879
833453489
737104462
719059137
416049146
404979724
94803059
971952116
868779285
883525811
90209369
502395652
978978141
784962610
366749001
951802884
237656601
239044455
24992510
770790872
415071558
95485232
517373226
886618842
605652626
913747749
757274259
963860701
42593359
149448001
952554556
205905713
288703138
755050800
85942214
279084071
561348490
286079262
728936826
287514082
638676243
232089406
140707046
161340395
462630924
53389965
304626618
507072320
205151927
19076156
245036630
35850952
51788127
839074969
810365260
35604942
666249898
619667383
206059836
358234829
688288887
137038681
262027063
424101087
902440709
859701197
555700140
782562853
485447428
323354168
200981562
257237564
886688967
623888383
406485116
465489647
104760869
900114561
85771903
956091187
242487060
272524652
305437171
309341825
612680475
215547508
982321872
162252840
835770241
795920707
834959797
586064911
758696795
887726446
944924955
24644349
411359430
164749396
694394177
975676049
993239726
993998987
710096962
118324169
73285969
506614442
638596705
108331173
614606261
969112921
426763132
919046726
692123790
785168127
219495327
830210964
80547545
994784590
14705196
386138621
417707621
121729994
693522860
638248036
668462254
950794736
931772279
540751235
279185963
237542109
861320674
290147063
561491842
625289330
354592581
42134290
868342510
714718941
191857096
52693456
286297659
436516436
271206240
215072611
786870096
570834784
907762096
228250052
286003240
501983025
843890089
345673217
864119876
809171124
839011866
720859060
389524148
763979020
404648707
306935152
75095344
211447314
971532468
170382879
137607540
675865883
981085029
587696736
374305838
295407268
76047364
602799382
173540122
692510744
808879058
239982950
142477787
609467694
264431878
263383601
350820811
335033075
244286763
720505509
507790137
197113811
405579198
271618517
327830516
258834966
240157532
233865310
757415228
443606758
563394931
109913144
183857190
593463495
249653349
262643140
251667989
782315016
526151964
568750784
224645376
540708800
4571405
647790336
670545114
527311925
119968646
463962526
228481907
913133143
228487860
844800252
180080225
846645562
560271403
961016982
837963567
537726545
890389926
438356633
967921978
81221974
556737269
374542183
736994755
674352889
709308238
194060890
680525019
300277597
255494832
458318149
652357809
592759943
292990855
353795298
921615876
647491051
433051161
141809902
533877146
162086703
513834874
700773653
365691142
576190971
233847881
498698131
571688466
407822291
33053996
765596779
758261028
862976227
80028916
167512066
89840826
50409425
150615863
90560358
57314857
468331781
458488860
899241849
951078038
338011823
100596122
415845181
460419794
960940200
198718786
36908171
564620427
803093006
443479347
243437752
714602040
89864066
514971795
848016399
323826203
843758940
261841619
810855672
511146032
29202842
986005755
727380094
456325466
332255124
722935123
399360784
403950613
627553930
717648248
691597017
83455317
537202483
783571270
614612823
714897492
173483859
946084163
246928530
437681742
520081973
737918206
120632818
210069255
813082680
737155735
511689710
702391433
677051896
592914773
635407742
350329641
125302972
254658734
544413567
411808394
958825544
456681414
732588661
987641826
736304398
551055691
131495035
430666774
563535219
937435041
723357063
464382293
749298125
351792139
102176131
445142318
448992563
700585281
873688969
629528909
754028352
102632093
894426717
498105034
113958394
570853910
468364675
66659256
834108190
944782211
150387428
36598460
236174593
27064380
797725306
902938574
468534181
412522068
824401069
923553751
634341748
958003416
949410077
587077065
832712228
887066760
534796107
724090971
729845549
856780019
397058036
273203417
898148447
627599920
383530697
388907145
827737043
22721779
891982201
689397607
54557047
319960776
773867166
362702495
940971873
946521322
690292892
538725732
44797855
936869632
823036278
218430361
79075895
152848559
483860600
728301653
843578345
409982509
523289666
340416275
73234471
549683627
952317111
595657449
936994698
55329625
702585431
164741649
105821882
653748429
319812910
54448671
395719997
60003496
603382804
609583730
25189810
99274889
985250687
582696999
381280493
125375016
409202928
392991994
504555280
618593140
849866758
403106324
19867360
65078344
531826879
776650544
487935198
360059634
20223837
936033769
183532675
659961609
427506135
647804641
989849708
142883782
57496036
305034252
94977134
881289762
366296311
201589363
986639958
600012542
569526077
388520729
967436813
669263537
193239324
77715125
604507843
864818607
69394718
549620391
631448884
868412851
323602999
55819476
405935516
606743375
914397774
198906961
194623214
205357895
296632849
20658890
690745556
699566378
73635381
904994455
139417288
91322052
714729250
928266798
25113864
130442350
107525403
440768392
907099988
273764289
786459680
735427882
78739781
170296277
810491926
516574413
530438115
350647351
183379288
246632866
130330079
181453226
668184195
309810030
205496714
112793263
336884130
792525757
318015045
373717394
573976040
111332395
546507149
744802265
828942526
745671125
378027594
214239730
304557897
952433609
44266733
365107717
444995981
663588597
437939679
492310759
191219848
305160775
761442481
938831384
624768330
743888830
294919503
85160029
177327400
269660327
793229703
886728976
238898478
759505439
502423493
81538552
144955465
45488791
61088982
509235357
959945069
599397825
170216865
456640183
139421799
58843061
19261414
606686221
559112776
262927928
187341090
684122004
92304594
332390605
68154161
988114330
111459327
918443717
817533583
395275096
162167981
962223773
135285079
376446419
516783694
873861180
562671617
859034316
898985294
286494109
611635122
425393438
217784618
453711111
383719351
865377119
531070134
71538474
765757229
932819022
637456835
686312056
475627074
474120476
488845418
162985537
715185913
309816633
14110158
963576367
445204019
40520028
871396867
608284335
69786492
691707457
793725139
633437054
270069640
404622462
650255002
707191832
269199962
197736691
777726475
267330277
470495361
461614610
314554042
124259851
581930206
832575462
376287917
275719981
217243453
524629350
252627094
421970502
950395955
52262896
988532911
632581647
574534947
18313094
849202088
280027083
305659352
639816369
850151118
189996093
876137483
291370698
936886048
75078472
86013528
160037107
382145357
207885723
227349070
58435136
464234565
113896066
603774325
386219342
460883231
770678385
434579630
380207400
706601333
117696414
686402318
488455517
461072462
156376798
113768908
287190963
975399734
455047166
956423155
452409761
931508167
898258505
75640980
640344265
257874104
155080612
27009562
779364413
568084457
433527100
208991894
177343745
367954348
32102492
621800423
923491285
413354871
343027003
828805335
780770851
724421531
744112379
45177670
432612387
415536875
183976128
410610986
488046302
538973740
610114022
284862897
809304224
640457319
810812049
225617033
17190411
836745881
87109824
360452140
850573772
855053987
170772425
319725921
515384647
845276737
246990321
180831438
159760182
53069204
831896672
177547725
878326312
407502270
815347343
617947556
645636171
205535963
356951502
801970171
702977110
417920180
142875163
446410193
331458276
142978766
217274882
490262884
209358883
753253408
551755550
805472162
281203169
995439932
49742545
493292924
191707316
102409059
269041216
147578490
701152994
268728682
604919462
690103596
27964708
451994821
290709717
802468166
678812810
234176160
542371412
811716744
148855317
299305130
367123524
368359109
540320643
367832435
427857159
701581773
436946899
425646018
140438877
779666342
477313733
307092930
839939440
608481238
837477793
161793482
314701988
621753937
412781923
654925815
988298051
292919099
2740785
230746144
861274002
851380595
820732861
452048061
410141142
790611202
681622508
875465602
538870464
752480853
163973446
346895686
293780381
896569569
972041697
431029452
605555885
784712255
690150917
975716885
916490236
89851269
697677736
286921571
887166087
338187893
150713509
576586474
195622006
490905141
925862088
791818254
252807387
880524010
267963081
403558072
462500759
473176378
947997976
712202434
650521731
919952817
424491355
91922712
771011441
189139464
603976583
592784025
215549436
158924194
395403528
755712986
552883962
771390168
330006654
781651086
927852990
336787384
890548951
136493248
680987088
511624333
636624413
887680672
343003651
370880153
315738146
896998977
32450051
401286513
55307796
123720112
743331266
573982977
108925167
506425992
35767842
21199906
550032687
902957991
433935895
948980192
713053633
464529603
317268308
847557290
352581182
174974441
55383879
975441647
33437156
53863063
457513152
301745015
957102872
446602362
322052960
41501646
433256219
299985904
417976946
148421677
142041479
193882291
156850744
579488905
518540783
618581139
316547693
498428255
669493797
297923372
673275876
54470569
731434901
140983290
262530661
587288749
437414465
358714498
394364507
592944181
660796312
209041598
308014010
155436229
456002618
901844296
83644022
320377239
988540572
462061539
446906313
158727009
503006520
111764483
344145393
36985301
532413682
682202938
963838378
378300417
779180938
728496829
49858586
650903329
119385061
737294618
131949649
750924967
283526153
724816280
590147305
545880748
62124786
236542227
861710938
574091163
43456925
600382707
702158160
486629728
811582754
219781993
9306198
452918715
219780767
231326200
55758762
909106047
690511300
61092399
395342274
268541917
707120376
810783330
174763850
24971654
41100259
223046398
419985124
214817165
263319736
89732828
437783688
508006875
703999296
601147034
720258998
724241121
239495312
496484848
40332079
402045144
766026421
173120051
627475927
420465993
584478224
213668150
17684553
334510196
397103149
471068978
375278461
575983016
96840395
109598014
160085201
822432457
848531552
370658429
370304388
137436016
909648075
899525537
765633575
952737276
644063112
65647770
555557428
315172147
445956414
259921408
757698386
464401562
189748601
237280440
469557107
76615577
672677516
73854740
300421232
17838096
302969643
132676529
568544026
46840721
176515649
104462210
145731219
697552244
237785599
961289359
202448273
166261074
936770309
4197095
710312867
738418440
985731448
266319099
232711207
9419465
495937559
430529364
311884279
8847884
300773487
340434404
651480769
330405280
907974799
592688318
673776778
423825345
217526776
938192150
82479648
925076891
353148936
224197168
543630629
251815318
263019409
455140439
934364077
937771074
549826909
218226007
576515250
876413986
630574212
657186874
338450349
981976748
826712418
820240089
894404164
190901605
100199203
652689937
201697346
950666414
262617443
207581995
686045879
359841761
390629475
391268909
430705130
299844166
144158808
997434188
88835102
162981195
443014704
220163151
135358369
365924866
979543350
608063786
944267794
178088536
521027273
197486185
508970535
835933149
556268353
756619261
786842269
537133838
397396010
484068144
418688826
227732737
719016940
950611127
129057686
140425508
225195597
420571346
586421646
285967469
789243692
972397641
398308576
468862045
34561153
575430738
305849755
667927885
905016637
423652984
350058390
445960641
358995236
649626266
675282861
777383623
321462212
189742134
787037618
477358600
363813616
638758552
841021588
45187615
578968605
546689896
777417231
586281570
544271492
227568893
419611192
375303293
982621418
722673121
279136844
864194482
263887584
115705749
587677837
458744182
656563088
464444207
502604560
58106614
55432452
910207455
91807058
147583538
303934753
732136684
606663893
945295600
420044787
232588489
561243324
685564986
43873473
854687136
722171350
351709151
777359436
959404330
428251144
461976033
161189974
451408215
9084632
44921339
879506082
697030909
102593324
286558066
736007068
364500144
460610016
772782728
814854173
888879806
72057111
399872330
993292574
948670151
983439943
25579423
509905323
746907027
198342893
693622327
631940624
547410188
841341307
109929751
439065587
401028511
964680618
979494280
731252041
731920828
569950938
68511123
206658510
936500298
95326093
528350823
648863391
212820686
853231405
467648555
841491962
259625640
383087977
807594300
606412782
857095643
34531148
415099044
722425558
12039512
830704247
791877739
532683253
198039162
190782252
902902930
257294977
506902275
912436885
799671788
454983351
237870506
34997
701134074
89400432
433255896
775963816
755297671
686040897
353831195
967224023
498505876
917843251
22491989
140562004
123226752
314339937
911817143
768226096
10880699
931803616
777985210
565982551
366327794
433765523
130551412
90504003
562369083
610371748
843891665
533084841
513252876
305817537
185051062
523581342
676712600
599459602
847457373
129137648
206488811
179552734
401235089
965669209
752137694
550468750
914919927
662732896
354711478
796899120
890608351
925679508
207132337
590409681
59873885
644695443
368591253
881063819
378091091
697224958
217405988
132163214
964837396
232068077
910220772
279769487
77133535
270238832
440670775
667762817
791874755
358981949
764744465
450565123
657637049
379535439
991249359
737258637
548149652
180842432
570391756
734725572
778520664
413641490
172651219
242658031
416474347
741702648
44307087
217815250
702422323
502044226
903760451
140011322
141575546
797056288
56878714
347868815
25029192
699743866
66372778
87478798
572177530
906793504
731672642
30463658
314747303
303394077
593951485
752403228
688624392
151453902
672498266
615492711
141270066
811857749
817765280
955118969
228248940
726308215
833996777
668507613
598355312
78221309
701209013
422395259
662977084
940508981
391543811
982386240
994968170
74515681
939582752
186316845
43585285
159908669
625617711
473903871
546957913
676242658
153907246
110407933
373237389
246725693
66300477
664987856
225057826
677779279
11208675
555797790
896041980
681503982
761842704
879560827
22491698
98883712
426648442
