232495761
622151139
62649950
419883967
655566695
595054100
207140856
253430432
614484089
303949874
584729006
700463781
114415202
490213700
335899938
985285336
792740141
997723573
341051948
578571625
434883229
246160647
564654915
27748542
824753537
567601340
687626601
822936130
844371728
511436363
34228112
103880671
515211112
398202520
458582524
102376123
293563263
821436024
179644283
832440919
8343996
644907862
284892511
897261445
547779046
568874207
629093304
420356964
264312435
287035684
335793774
239216591
750293393
805226113
677788107
699209247
888296316
397746130
896568351
574583060
375540869
859853882
990399574
552588808
409767534
53911531
493906602
58994146
747790988
88495406
342414107
680936249
73255691
269385125
962209799
976856941
852478767
548891048
22944378
28594010
858988811
277796218
156151707
534616031
581182089
671462622
23371984
158857671
339508328
814642273
367866364
478858585
708100061
563082264
317698163
90847088
107721680
983298874
148150176
587179968
313303932
827033928
219388713
141048503
321695670
524302672
640441437
390882580
285107489
983309860
776782438
715070975
722951029
97025555
329697703
641433592
219206144
193715587
125293532
256863263
992638548
5752415
120036916
225525852
939399222
374614161
966518151
117640371
568838995
224374291
340809109
275945821
272737602
289059066
199960417
499712380
850005739
78752007
787369521
507580543
194882023
650683725
858276440
167065055
148350090
395073572
548989056
88822786
176033051
819812962
564582634
408447161
595346108
245366696
444232851
164622902
809779281
921840677
543049195
132908012
200522254
446748931
354314686
629170341
312993707
865869533
727445536
137693437
960562065
176823284
867883067
640635902
349308414
647658236
625814364
758958286
288140466
116775364
728870843
352515812
91858578
95190466
28922414
849122855
504216161
777620635
232854066
933821614
25344195
507868411
478870032
470376469
994202168
571291311
817443811
182314788
344156448
856451938
98879989
123996125
383552627
381424050
146852232
239649809
995771154
327434696
733775461
805787280
627738770
340936413
990853021
9874596
853886367
254828294
752456913
208171654
194168046
575711786
757883809
914894591
114156856
603218796
16126575
935732282
33078570
293546252
398562148
254590209
461227807
170211276
488743723
360307943
718993674
338000939
38844189
864611523
399767082
948439946
640334124
121547838
220259492
831806857
785756797
966459780
875502712
772537612
531577773
105979457
108143099
558869897
616355547
341847785
450965966
851799831
833203460
976814892
166722214
237736200
217326008
367135399
850673080
844704812
467198437
682357408
385287620
730656284
875789568
250978115
194359272
925035611
269001997
185636136
748983780
985619453
997790633
335982019
522583178
973875213
778757691
467373180
324875407
407955029
688706469
890485311
345070986
550836042
385563362
63520774
511119212
944265305
484857730
970098644
110973464
454234730
563727680
689651834
347022312
181766932
829826006
825509469
921960647
202896776
403897080
353078586
908197323
242087124
64592740
289405190
429650084
122335038
376351250
466032985
814728231
384748577
727035130
563782199
394681560
390987898
961596144
37452967
40610301
329693467
120941951
618564248
744802053
645381972
268202291
391254724
65389620
385364238
81583743
789569161
146372673
344396139
995697123
373071387
319467474
157953431
995774530
768618144
45424299
249985465
278668197
541596602
441603169
799828006
23647196
147038916
645473898
606650461
363518009
618885671
23036472
277432678
646015923
178547413
108407162
754780179
733750205
588328061
87058085
164147093
242336613
407682772
692115593
748113153
697742965
621412163
976005923
570061807
504873749
379756925
764564522
840383406
915955168
335937036
819195639
439618460
989820267
206443251
621379903
718697645
62611584
582420890
29661577
178535065
904430373
800893659
681940511
489611854
784082762
616064117
590915577
753762431
263446725
198225989
585040133
690478343
457419490
711053252
689351517
731665784
585620256
925649482
646298255
480009138
993057474
363673556
706523388
144343154
538876421
188424454
257742377
283289243
643893177
152232827
953943384
756567330
753307501
278157828
576506440
812347273
834939189
312575467
304447066
836580348
623944981
175494229
559795540
160764932
304912578
405621890
431531651
691781447
690920494
99852666
527481127
838870523
815624893
484293320
343389188
504899387
449137041
51707093
36338355
20796467
561549208
659938629
65122730
178215933
624724829
788302991
5935926
28206179
737941721
53425771
323556969
982548976
802257736
228110415
529692205
666577947
905679130
894726913
470789990
742746531
29036013
352424868
248873228
358589900
248376127
541711802
145019491
738454294
407646313
456725407
650169965
637766769
811806787
913166090
3800693
886601046
922645294
103153445
84468813
62062638
567865304
237173409
665460235
926296177
901115991
815471108
48336496
572848584
584168359
992159228
576953124
699556875
773806017
600159078
145484904
169898198
244485164
145976507
376773151
582780914
191083676
381754036
969431009
184625057
50736688
374484799
187956826
626142085
556823054
961231602
894369744
608116178
852224990
769417693
359174544
661024776
254309608
802214466
180558791
393754913
1807741
656761898
122650472
182236206
581987125
681324354
223921337
970804033
379092038
930697728
359654948
470374407
574886408
543730661
875597123
121973775
515963807
787719381
201737649
78852671
62252771
120206157
279009758
918689448
662449333
920374980
915448958
466542920
915361600
463843245
801330550
102619448
979677689
261334186
823990127
130134418
657031276
600478499
642993463
179038496
521413681
105821862
709856945
482231595
611579648
650592269
46059658
886749354
219424375
440853941
120454262
742399624
272179801
128260065
661556520
634592888
54733877
141723441
621784925
759418055
76581293
759138900
64290142
264489153
83941372
28128446
207009047
376523118
547471686
386053679
966456528
283521512
352752376
828315996
386425228
791534111
270490596
356656796
9382155
159070132
230402414
295089682
594846437
133819685
354596697
99908587
869616651
541092796
822951448
470873075
356677700
224161815
377845974
402941305
803288146
220100981
68964857
283998515
684633191
189748876
721936409
913639425
220964137
816698412
693243419
212474434
280280551
793042067
53063335
860210897
19662561
417399076
385347345
415273457
805457922
297346410
112576593
927635582
865760517
480114255
899338194
864186323
376964243
381480150
276758786
55739007
31977368
379654453
657867035
390660613
465468063
105446517
701076174
520855778
644071170
391350875
110268882
720541323
862026690
959741710
915772650
625173584
654760068
263627948
633056006
228850252
861884441
349986049
944848808
818479533
422971541
752794814
626199442
362301393
495770319
701240284
133534256
471390892
610896259
100684764
258414938
940711917
193074375
516127726
91135724
258443422
661592383
839284302
950702460
30789666
180130468
156293546
256496506
276549302
343092961
185903528
879959732
599743005
946474808
864922777
24775902
214247729
291786616
51868706
943299165
253582130
618864661
871308655
625514981
851227992
44976905
751281745
793857596
366124091
776918479
981010673
967743611
829581448
613110566
653808373
815567376
348877453
686172379
774868649
793593629
555236292
227244700
908587036
974235554
881256426
704288421
584250405
692765912
153178307
57935817
678332884
928887579
585422173
111920842
728790145
782442995
690399255
652693673
869932474
224861695
763186687
430926348
794199786
338032079
278055771
902966789
59800391
832946680
908427326
975891466
34163570
933792833
745823495
598205314
459615161
936267371
545841041
907372644
593600979
601027729
604970142
278896193
399723912
988411965
33823549
326003576
938639283
583333680
997280498
518296196
207701354
528066483
488628936
179736866
282545324
692193465
845097747
474431909
853833267
244044429
424143467
41886881
642929583
533490367
174220233
783862792
340932691
90518457
21320300
598311893
374275504
420817988
260545657
140873467
409399194
697388719
529369374
281349298
412141319
834722856
430578342
769957887
53735687
658935867
971435825
907763145
308554884
217697840
126421080
708701941
966173357
297195508
920895135
122186086
133505815
863793985
623885493
809323004
240021504
572804183
265220049
84672805
224234607
682929780
403800492
746368703
355322838
497785124
581976642
259978107
581265850
851887653
308173824
24381353
348888985
308956816
262914265
920139849
644141162
841582263
703629363
778842546
277405080
730932244
958870897
616024425
457133235
953518402
273911461
943193172
769519250
562393769
444903935
122927943
290435304
712941406
714826029
994649758
67836720
259239571
210284803
3925389
252453185
497270935
617000568
262778275
459792650
370467821
539126926
427539446
163261999
315620854
496216519
575260023
329716185
389652261
720283656
538401117
748108931
503537
287100242
3170681
460660338
140034246
887240449
472344781
247472631
311480769
506093931
604441479
242028589
465962621
38600443
871521675
161853236
151874782
391640715
613991970
801653802
815833644
947295764
748750908
192559095
74496962
831727705
87324123
259568245
850505496
261362908
845873465
358729778
213009815
638988731
819958348
379133607
127405555
906642899
785856291
527245054
243676054
759407232
541955811
276239864
439713083
329239333
513042965
841677660
309018530
499081466
55714429
18622183
565955831
31542770
859912473
955916156
90952820
456439653
394396757
938915469
807486948
126359703
944665246
439521142
491021642
477924067
43858256
611990681
260957109
680800045
783881459
536775673
243368193
401758361
90930824
456593178
182645566
991013111
533725365
219477675
222211885
713420400
354187086
947235391
934384331
676342092
790014775
83488187
774551964
561816219
202094022
210414802
327968285
459238787
867282843
600153636
835198436
379773243
177251562
205015205
282114447
168962833
858111897
415457955
482671091
288581195
141493210
753310921
539103416
284913370
269715082
921307502
767795561
499509688
12969774
781727116
752151449
570414908
61791014
581223035
464903055
922458267
791700565
976749322
394612410
948801222
417566508
436358092
646870296
32519134
528240321
447430428
347712313
520705802
145090817
222413300
410238141
73663058
799279249
420388435
50318519
208588044
399022323
800528897
769552903
292651897
492767724
712102526
663709493
56354131
297602955
48874965
482919238
296317965
825108050
717433889
838179558
770168889
882877708
636411060
400273731
117839228
626388861
303266543
503169735
288748047
285086898
762930850
743723924
360552457
707084462
761348821
99715114
95450769
544137314
456486044
745959070
897152874
147843941
806450775
21681196
883800997
84635074
61510499
639420432
145754372
848354551
119014511
970440171
722248928
234771631
899272246
481085711
348149352
495640931
817806494
612995220
428474948
671627288
170521531
555208730
819415924
184211489
851359440
405376691
17538460
987732304
661450660
475824513
404079688
589335200
583934730
406841373
440567447
425651784
127012583
692716321
952229202
200340750
361012325
634688888
921412386
878357097
678759308
149100548
651316728
281720452
81533880
401944514
137726000
685111245
169678900
592610092
343504686
647088571
229730927
63198998
702064123
298789032
266762662
258540794
164859303
702188994
702255182
12962177
448440368
798058498
744331305
962770373
416255449
687750265
484502243
83480894
872034500
537789648
803969185
463640271
293636672
631349952
47450887
750495952
550310733
89199732
283184768
865008601
330806673
77353131
421377232
36934565
531837998
42435872
570107420
459618041
107851984
378017350
797416270
47122378
561059259
789680564
25010659
950330833
813767399
158427193
968924808
85774093
217606417
648980403
109192375
61764773
598504047
722090475
993493981
669524786
747425685
154324237
576121249
519470964
836428564
89931224
914767031
521036434
185922157
53718726
677907411
510898527
989187842
475928335
920410830
632813648
306343152
986026232
234866123
305551732
598875741
255484307
869756896
404308169
696893674
688839318
979450532
615788536
82565191
405338684
407219307
521719710
186530641
610436223
778475367
110705626
708337118
448056206
889513294
660392184
615614775
964115236
188853138
542322616
340383665
50459663
121488880
31300636
262379321
169732301
625834333
351349808
264480532
336345873
298153608
997771623
654750812
154191945
277987324
601579260
60278118
618412047
861323838
16641494
269994444
186003587
435723664
842050550
333742874
150765757
349333001
547687166
413298496
453968624
500393610
898607612
148456895
581049596
149994749
351513710
159855306
428913070
722249311
42772411
707123103
128165909
677586322
286153360
294656500
959579833
25025083
290779499
962629636
456060850
89432441
918826254
755862359
752835166
393620252
198305539
872199919
925802331
567705053
891682824
764215522
456733489
954065043
711959808
239721464
918743779
414098198
526942953
216389766
240409305
755632892
109284292
94619105
940891595
246060779
937212033
159455567
605312444
292094856
221140841
826945047
689328312
793730564
900893164
689624360
667990807
694682740
29127160
535076591
50953012
126707290
523956754
368183413
714056221
480947274
277646684
820192992
48784452
276714820
929920597
615923510
978873454
420914268
299673630
491676025
630181778
466346978
888111402
882505064
450269404
208123992
582791074
531358663
154037086
460682430
529437971
504919899
576494274
294539794
454458750
707644253
436905895
932178877
475942468
507798213
249798522
308224092
652559315
116427836
340494773
634942041
957752927
583200417
969043174
162201716
136538547
69223090
617800631
908262143
624472269
217106037
474806037
650531478
492671912
363460387
169939225
184635689
390074490
702414969
315861449
794734071
874408915
150064571
402993227
793066763
329785193
196184054
821886535
383435377
675997867
281368648
461061844
977245130
241420369
143193829
44718745
835205285
912986307
928567694
603873865
448714812
99762815
262103074
927260563
23387411
460474823
838884341
660684382
172800277
972401022
37551764
803751907
470506541
789104264
571821161
148263033
220953171
901514152
9343779
60596365
427378493
330400870
358261488
480291541
527436702
54116491
28603839
216389172
110219774
673329017
722365259
258013711
881498577
926816797
182838500
312613401
721903651
180091346
856633888
844271567
824334887
404605125
116351270
693354394
529604731
107215327
423376782
496157482
120929745
866133703
273597725
780410515
410040847
255189851
86000633
581784983
272682272
62536654
174815546
555728157
634015083
753182454
453041706
627523509
123292982
709011866
611301865
794178351
616338776
816765718
153104412
774449184
490571145
533281577
234360194
955908195
455109455
971654669
586812406
478649069
535981372
552639139
149169977
371537692
593108193
863378226
495062033
905975981
666735731
124247066
432015
48831878
650874912
514054755
92502590
404599652
865299492
325352020
826340613
101366235
719688676
771644154
750713038
261837043
310862392
168733152
887462453
749352222
108030835
285571734
422791718
159300427
774275901
992246117
126612313
950922971
933443595
617259951
304183376
109454773
20995906
338409994
57781040
421346324
442974415
662946865
1460209
511809402
139906637
694324319
615942798
402989166
740193936
81491714
456585671
330581691
77518035
504143983
479022469
724888817
488867863
917832499
637139337
146434603
636217644
477826493
793638863
338751485
147387633
909102298
479978455
108574364
355976417
574047690
10385076
560436847
492558838
94120696
854352611
502094807
20975933
796740132
18486413
824387953
961452899
597781010
638663291
114651669
350556389
693684190
418617300
268093933
537376904
448085952
755650968
817099689
894045686
449431430
969138402
747944815
547149665
73115735
764827248
304705834
547004150
578730060
68174750
114959235
709263757
10410864
843054255
478079174
524720529
344210056
30756866
799352110
526075623
516560829
113834256
974879034
774012299
376931656
388327169
663901101
863286267
203418133
231788001
215203157
298826329
693670714
560715088
532616301
927925809
982318825
880912997
380111520
107645680
653788381
578295740
765712353
887115025
115539830
973555969
667608468
717632855
74465404
975346562
520663215
282234067
324166806
312403085
827328364
167152499
983916125
402641366
745773295
831319353
936835313
255735599
174294104
195791030
528594657
560074503
686068375
368754742
145432962
754450422
81936433
377825826
397614112
770608476
843598461
611960502
262354637
68375947
953871217
86307833
334799043
120654669
953743489
178399963
549932588
874991833
961116428
510503074
812420089
318171297
293679430
910172375
156699767
180088170
258218143
76295195
492116290
56202711
269880971
945431880
686450664
115153799
511745562
141202791
350360855
699974344
587356228
694110428
637674450
483039004
602204396
245497458
18347327
955951673
780321208
670085771
157260414
163750969
466025532
735545726
568365541
211160232
221084212
177355310
23638112
90466806
186969233
596746995
886664387
208206393
806879281
443352786
731925826
78697992
869197894
271882781
636572880
781509419
518942443
957692819
626013528
993763710
732486915
491090974
573147132
147855481
186234690
6218704
820721766
607748799
984984903
774418579
908787728
107258640
662560930
844560583
467233272
130022983
580239337
439353003
663482956
676030456
627813289
212691394
291192233
865951740
669499103
560462571
552437207
423605977
202915316
924991367
1526355
723737217
508338948
180758221
374460925
203825216
873295107
691988695
278824286
897851398
340794894
486838004
481720403
993266245
359687124
40006559
978849393
777021619
353415360
915374644
557402358
178869810
678171986
680179353
641315769
344588448
120097442
862970096
478099497
680481487
225791310
290863018
525122255
550494190
18326212
679125891
916745147
308573863
992922527
330156694
680401672
190856400
793006882
896900597
27934276
219669955
163017687
797959949
139540605
879664588
834468094
243200382
339241461
22290720
503710813
962043397
254916858
29926306
225267304
980892193
443494389
143224066
230270688
130074965
742191210
565310582
160465643
633361685
941126533
567605759
664640132
958561449
255070419
385488406
725500705
643438256
574954459
798875905
185076326
28920090
592699001
802584013
959788250
26075476
331113909
574190693
25303591
159689201
644542769
910701009
468034047
702958047
258365281
962137441
865504900
835234694
551254607
795197445
710270617
553341672
300685585
482890278
49540239
229225369
7645524
769056291
281773136
141163632
925752349
29439131
275953078
252078882
660505654
424953518
236729228
76864368
227793595
403109183
770733638
79184370
889337371
258984985
45500749
457855685
91350594
757426506
122866548
843759710
993670158
296900364
333252973
55486734
67870154
967104307
667178419
753317473
395882846
189342442
591802982
603027407
513996101
514524253
672860236
215038095
292942902
333110692
378210288
511251094
288037159
388336431
642752473
978838349
994811000
638738933
697590310
890410745
233989617
417950657
958399370
224008681
162079686
197824794
275624921
316146036
916298051
802819195
295831173
357582277
411765294
346255
445836296
480230516
833297990
236574350
146573886
67600627
4440362
708848500
587642414
282336294
392719301
435546782
356113993
818032985
36137959
386102841
922036694
168434704
878863233
986133014
964980515
635094912
589676179
148414468
621430840
696937993
943586905
851657147
510773564
508730539
231659896
901169975
252639575
630317494
850510761
551713340
486090523
973237419
164928311
325983504
788503860
753049893
339116222
304378021
493626091
680535808
514910347
651724777
816576133
456374181
429746633
795487748
141005448
519590586
579893178
396525111
328944620
442137261
730633617
270611647
478802401
662277190
646822023
883179530
782952503
553359316
8996742
785378340
273259711
333286432
720612359
444522983
575349042
55737491
355073225
897232477
275370288
778049508
964268485
350557229
525338096
596424106
137245712
124428102
700499168
577332759
70126628
554786781
430414721
837691070
465178173
833256833
953041076
174511210
853134742
893325666
322194147
748641803
123772882
387416436
517048076
354471358
689861355
932517396
532311374
880394669
750060900
732435815
681168370
850462088
461803884
859417979
51941428
613293289
43785553
614154289
138964330
686481881
754363663
419925962
880493148
419841646
445928037
976497033
568740262
270043699
158898435
682430725
111479990
261150274
458413029
105485165
770165572
149372140
171393778
221463298
464083176
462861989
705612924
240477872
698298983
625299886
871953184
741751927
156003934
389552379
48050883
764939358
491162284
86925843
536649563
524180808
252029237
811770096
7543030
402806187
341536506
469490208
243147208
899516914
431985089
856256782
162926810
889509770
140396347
247683921
959422469
255177213
456998344
568808147
487484654
547948033
558759448
796327476
777391088
383522961
408006765
10792252
119389178
889528309
808576500
124530905
798925363
399944077
801793144
899215141
10561102
469802408
76940463
432569862
393360057
157921824
779138722
446049652
114930768
568650792
930494200
707991377
18098871
471713093
638188792
666549877
984793714
307456400
395457212
815901133
481710210
171572585
166682908
463052122
996544603
239074426
413422151
306110482
552658288
886850160
694812382
588187158
201004211
141016294
362548701
607381402
534971771
286457215
611552537
64833021
696731513
132893627
591957169
325588503
688104751
170181359
719147473
521350849
286660748
319185999
639954235
582607139
977824803
409814357
152769016
757752416
642803383
696135147
441999092
215420361
727113314
110408563
223350240
329657432
750146302
105810053
690991685
37187642
640868278
38508431
116765156
791514601
656276795
656673406
953436452
605468411
870121685
941171955
813065896
582315851
398007935
930894992
736135267
116189873
934918512
377256865
973027230
325117772
91116919
531924740
802794997
565823341
994177111
351037922
590654581
217977856
557450433
439846585
140333642
861732246
304095089
349384582
529505784
664458158
359718380
184235468
508351661
171263383
380151510
663491001
809398098
447986558
809807165
80050450
524083773
259087864
982259808
641457626
916472636
833038758
850629440
150404012
969447394
551314808
346651902
125487293
788866169
858041520
438565080
100782080
518029858
499423742
167925988
919204548
978407199
324039602
995256464
236168672
331527432
885124054
461104481
661879080
536132751
570382908
147323376
128797684
566528617
356060298
239881624
416150540
516108370
396066500
942500580
979755319
69428069
724685747
976678552
616062414
343840665
868402120
991489383
68123576
348215835
657060153
751534161
540004780
148592080
188468524
298492474
666647696
947496243
553156435
88261117
746310076
132365301
140835337
943423883
895230015
342484930
645119463
425093966
118094362
783545519
527973189
697817127
656264940
701969030
860734933
730833789
342721853
364157572
171602845
769302577
133671462
867236424
262103281
933221598
73779584
222812650
580613135
801220941
590023817
996208318
511702321
143236698
875555753
429446600
227848343
348665445
903188609
910767344
832215225
834997235
331171726
554594570
14165228
956260844
206671720
439603103
510291953
601377654
689927805
166422746
987978009
200812622
340225487
452919459
878524703
111441511
165171194
766886463
348401423
758936852
748734173
238979539
799365808
867077467
186181110
687597346
764537527
842984
115462693
294488027
783756959
870941566
609913939
229572777
258664148
755107966
344961920
530583319
628985620
422622552
372707346
954101063
607701139
697663818
287877917
561517566
613594656
896909441
170283179
33724035
527180011
160496251
625114954
468241907
842585724
464068928
50940907
703203684
504140122
336879404
838121148
994014646
78756335
761810991
620002626
18197297
21330279
417217034
199469039
395352879
366581065
544071369
886114264
398069633
646212183
666747125
447401831
587385652
362219582
534639675
483373779
465808847
572391429
400750053
196807694
12106761
275981793
169833736
113746930
22168052
315462085
968760568
292591674
435631462
831769832
553666448
22919625
95285218
951790205
633044664
299892071
571708279
128330401
302647187
715359209
810990352
668283298
153082278
577122832
41562699
95793070
730883176
118997268
728909145
566793784
971123580
580118247
204441800
320989170
683855999
661380279
725756454
208662583
481107856
293272077
424902767
44130049
157447364
929082361
276252704
906030639
807883186
76798445
760009301
765079654
779061686
403146702
121661385
959170139
538844115
174360049
458553787
790029285
558506067
616742434
910448527
276611568
572666724
653317025
107703089
225249406
87191753
425154639
860028583
788201323
128356374
818006233
249149570
519759787
19369952
186372376
691772342
99610661
222486472
139917852
472362123
310958286
765116542
86934093
403181725
458904567
28576611
336549819
288822944
660046897
913549469
309334446
195786970
4773472
57661945
961417880
660166553
792255886
74391848
932865522
356896907
75966947
907886922
817980702
299963252
75274424
534708994
809063488
793525327
687633838
6660550
53280304
24194524
374137256
23921879
957342521
19447804
378382578
460026411
65863951
28637985
810307777
79396882
971143233
281300105
788621367
872208093
69237645
334368137
487865776
300139409
693579078
506885676
483156712
505314191
733797912
486798411
286655848
182918152
670047915
456795948
768951793
313639291
426949191
238963211
13432655
892932004
895244405
677602180
757877076
87424216
922240114
938804408
219298307
176941797
368325558
925984614
640671012
137489099
677474921
130914862
511167669
373982425
885699053
126776134
81683446
611722599
417069704
656240414
24738711
316088485
25303829
810484575
568880436
54519436
611814883
976494669
487499453
916486849
223030753
972571981
152879725
114226596
76070732
707836036
530650666
404559364
486306729
433496899
715711377
732143668
288476541
162339122
776013114
136331090
843707534
166435206
644339034
990286519
444431608
349393266
878990097
550578470
827955030
967926641
270847686
628048224
596797499
272876718
586396711
403583173
132158983
557746278
737518192
730395936
72375155
548275997
518499455
757293160
565785829
542423268
165607199
347002285
926414197
197024492
572352340
888138573
314079430
114523990
287673510
742894693
860761596
44795413
849238093
470113835
709720413
112044971
565480028
398913982
753503429
931677464
526186082
146388149
860411996
160363538
199008678
635501413
341440504
213971550
267114179
598999255
288390584
195519731
647763551
546103237
22417924
165789997
197325344
80447809
348486480
591422489
699132417
405889091
269576750
666695017
202398613
779537609
895963154
303684570
96153475
810884496
582369017
924852392
518630584
157551883
894974252
267287165
82258393
863455477
109804449
100532245
815384717
148330957
740509046
401216060
571536194
204933792
566902021
567203443
437722401
878844159
576248597
422461931
862339587
905505625
443343951
529183988
744879197
100031663
425802572
783037140
387157689
88860261
800763539
418398278
369990312
902068685
664834841
978929911
289208241
964775691
453996648
390772480
916221762
812665735
741686872
471222877
376875280
90955339
802581181
510281328
768127392
125883867
251108450
244467882
171347517
775408020
218287650
254164855
21630617
623242356
86580197
786312615
756255530
193047102
32845183
527840217
185219709
353451846
313602527
82452860
917235420
323108081
776786491
692921067
881671738
550352304
616760797
735572005
74106256
973701362
991970332
764265212
943891125
184581603
648543763
779227229
613312717
814463246
81548945
282643436
496760742
246780033
325060001
888766223
439911877
545022855
610843050
209876237
898116100
517904330
610834136
506434952
647419473
485515126
553899526
933613528
370765720
35078274
446094716
682032863
211102770
847181854
737355261
487924156
914918452
832893347
522034093
655010677
814820215
665745075
938638939
118632032
898214500
602088369
155917259
381427394
660278924
915592885
360865049
593022472
944975825
856645233
458075351
82002227
423668585
891536229
594383208
931797187
333654954
914054704
419437197
992299542
113630629
243834287
677052133
643235839
591834029
186931678
160678052
462058587
428700156
884066613
190701993
910997990
418072406
928606459
286378271
510337215
132014698
188787136
133661892
633618861
568340410
873617468
429431000
890723350
670591309
992684903
991038199
475882737
970391531
112817345
357305001
24141780
385106209
782382289
606710087
177508928
1682960
864737015
676358680
755594623
771305288
428358556
99122649
865693807
931460368
261235764
88673734
251788552
387639508
571283997
739408107
549797171
37068016
398752749
269722367
272682876
878949141
922069
313738704
92271309
379008999
826174972
842733947
2843240
970847430
344506464
645515825
931867795
551542476
406773748
595278368
391301122
657724694
830538541
973463445
561704453
686644787
530728094
475220837
6452331
915284438
702826885
806095550
606039553
321579373
661526365
793048137
463324416
119126998
141283048
396782599
688376836
18452106
268667185
488812577
245247271
738998473
411431306
579546660
315014542
5458357
314025705
251432456
216907288
985046529
987927803
947674703
421330232
635369478
187588974
333958848
451540196
413515129
700562192
877920105
530614843
263530022
968851900
648296165
299159055
69160137
423982635
573669304
711174669
145654219
400549607
234301998
758619661
465016259
878441879
940075442
648773931
633773357
716458119
277980001
31158156
445396900
225416807
178569937
593572292
693325584
286511690
42587943
354106972
685649766
397160460
442648790
991767880
403948675
549860258
235314078
46095128
759818233
239198880
366561161
480355150
542886837
63287771
96473298
370517444
676575500
981756317
339496023
153385324
383397375
517079982
821464645
13752793
481283239
888411504
429816351
392743151
521637483
612672465
141292484
450459772
563853940
566952378
891322530
824454170
5101869
506342939
328872679
178623941
869186629
857836738
375536618
83816165
175620412
830371402
652198035
862647798
797911187
696164435
334762564
96575719
487363080
898908660
70596053
133142957
426957356
717991671
746877757
527697592
243910866
929421652
29660832
581838766
513759214
666215541
520284636
845446038
42799184
184350916
862320037
598977512
146146406
354783403
768452608
781323250
794282592
974089914
943810724
528758217
797760772
907588265
595998131
60001485
577714494
22694547
838322160
580816108
550854481
675168695
577911627
228284818
413205377
565177386
244551392
149268921
732071601
843899670
457560557
720289075
311094104
917187760
866028638
838040739
741076377
667515897
949693745
934846380
889523123
159411513
582062848
505008838
155022689
966845803
755214427
681717701
539451747
350161960
613152835
361622217
967034980
963438391
156915792
292416493
113360270
601821394
773655867
451695225
190461412
692364127
672886669
259551463
58265603
153782266
927719821
245316177
904003980
19380414
564991448
473934965
122336810
119683084
894569879
512103239
892152619
244619542
961667366
731189270
380985055
747179510
378439707
135811608
780945266
2481385
240125313
837011955
997898125
812577206
509908645
965539338
621886616
586579957
698196308
884138795
944995258
349640671
81498346
814395928
346561048
719797348
42858153
784016661
56318559
894868052
38585035
611515526
383264777
870531343
826523401
438921071
142896165
914655288
616677960
738773200
739297786
562469915
638375328
517853099
972035878
724146782
114916531
230913466
31094483
3903191
126826621
540354415
125086604
950588406
139536561
875483149
254462459
681626571
53397398
682031754
709200964
481107456
533695200
91442923
484618077
380371827
514913548
956766581
799229945
121018959
86691586
787825260
547571456
309287157
418398295
397699898
189056038
259436150
106079463
539190749
458575169
437079273
165480370
174454627
52410199
151927511
511206382
792827494
10078169
900582856
33258086
22574780
296847569
352725905
225210375
509483903
884531998
25143825
73326845
98031114
443845591
28494060
57978976
249486683
176709358
850085122
542048194
414725594
888070864
864607967
391490378
224425271
706178834
933613617
516316869
456541962
209338409
83134525
677727823
726927062
142564668
578580584
962033749
10262966
472561234
906982724
889625208
941937393
926210216
438312710
121561477
942437616
735963781
258411009
734402545
460727097
800648179
137012606
389977246
905151283
571772375
784629696
96408824
207607029
107045983
682573458
677077439
970653866
975411420
681512655
393361000
242958815
777118553
910950993
222715534
816014229
805733669
404744198
577239677
593490654
86560953
690356550
667632112
598959006
897080020
406913461
242262087
791263603
354849544
435280018
167076693
953127212
474582833
584474550
319091948
758075068
429474559
739126454
433834034
813620361
579278810
192229241
347667858
571177966
746969729
19885870
392194657
730110429
350124384
638446176
57697658
2401475
255007401
913989623
311192479
359678613
745373524
828076659
185612103
148541009
986502908
725264115
494284128
13174269
536176521
531027719
598332809
265756586
875113781
436975732
539943427
763284912
698699693
906650140
989994636
459720665
869050946
820472944
171341600
245796180
180360148
108688880
810217235
179362400
356125319
519255890
252825781
299065408
437735956
630647083
516076292
624030578
409588240
312553598
118656694
135063508
169814741
882561043
48416804
776089914
329134030
888226827
22634041
164139297
572116628
931502116
129781424
563637200
431110896
43448903
627189016
346767611
876227153
122874890
556086764
505207973
924570160
793611153
379656666
786084374
73447115
934486895
357900663
223122128
864693923
830567978
180051078
854706614
940829957
860366253
133863738
318917423
898307870
306741851
82928009
198728203
752500940
3647020
805061427
453965064
395334373
417861592
883632388
678248298
911618301
263258032
378646635
706525146
745125844
191139217
271699065
431104127
266257005
601009670
650754041
981185395
778268029
401342788
67958155
196369203
799783109
555767473
602482535
821958363
890501334
518134854
766157335
421771539
563577777
997722635
781160776
787769714
313500418
624413543
857609926
961232163
717520215
212311385
736347602
498311361
242437260
608278341
401571484
577022986
547991805
1297980
595951052
337472717
415089187
518359477
730034415
697045738
185119013
584471799
754726747
711942430
56804122
461161239
833306919
156625632
303762728
600140977
146361445
15123553
352961672
371559835
640713823
683851854
677950374
675973017
840077854
453828141
449623400
977874750
285781960
885513071
568681642
359254138
758920707
159387789
332083506
193238791
238074
118236062
674341485
971516165
970012113
817538204
808360636
916458688
305304114
316712602
257931825
797989614
93099599
63038115
739467523
539811697
93586026
862402832
218529253
671178416
261864713
402411205
378599819
312277562
902310193
259276764
115679564
420737035
878632499
371936493
585862015
896595133
948708857
797871244
921791581
25260519
64086067
815219809
484774739
575340315
223050619
880373424
934519558
368299085
168144441
31958470
775546849
724720567
779296979
831806975
377661337
692946923
980345971
526232889
427364453
705121074
190486802
753318292
507753687
994574590
184906070
428043785
204609547
55389528
806421811
52414607
661385406
730078166
291760335
372917618
750744360
679486615
924178849
887352114
975791778
773518747
209964861
707166916
876526136
847217289
751717482
536267903
748558233
25723279
282310061
46905984
338532275
819546113
741020346
531726486
345329932
116650415
261537884
182141394
637907943
320378358
421084361
858693927
366064657
144421541
963398654
101699333
662492887
945670894
182372127
442526535
710050198
759322508
689599429
952940317
667845917
929727264
378144857
287531347
55883606
330037923
653303114
908028922
807750883
782421938
275498354
294903449
616911922
52684653
159920515
656294182
607698468
72350249
925422834
955558310
919104856
388684986
408390910
450266528
861674856
594515477
867992538
876236417
895797017
722825101
554150934
918802794
458304445
895042721
858285676
71527523
192384583
556780153
958867439
809911449
506453935
198468418
975919266
581322896
360414790
934909576
736951686
711358914
609947297
790260938
808813407
281252042
440168065
904339470
906244440
59493406
216718788
414665325
327499011
167801614
224850368
340867712
277173785
212325839
683938357
840290163
885402081
24546032
702844327
206127964
479913439
653357180
955913406
90880711
705831360
491934450
291347325
357324527
647724328
383903197
431137388
870046064
101358616
540108290
758022993
767857728
488348016
707164268
499089787
134425253
917224893
176460333
805540625
245414756
714231825
18840700
345946374
565406453
277659067
249355193
784563274
20913711
945163374
584825170
509591709
253399659
769068566
756448978
245209528
357705375
775422730
688514641
219272803
760114139
221642017
224407221
90967138
552786254
839922620
491557424
619140336
707239606
853857442
600818835
525846810
971875985
15880602
666504247
754012514
455876963
212423834
408101114
850080478
458483284
305008702
847009535
923595186
724816365
15886371
48879046
245382926
362843682
20396718
181185051
872027520
480267826
965994189
521829262
467541492
322126706
368415119
59799132
248223748
487159004
663707096
257005035
178778953
789539000
571466433
807891411
539201312
906159025
346650329
383940370
671399425
761093710
106207618
13402369
24289011
673506122
755141429
49635409
834381470
117580160
303184934
286015328
216661042
687286332
605980676
331370323
122765700
241544267
637766193
673005905
905307390
606676061
763149366
922096374
662576329
869953918
197895150
569658091
769488275
994501468
350411450
562201056
792256115
610329629
200549896
197128578
11207304
540935367
990463914
513143217
962004291
395906337
506824599
466044060
339855683
197540800
183400715
375984966
592621173
115222018
605225595
665110607
736242591
336002988
889985188
94154931
332232020
627204922
520529091
638449855
468455184
938890041
979375811
915162042
450709379
374537890
366380329
261740302
635914818
351486430
836474483
749353466
287388537
705369268
443440937
707170857
427414516
440262509
311030881
648432572
528243062
480266683
474116078
691106055
860062542
986274784
953432606
785255570
773088744
297657547
652034628
962034738
524489779
989777466
221821994
640305260
204668320
988929916
305873731
199196503
730144802
907718165
777977317
57288060
297873859
594560828
687422259
579798649
503327765
42816383
178031726
253122179
274250188
267007427
650779839
374886022
589108899
451446585
648543046
264459539
434244731
471866988
746402953
557788206
36306549
633591786
752104705
935955410
32015264
503433443
173848249
185177632
463408319
293972411
385208444
843093473
229866391
460707866
754820879
127234540
769686541
420858918
344683623
45556946
779779050
899311543
580580760
901983169
107277824
816317444
107612080
466349862
66628251
783709672
110738309
693918107
563960247
871152012
414792486
794943625
274906235
363576051
77784555
460535018
590840603
888451303
940406735
676237296
46116509
17133508
333262372
552710958
27420288
561947323
315732957
700580938
37207914
897702349
169152666
364795962
378682452
717172486
452555366
216819879
834414745
139498290
391384101
855101025
786852346
728942787
987222071
70026651
725775924
451483643
434424645
428112337
909511025
97762837
950754483
905309729
810955749
25719675
801185196
958983150
917942970
769775795
406171528
629657292
11100483
627161485
775772676
677699538
205609606
190649373
333101452
535242822
516665234
890473161
729489053
322865473
880243261
725781018
806594415
255952835
708869463
384946363
34474710
383606940
369618855
220099672
522328975
493213867
804288139
614142330
823797057
748231107
804503450
429568389
244914949
218893710
801390830
125481508
421574697
533400267
629533799
506753305
450087496
234822892
342281935
714520090
110128649
178949358
928224174
152929073
713588837
453787387
6429466
367926900
698947798
113771288
221842335
328275500
621157541
727682079
99093443
540730760
213305598
856679059
521230654
535431050
10641691
464211332
801376407
346943496
538755594
94554234
694035459
238823661
621936416
766178121
766989411
973671384
735606125
400010936
77799985
760488987
493106508
675616127
516741052
979735901
244063208
805383376
282195842
192904234
917368507
745731161
571586234
973641187
964092537
76416302
465491915
298877906
88286428
82471421
553137240
50989676
425741504
496070029
966994263
597750914
133759935
83679721
580039501
977673293
18366145
332145718
835627897
817280253
401683436
107916850
91330334
364287033
995544154
980201030
261989579
252200187
145997848
355390452
497706866
627904855
791360838
603872178
501696217
406692774
440664389
623654099
592078127
42607246
978489630
294558195
134769184
885658885
332548244
175414102
418512180
324923668
678566633
267883511
614958140
838561225
270460419
803497666
526756206
831575343
974152508
621561462
807021412
876527752
899890316
