616118382
123734305
169453288
880024964
13187037
959838379
35919867
93025157
819459015
802678332
180136366
623206681
183841357
572083930
744653443
457158889
895935418
310500640
238380882
385517706
419270407
275477925
493693651
603221176
201843669
240365023
863738171
51564193
544166112
244937178
437309321
338507925
668602053
431973049
493959290
702920393
741355231
264725380
619231317
127026808
738737525
345401839
419061197
937814518
535794642
217626116
762282150
599574763
491127643
474182915
685108859
753522110
535927339
909509530
584631524
60817266
599561988
401783757
89845321
463696194
766823583
469191733
865879127
6358317
420380091
603494875
495033618
761892514
472826888
467982835
176607158
738930931
440239606
102790025
294376688
341142931
14783633
917833050
403319625
853420692
958159629
703634605
971844039
428128796
982149950
502967567
353047549
402410800
937785114
884066052
617436323
710862811
641249594
43814707
359926791
544006836
785812820
402594879
309581558
461255498
688815285
594668384
22873532
307655778
97805974
865047789
501182441
244532529
748270184
296692855
72058076
143762866
265717725
600608838
26428377
982086517
882443670
244530707
705470446
519072381
186017852
834516970
371229212
871838313
612589195
179332076
595373988
923915307
540635233
735013818
280789046
259243013
113796901
171226931
42344995
302033152
453396935
806793219
688816394
775568723
777837314
44401788
302514000
12520026
899968101
937719317
414848437
14937875
108982347
882551830
586976585
575909
867316544
393920015
458129686
233618457
617688104
452879433
950304154
544854351
987482413
878614230
46858489
389474829
693998400
30024485
964385263
803598850
921223918
882421282
468813394
379876482
401925133
399727795
640575584
822837777
502685269
372580404
430799540
90982849
791379835
667190787
493958584
603738232
750518112
70445184
820822202
932990394
970472318
849309146
407082258
535194546
799476491
467340890
428697130
336683446
327431618
510483431
899431911
268860747
439619891
584864928
350845663
764053104
33129172
528250213
422955981
283092161
138816900
532215042
711033396
248651051
881839169
258703204
606080281
269628511
379492421
422301509
109302141
421643293
677675792
68063505
948418163
622798234
519679797
255994898
210318582
357316236
796426980
436186078
623464770
890284709
94272313
412484626
774840485
128340828
225169670
567147991
257851758
614734233
634803201
15637191
216423882
619586708
614543080
731811955
623143781
128402512
389221232
939646473
894454131
568116942
991394543
553864133
37487923
626807929
156906167
91369565
195780993
461145211
478171629
324490743
724691460
848844051
468497355
314811080
975189465
502690545
28662973
531227822
840698386
938297708
972690415
1787545
669231603
377365556
837916256
862433199
356337234
180902818
604438377
480802184
499175704
132130281
308565139
915873674
746930311
49553195
146144593
937339161
27455725
163076699
713877527
791735787
77270862
386554093
753052630
495091099
693623036
660546069
252922201
264135240
220018893
47563216
576720150
909457749
89625019
658272713
91792640
823019285
48848090
153809515
436585710
360600330
866501765
37341754
354442700
680661752
340227602
8411548
216767641
917331962
305486855
331386529
645079319
212042421
476521405
481202096
103405010
559119999
343559266
882968833
885751117
944608911
572122128
835210052
768798676
500137796
34588827
1300993
852949148
752682156
687436365
559939470
30367095
159310907
605762281
575797418
631414259
762746684
265310418
112829236
725885118
861937186
595761638
43546502
546616795
16810331
103392804
32902361
144620466
939278978
518465292
190269460
727165846
72109699
161362392
274973781
397353603
640174620
341267007
965169398
826844369
501690924
149669929
730558146
824032411
635745482
543742809
585107079
373814894
62842654
763455776
39764136
753674103
951198785
822654532
528298396
542755319
984969321
969174314
460755938
896557278
485635207
855381387
980587507
277246132
504730474
202886252
154618528
245570782
550289863
756188655
801255854
662563399
650473752
496086369
699060526
8496791
296635381
309938403
11088075
622507405
569797195
944774559
262712578
258766734
697457128
379766416
151302954
924152542
707755887
629256467
964729503
223667389
668379653
466645985
134660306
289792395
838850049
657495107
287559418
944180041
776664633
868274072
168144502
163315043
722452382
62843503
79755228
914557408
480817155
31790017
775012507
199329249
545793846
185317398
287672687
251122295
161369257
715477311
206829832
358667831
672346287
426389853
600757644
410241756
504612384
149416158
671794936
39454080
393485063
710032692
564374207
768350128
114572850
783569750
91292903
645078061
974420612
446891500
805689018
376686422
223453964
645887074
599111573
698667289
658127142
16973065
629090197
655307889
773808753
198040568
724695505
811052482
996041884
611374967
687009574
936049833
608906287
145763218
182549095
682048703
606901607
88370424
598743116
147783571
333323675
642343400
296002024
829722452
139207502
434789968
364757484
485955706
996950436
828663185
608071245
970617765
85567200
531954281
883392420
756481374
984066545
741562637
996686359
793172837
773223313
437272144
786149175
958550175
570700113
725218735
267862969
716553365
178084378
803790301
424923657
900877347
817246261
352302596
5643452
721509638
705201340
226382097
409944802
436780851
684304979
782754346
525078032
98383893
386165034
435980270
800155145
912319508
289440401
811117412
957902219
192787269
22652010
96619093
182535154
254983442
537393597
673340685
63416315
603230851
221947562
914046827
7032162
606555760
665832762
330323762
918024707
182481155
276450989
24147078
866547152
540888805
979559038
229632747
677000891
400144955
364843491
885589783
632153264
833040542
667468727
291680844
407527360
175860248
85857333
430018598
73753303
445367485
847962871
250327784
484528328
688009592
449546305
613389384
669947694
197733955
915104485
505158050
77960971
450667213
955138542
254228401
834408407
128257397
243444925
361816545
613893091
109271651
89231351
277257120
577032828
728670558
584754199
626421692
70052877
727943962
249261728
243065679
96093782
867965969
445579947
69311872
13075270
192071068
317569250
660837297
177729948
795558925
749103309
467627095
87721015
673280848
729097658
683707778
473220782
61898585
296873002
509175811
570451782
493092473
970610111
205668458
57583575
128357053
685564785
751107139
781912076
798703369
628247971
325571441
800620716
663692377
285075910
942221131
781800687
47772722
423141461
721257055
311258162
426371806
297727777
462284128
691657432
821357461
640419586
288641941
41897487
397763394
251347256
790255606
354740016
518505737
163000269
73008042
39548836
682275989
181350813
855626000
206654699
509638286
469666852
678819143
233825407
14512203
340956146
292722964
292592370
7004374
316451447
104202929
518677707
271410122
905012694
102216264
61519619
11553054
975089099
491882060
590103469
23138304
252653578
465380188
837082122
850449014
528683458
225485908
140348463
8424317
373905512
852468119
363012277
543840785
591386465
133056658
462460025
693218334
594689761
90265671
962958284
585391984
253658919
242240394
674899647
629882975
131231666
83175732
299515214
187421503
355456327
86866609
772480245
958130223
794822558
32106070
702860562
741726173
91068300
967880388
497287278
306195681
36228800
936319543
466864207
303389310
17798051
481179743
950280395
201273502
284114801
26227430
859042032
229711937
592161410
971855487
388533798
539724754
764134165
37327865
235921719
67172496
728390090
276762099
536000574
460179131
657327309
378043281
360775377
424639645
575914900
560490923
56353279
613311080
364867704
352950222
655392155
14749596
450547806
961882510
241979063
249730072
558557866
596990566
115889550
643656026
936663481
877765305
295094008
866261101
870397400
150244319
430812323
594274336
108344329
452693890
161336059
926201038
798034333
576363589
350892321
31139785
570912153
254658539
808483694
976524782
806241557
334697079
360357643
856775163
916454612
307019981
921291184
626704537
140351451
685058078
771745191
675137757
723128145
753215578
674372263
639646096
894047300
33159713
19355877
260988616
684900961
169172773
207057963
915126995
247325159
265218607
157099975
32286562
232612023
119450594
700779970
969325973
975815890
333357348
422378785
124074267
188222950
275455900
811727523
64619873
384255009
619268218
602312447
516209298
877561452
200424896
152073456
777234099
989181297
211761651
810473500
682956180
344808719
928054239
19154802
969937283
787494554
673868080
952727338
401683552
367647248
951138386
572689126
522759562
613125943
381584183
29663663
209403596
79940385
539409563
90111782
469602343
244123064
198366599
451483155
785663766
221061566
698555276
719748816
975857452
532776465
248420315
355950144
488557869
833657743
454413959
414022953
788674315
678941305
228518026
16070323
433426600
198787339
441647896
668912606
485061619
240153685
187715582
92990594
531428980
670157149
564926829
39353327
177904299
43384981
868101841
38329765
387015655
512671237
443177157
164556015
852407790
288898262
239067547
853732379
117132331
59013664
785713005
143589431
787570205
322686692
181341852
264265705
323825053
477344628
497840541
674081508
27185979
691090003
782789438
49090928
9420225
211880961
768089331
541546551
897298392
542809137
25411434
584780738
600606424
52228989
174145388
304169285
296204018
980842215
215820818
360180183
659560719
202570206
420508721
100361026
118896050
286741743
185956297
868795781
638221100
936298046
747375315
500476094
244603934
609534881
19710443
763753144
705238050
454814644
182217069
823450294
717966756
988148438
477952824
25110422
220728355
700812534
529634163
11911762
690840017
711464101
695823166
248432035
462218344
7402819
651002018
772322621
115392406
400606219
929535579
758743380
347495459
239096315
195709267
707166086
152235037
588586646
840121089
435767071
867723144
989365535
508394897
82086649
300268555
370322244
121357248
451815095
451268275
608837339
270798931
135915724
445543996
50019511
474195023
537059444
128324985
385774177
165921183
296336352
327058990
888354700
492464384
228247356
931371143
847737788
370367099
284486401
680709539
926179232
266184915
195118037
685885971
288736760
264283238
580525866
20173590
776953277
215891715
178973160
527337273
474551100
394580331
101636842
539849707
1064281
369714225
753166321
976701389
238939341
617776652
484828219
646576548
688096974
387893200
239255278
738193132
74591678
863838569
908016863
37596641
794610998
402986196
687463352
300169883
376594062
176646837
33371734
1581571
42797211
508525056
675233211
239389284
862697025
82151752
297125201
330906829
67213820
175476196
302355462
370852956
705740304
607941634
111640118
105385611
732290622
504980903
951309337
698795619
696804632
284884818
77871253
491281030
908558197
468212528
207638209
563463061
719021182
961335043
129749985
4803992
241073689
611109080
378962407
585267159
224753240
118017575
565045691
312961685
377868591
914895496
107687141
617286435
163663369
966233789
954397867
354100299
383031022
105763463
839143715
245496886
310346826
401173919
521070133
829498194
496185513
70268206
803686204
167972269
615545898
976217770
643212431
535530295
18385949
576412622
660927745
415774848
153949345
668556988
457297485
305465823
443135083
772950794
744244148
45389404
951692052
570151205
207635152
500866514
229492929
180502133
511759340
76237252
961809122
584786046
803286290
642135231
745995982
584180562
712293614
84410949
46619808
708961132
764043428
535320154
480475350
651161752
512032325
819152759
210498419
868878656
381457173
267538757
478216981
472326134
937760920
71284595
849730176
510894372
336425564
989198120
626043079
182512596
331436468
989492391
155204992
91374838
773359868
221166040
866647417
737488528
127642158
805792814
778038516
270408402
343922406
719674409
16404295
836625526
343377751
982654765
932136686
86396986
513323253
625335029
451732909
46260431
587928469
713924660
145504023
675252376
706646284
706191826
469370291
221773760
47459232
775133440
252748638
850878242
120925413
225057838
966909717
900611504
93808770
113757359
542619905
176965396
450684838
121961706
977261167
288087093
78805425
718993677
827328483
67742006
116834097
231970362
93087955
666794314
102457812
658415913
743504407
770253639
320217098
731926532
487652029
92253130
928837795
534482394
137967698
70126262
619449562
7994102
420847917
518552518
537988127
329010528
67025540
26922946
156357077
105507098
362732100
718246860
522848945
197421124
61223057
69211490
882267808
477591955
755649045
755230326
6123752
943473234
462234687
806165610
722250724
755255695
214582895
299474103
567157081
821144909
681577827
730218191
95298364
513822601
848414349
310172620
757932472
619130416
6276472
315060567
706982392
276477869
679688809
469655063
20957002
114489953
446747573
846665012
674135081
747245025
442720665
233320287
608995710
220175307
655646333
694718516
204205570
265861353
718528566
931404185
843459351
28756035
745459045
366598983
827605667
203675295
950289245
297309637
844137156
220989082
831735056
717856681
93760795
702770339
63886728
653091445
539966218
683760884
487175783
483070784
222279533
297046210
437271597
328501572
629167853
138238270
262058512
597737064
599092458
934817654
428382370
830173092
594974341
608485157
216146983
153322387
939876793
817096590
353874270
434057131
813311068
391285131
165882511
112938362
502629909
584635685
813477501
107196257
752319347
308231410
185554835
596006639
938837099
250470963
777332353
747350829
811858418
11575300
152588065
282095482
8433813
926859595
538278378
489482473
333949472
658009539
439266444
658635373
430479972
527431823
509190536
730966978
50599137
33031153
98834569
660403438
908441445
161861588
196225892
135015112
13641588
971182303
892780588
219313615
251406470
989763972
286880851
946872738
593267379
872506478
688062969
610008190
483790702
623345705
912090393
163759469
208136686
781538994
288563825
554381641
221311367
98776623
682063203
243670286
627270449
432709963
363994746
322202053
84284347
944768989
503650960
560461650
560203446
783170176
876181103
824742455
323419594
42470780
567582576
648008915
5138622
219187326
722657781
644451344
335015532
703495763
680441419
170344365
662785946
859039837
660139284
617425763
241004136
456356766
297938771
982210514
29319795
120856613
251869036
542740950
822641009
713135396
39631773
516052865
799482643
535818870
243815018
559360661
8827335
475650473
566407663
190409808
988217489
815245615
995268798
245585229
594036790
566591257
679654904
997628792
534127998
607287150
532442783
576890389
769339219
369411000
604695309
780182951
730833605
263204348
844280835
43181756
964973441
739238094
772594079
223677060
457943541
806803304
989696936
819175276
489092672
917913969
251947359
408790706
491651536
519759138
188899608
37548956
267838073
686343640
836323025
976957017
37564837
219382310
366181929
265443696
770699564
880713759
306599607
411817566
795377420
28225485
502735208
382720015
319839655
486423613
937092022
2036452
458152144
603931599
287702999
303072751
514860552
778673310
379763678
87406476
781431847
895381610
236570091
805324297
427918564
460063669
738258672
757516555
33384938
734495573
857668908
465319159
138596699
112994099
273005720
879270214
153411247
467499949
590492684
386013538
310281913
945687809
559800579
935502917
466198652
28713051
475992783
227181719
525718808
6757498
376111930
57451178
193771310
22402050
448241892
613787899
746341750
603081903
421972838
987926960
101129863
26813569
80098108
554729081
227221078
233026435
330405399
262043345
868902770
893252021
684945666
936447977
613660385
515229574
755964069
103920966
844476691
238803226
288534935
503406534
898477692
784847188
865560119
844986357
823716615
915301610
797446169
446646596
953545044
448595697
80793562
320234233
56381639
643225372
343802527
586721807
24917293
121601066
740140292
905483075
599665013
273001789
572375429
601460156
629249689
871454457
141216467
961621245
975217325
112400559
307583852
379424021
992420176
712389290
147252822
841755641
227655806
838593209
568360332
679172258
395080806
696967556
353843806
187676801
116858074
811526698
865946116
753593842
246194335
807295905
497608640
473638875
238827362
43682369
542168029
268795887
192816148
344756334
876374017
549690447
292173700
620836929
969636460
504702616
709877059
807050430
112561336
984776749
335030155
506457769
949887850
1541031
705816919
169514161
639270498
936605303
775945390
615142452
548022457
707862413
385411388
233248371
305827937
659082412
734630162
209987320
798757469
107736415
480822240
912602969
862857353
810400825
210749940
985503479
889566162
337922072
211683847
487228739
595401205
140044254
606409564
290597266
263466840
213226012
719978631
831023479
618355359
368100902
237312597
381543762
116786775
338581287
266803359
932407333
645715993
550574808
692230415
443848648
283973744
2609767
61646395
358555818
656527922
830519477
803012446
634608285
882954474
940346825
106287234
787305397
647220372
641484909
478276170
348065168
705081735
214809722
244930565
48245743
739378210
205775089
892385648
812291965
533464441
995798028
246241734
92523984
918119098
758816213
155268658
25595894
666414038
767586461
75059797
199677492
16394425
193923854
887829018
885573515
809363942
32493106
106231270
162798871
249971996
580957412
3121066
810699319
262539545
13011288
82412915
565170783
808744147
170034652
733377552
701726093
187750013
732754802
549824747
813704325
335301406
456861184
216179076
321211474
838592807
994167496
596459867
354523189
555502619
736640365
935758979
845832681
156599796
745054947
929133361
833037315
888115342
566167317
587692677
909972719
425701329
593189532
272006616
800172745
837320278
100890207
109828373
696750892
922433326
790411377
712355900
390409830
712159940
347929773
964219647
985547613
625223129
75582034
882121289
560247311
112809036
948416532
858698740
677943042
342778685
28539822
83233057
411209620
327713056
457706898
840827862
185176442
336759783
500533558
360751478
630650180
700560203
713873953
11469450
345735755
17644000
215163107
489320564
281356264
812389515
199474387
320262513
105844336
605445795
453979281
761725474
610411819
430270531
368569001
401247187
981705477
66207394
158467343
993458302
52446786
489951848
303449048
829351754
725889839
530485046
997099133
198219564
228108527
1482790
925358513
689949258
367023491
841921273
417791681
892271737
708744009
731646197
485287919
42984239
301821483
797430725
225252611
410979974
628874526
79767080
827944640
903856998
37185178
397489455
888292271
956553659
141439339
805393107
62943823
518693198
640000961
94463128
169492017
532341222
285195062
747100852
533387598
833576400
429721610
926139538
833876670
476010983
642460813
942989027
964521897
791627345
698876542
799070686
318344616
211859070
880916236
360258165
841708159
209325959
381848012
544967679
608519672
659679141
620216302
702789127
250244857
833494877
564324512
875004379
395779323
633096912
941193028
339295664
592610302
621307194
16611890
723752754
268153479
123235846
993732666
756925854
215478599
536133946
845498469
194945533
766420050
955823659
30931613
919238118
925679916
687207854
977142010
451857830
966215679
678754304
699182169
737585682
879974845
435425123
246608601
310508604
914735816
756738282
261749954
486638828
837297738
909392792
204538221
619291237
126152527
427830858
649442204
958471339
726199553
65231054
679244279
800791251
876245480
538963939
111669724
374593799
963485811
275365328
885397572
982709532
572245453
491041149
695884001
219585263
429765418
230328815
301825138
575217571
273009080
953205073
88455539
482793112
442731652
533154859
16740299
729683426
150740253
516597164
800103649
216233889
152913377
810359253
962446178
60501441
270317498
560583462
377579405
968882607
715435855
725179520
74359785
610770300
71915
340157573
448436025
119137227
520736075
257328220
263303558
276131104
951254448
652570764
731766310
696741086
907303956
710478290
591467253
359563724
185120108
516415255
975602436
41242580
266670746
224450839
394056485
44547793
674107968
108020899
677871573
275945989
917793265
186975107
536188677
338155566
307540999
236739526
160390011
364337123
62660095
310584838
319467194
787093599
193168977
234734921
250571229
729146684
725399495
226641947
904789094
573101241
723313604
462708873
325729748
83210931
206224845
846289325
326025359
130988135
480594500
823994385
680049768
801575652
357230800
1798544
728478086
511538965
252870345
238413859
886205714
995083237
825017448
292232046
61019805
325386552
935500126
645142386
916168818
177035705
102975602
753255228
398473873
850133622
402371797
912745333
895290366
400278041
482713656
548702607
861045332
481216298
682213602
119860209
13829238
184158894
716769737
68453086
367153636
703656221
602458950
246231989
263319530
590160939
816551633
895349446
196511576
702655632
708150275
117312466
186999100
806045535
287804616
174816439
848246563
569479489
62563057
867592723
525480566
110223922
396859785
204587175
777370243
944777721
470207422
454671275
380080007
547033147
802815339
893899815
891196489
689443992
612867125
747145975
976535276
8025178
765762109
176714491
592070707
33525411
973088019
879974585
235428388
94670569
256660047
700761779
149932458
664343114
87126501
519216451
341664457
40639823
259355610
681350354
53446883
100946648
583971807
194890063
213048550
252656377
826335107
682750996
822185479
458375334
20718885
834684930
512415399
637235103
369021910
647084516
546627351
222407395
702496583
362181345
859791324
716098002
419360443
199710661
188404394
410851919
956403235
526233033
159052913
786864556
526267011
504712831
976124461
197906321
601134505
272164358
296290226
788103327
581832270
90940600
366044401
20235308
91956515
53251185
601414699
732126333
697638483
202554741
12230896
542154407
692718534
846060472
892954139
820360005
788373127
890195007
896442250
24257406
120128909
136129668
130855995
120711361
469247302
587410117
374163849
116654433
524003449
640973480
140892024
304405482
470515607
911887336
481249135
649789451
178866557
795723930
876667364
68931214
302352779
846655909
748517756
953911656
604552834
748377082
124008939
975163753
920540002
658510741
948469199
306862873
322287027
191575993
79363900
655732563
108177528
59402027
885290643
505830013
345390365
710392157
838149939
624750806
100361321
289589330
215065647
882565991
140445731
984165571
312012699
358681465
65032925
396027705
149965431
287678990
306675759
208003546
731771900
245627853
167949696
966728154
724417872
794665016
535476077
199987183
964357745
580278528
45230441
569787557
874842437
854378303
802941132
69675382
36845299
468122184
103457079
653410421
395184619
626193008
2354288
394575858
428679560
559930704
785298243
132327596
391114767
328643463
39321760
247304837
608237982
644426070
805614268
301209276
651957063
313817224
127203478
311313618
699874556
184061374
921885451
16334443
728898683
644159339
815730029
300143909
909641509
958972476
231246231
711815143
631811827
961267653
954314684
721418799
708257431
488919602
194414597
675599052
607332129
244625859
280995312
75868234
509464681
979462590
853651466
463776498
891127511
8065236
753189784
891152098
655953201
955986849
265265580
833893570
226687717
289959618
653088843
343354371
466887150
693679812
765039038
841643131
488270586
274364309
543196084
758251329
406597602
582462389
853775816
5380731
333618962
944117155
576392118
76685816
186332938
502767046
624274535
697054290
328324404
500561620
144220190
643023914
611248771
911657853
825708829
510107894
146758777
186457415
455398404
420449928
720321726
374729396
333159046
865861400
885752319
965124850
136353166
920149197
94728700
597852403
572212234
510525284
602589543
241008849
755634497
682497581
406885436
38810517
510971482
714353319
344763277
46224395
478338455
941003975
15691212
332968774
688818725
242755758
663899280
625582343
182380596
437431206
588591613
844791717
663776184
762292675
119684603
555472012
335774943
671076750
177215765
783626809
459458871
316631990
602171931
708953743
214433047
590306608
806280994
532801567
634046638
943906182
958795568
467238502
210264570
630138848
711538002
979179216
544717779
652587944
9407591
338057644
350564382
299436899
772461095
158560623
493129530
959583517
445494333
905506753
709049096
261992986
607777017
882453280
430141857
627379354
487150259
61192656
778198630
428349420
152758900
939300298
722266200
4259831
936464376
457966522
502887115
713422864
778631608
429003594
446306929
751071065
537692405
587433594
608392527
563972946
184137149
385619544
753093490
725921795
31743123
453495664
29687779
599152703
826182514
917831857
968286584
16573589
605136753
526860774
823704825
718562515
956104573
746556500
936360924
76660472
680504971
760267240
118558623
658749767
752362755
762554924
427665989
917603691
612353624
981773359
561695494
750712827
662085740
400815198
759720111
346691914
608104141
250434481
546025845
966813136
346160314
110139046
451705202
682989404
489620779
841311751
160294844
112864210
227345391
286141884
218237728
849697221
516976595
825529786
587555016
83358282
749294630
750935323
887355017
656799239
142694928
413103060
11405611
190993358
505453380
216014273
528559556
541713904
520900533
326336162
241518719
796004760
398989133
280980087
753294549
18270453
608388738
377363229
393143303
740993694
483965214
858507406
818768831
456819449
983515970
483202538
603953395
410923567
368310407
638075213
752340369
405085091
336271309
379788746
627714163
348357965
377304397
691389393
132222896
637476272
273357901
624000102
881726412
930900743
913416053
366165801
130279572
634538555
90578833
292513046
125205816
689565327
986837397
959923835
308420598
883809191
131516351
856190535
688463289
321314858
582782364
440413756
212385385
592401844
309071760
704139116
673933241
759565703
615017969
546744825
481628292
965284409
63025645
396807225
355685572
719898225
960466936
527171965
209108707
634662373
406182193
706653131
848407765
59742358
260045737
900831007
468811899
215759490
423064106
383681930
410582072
69217916
596428318
54600497
525909953
792711694
644735234
674542530
331292243
244969775
912758882
595611687
854511336
594084465
526656520
977638180
911983755
445193011
947762532
456213775
787962457
135352376
412339783
719657413
83159905
94514742
724596793
210849571
405998327
403018679
526885597
905166526
924178983
900957642
714028501
932556991
790589241
719983233
390902571
611831208
571290714
132601971
652856216
694236943
830038152
779371170
273367561
738112537
306752075
334573239
91710457
962945743
773224736
161567316
971701744
243186446
918041870
478826941
545971373
140845062
739227793
933436563
695823146
443824541
427977580
955958994
226828459
617203418
174280384
103021044
913474053
229334111
512524229
874732418
899198969
736203349
765657882
617426805
382603896
700373525
675454384
895258647
296500770
444223423
586113674
719749493
99033531
816465955
195279449
630517549
868417035
493919323
864082683
766738336
62166625
106768963
167643187
976225361
745862955
464162364
163671505
566574081
961323517
729297269
316755053
504972414
107659702
182710321
444902300
193297778
569460199
590469950
101343208
255522883
255524370
606500053
70121265
741252358
823923267
854795826
68366260
636644796
241874210
288796901
233183037
323476943
142245422
276321626
75578728
849319782
298038515
926944510
246086060
507633154
963676405
228375621
423484682
995033872
975017445
907481669
996870294
69259073
589097776
445992883
945539707
184102814
537830461
297541479
401470421
172332148
689050255
153751559
637115039
521828076
799542984
584949438
573983313
894794527
595819436
793700472
786470521
983809681
782405050
24257668
551859325
388865975
527684960
253538500
679177119
393173744
315771124
714678630
257614245
42321142
155171152
640367562
990219109
924658886
832017743
982949801
74530694
837366188
225029673
264076593
610907071
517643176
452977394
775959021
146334204
164932654
753186516
994344404
283539748
145317300
915494945
637159594
26371061
308448081
471815233
404103093
462419147
730089131
736656817
866073804
351794567
134925372
587832641
689251729
986555096
215739701
149397818
108318012
41788095
10540407
707551927
59437751
532956982
536941707
977420465
282628913
820186402
734076636
146947479
710404218
903823110
180190625
670878892
586866174
587725125
469372182
570288411
3502077
835389948
199885233
158679955
703266268
742410104
943579248
412915968
517617581
441315885
379574111
414461164
943946938
802455891
796126128
488890099
973136131
370505434
974796236
599501454
765211201
419462155
174241144
610010055
294189646
132325908
880837961
447436071
893676862
466923848
837651068
276581285
857344739
521519945
189849887
79155079
872517820
725432918
278715001
778243359
524029950
172197924
211343669
460604696
27910483
562960270
16055038
540904249
502489892
232928132
700530966
388812502
201050349
727320107
641104084
455856033
20776268
373553478
810401131
993655748
262503019
966876223
616558455
431556550
982306690
498167539
335712712
738327772
452052064
389766775
954010032
511552171
70772569
346114125
688046952
539251766
661226425
835894097
226846483
157096787
680562874
393244258
507153247
528965038
892747770
710429123
749778562
579127000
184873681
135328419
767216954
429056225
318922525
903151636
163088830
200469425
891421188
460883116
581380066
749669713
600990776
673764201
727161854
290785957
305595422
37048301
674895355
891519675
283563862
725387296
867596006
396564493
800638737
1760434
720914919
286928819
243353821
532928240
465652
632393258
686017349
818272601
894674642
862721879
521000373
616616697
735518049
376371076
927619837
3657999
757420604
417891890
880383196
814879533
749068966
85925505
861549999
736075253
244150936
781648590
516680960
279032495
460743701
568057054
458540673
917605807
705099779
52459451
546373048
7500796
57305123
995322701
350628626
101921422
586761827
812321738
891211107
247570609
975719088
460679363
471155937
661644720
657903283
398440579
313643443
581775159
218794550
137596732
136675673
220592162
258832774
364573619
262295756
289976639
525747245
748088481
994487994
55712990
626102606
931207890
34821815
523358409
778301484
28440756
486007828
52952790
544996623
984977616
48762098
915239978
133619083
19161475
544756287
538796428
685095089
87156763
222089132
734721764
903994414
161652117
121072934
5530747
75207730
126692002
593094565
28578476
176349334
975169236
418581319
877899549
750498441
682999604
275603563
104497788
97270590
681096575
368553189
483513465
826194773
926027332
707475784
306362176
303152424
891806391
987974336
979072795
838676407
477747866
714331120
195912513
947187778
362417746
988331853
614446297
360983956
749985388
863628666
873330154
506868605
584036515
421681410
226090243
249982794
550662475
942195974
381923278
470642190
270775944
227985859
224289384
914504660
559528082
345488161
950627448
2546845
631815600
782725515
295286420
701486882
680853180
908445524
926508523
777283581
763079388
576174200
661460499
265548688
926593435
56801483
908737464
456091395
679799829
453305880
822341555
609212004
825924849
639772356
743995509
81067937
323833407
937499788
90795073
199660202
794351173
736865991
767624483
351206563
983275361
127807113
407092876
582939312
233141590
575870677
869932803
830829283
764247711
552169019
862043845
539625451
178196482
937085612
525139134
702999517
899925705
299529077
570332806
776042869
726940278
698935779
349918155
709859301
463815949
488205254
320298729
936386871
886996148
583947026
969960396
731419128
158209675
475189198
667584366
172615899
580121108
158328219
735519171
930208256
56144599
702189636
624586784
446220833
884112587
484030855
397227434
408789722
832067431
829079299
742145923
956830118
625283914
348856324
736633186
362316938
84949661
800884453
345870677
262690649
244890409
4331848
470804819
254644508
286133014
487915769
450586920
285928984
7334215
644480452
381061202
30125796
354235119
361167358
59369361
900218115
842800895
368684107
516767976
300421323
296957905
839431167
935608474
157783479
928272749
188146954
990017247
250463037
361027959
215337945
357436977
783476457
409442072
522659223
33202213
949475188
625756987
442843417
854784490
738911671
424227508
142341248
840490909
665457777
303929953
398535628
725938962
518206746
996613580
376788344
509873606
787746721
489559396
992244542
716771694
924290811
636512160
923202529
342723201
563458963
406176578
749397616
135065904
970258889
773954252
824827600
455515857
491240976
530729528
197014220
277509403
575635554
43452238
211064454
785449775
804697176
13177125
22373088
15507169
688374635
871785538
861317659
85135442
24077629
464306424
845446424
617451206
755665572
449864716
627838455
551004585
591313046
421046445
961705917
898665233
119709236
844605670
41030295
94488673
895600284
263345165
272576062
375931082
364598734
811323015
708730690
778970562
497913621
614810657
337439014
566962644
256452939
333234752
859445375
409590849
409659242
799756110
413872444
688689422
663862583
142039202
850045507
389299283
690324036
393894860
800000454
382342965
9109289
236258956
14851443
641896283
312590321
367680328
24478655
259899032
37473016
936719321
772333177
7421417
51615463
729430065
654918493
966546483
526947339
677520220
91533029
434433905
559449527
83425045
814110014
539471003
377956256
681820900
911658823
950360059
592921973
705201828
503429598
152361494
709410001
379880784
420037990
515439550
668429204
176071352
226743326
935699836
354577635
672224790
255360399
287968861
984348138
745853290
192125716
808537438
803432591
548977377
878216064
266419369
243536872
340265228
859334670
456520788
126803857
354886017
477934493
885448956
486759892
182198393
511873664
20721018
922753967
502619258
87662350
841263879
193564062
522745120
306615672
38920205
523324225
720229455
592740561
336919526
268172017
98697870
771498648
12783440
176422821
683979875
821612841
520008546
527813725
128848995
247549116
97893699
509648903
280290603
932397882
392307472
972992224
391750259
117389748
87265282
374311080
29514376
428705980
215909855
85157098
130030622
69058507
332677737
372898191
405778236
909400071
773116656
758783180
147577417
250363682
908732813
319534303
370455382
256681090
676365966
379251081
360939505
677247261
142114594
393182055
800492649
300276050
89742929
134323603
64426962
104394442
951817270
90803003
795277230
180309963
450423495
520974283
111032740
564627871
989568861
574920690
402675522
858257662
769542833
575048907
19385517
882788194
740165572
610865911
495996853
189721160
635228943
790674852
799720500
803998331
904620002
107671188
32170961
58073725
558110477
624313468
588846564
344339120
849327835
668447591
941893190
587413010
875933067
23680068
186775827
568387014
475883184
285824726
159433786
727748868
36480842
810095921
956963050
126463287
416989190
394152484
268237970
679078391
74335114
413722021
776799443
741185421
366579639
440389688
931104765
789981811
153191563
792246269
422126074
802946712
78172671
122827667
557338229
723372276
131851519
491796420
638319664
43480903
350848798
805834622
545551378
950154702
483230932
495909887
575869007
300687231
734630182
465596587
692262870
282536879
289903901
599447414
73939779
255350399
580816182
6181521
384973167
728550066
575031418
800346154
130334058
342533317
450729595
941965209
779680662
119771010
587169185
392398682
37080315
194877231
245427437
563836013
260492518
411552804
662019517
94255934
503745600
128207659
12004229
482216666
712926407
346912905
87206023
185972430
247802967
664204908
660729447
1519941
389290156
918009960
198591379
772231800
449007493
939644371
791806185
346250503
799117513
156927418
180682635
21210273
459257650
608532926
190533128
407782902
379526816
867975058
477677012
344123976
837340531
673026002
726075312
438674121
150978067
612090379
161391648
709206197
238701608
425854424
261554077
129082330
406105861
126517074
845654608
841854538
717368460
494866886
171130133
255723463
263730646
931191564
97439004
100948661
658694923
616629462
284463196
931447553
518756399
91727768
550107002
90621718
144075094
824042371
415993567
667227433
395447440
11353171
254330020
103821839
193474638
498148112
735968223
585589090
833807091
190288642
775866025
995958739
329120953
731663872
320287816
215805223
863586743
410307466
846999857
948427974
673244422
945563491
206258269
17205609
262028719
270932067
667005633
427430722
463812198
444408967
892470445
236555561
260492129
846733519
220929489
240063698
753401169
315135113
166900349
925931339
642571270
74812584
617242604
732872148
60406444
94700128
641326108
930065164
497444037
927148165
86090548
983180840
922957550
878566298
412450680
325952416
435013756
159761112
943927053
187370834
43159686
941150769
480705102
608886470
902842695
662424226
264292334
602588645
16025352
534172135
132604154
594852868
425440261
331809939
332656006
945595664
804618096
413352406
84074151
499751201
53352340
390775699
59778598
266621472
515130579
670496486
387211906
932434349
156084327
382736234
292808796
305299398
463822127
319266959
779120982
807809816
447789729
753298989
835884258
699766279
309163442
140452176
778992653
533430212
491014933
967036991
135706679
930982861
438377455
644977382
123498845
901398190
965447967
103872727
958974170
85287955
930574152
725227091
707349807
178379175
994089800
319180399
283015766
24596643
312347118
625767088
583166167
37826026
80361076
795815626
699766223
40494491
636117499
114530352
951668786
286220532
715806922
367459294
62048826
907299299
32126445
620379101
982189358
93756664
474611289
833952804
627778880
617727
507836206
545117069
705541153
472747961
640245287
851621957
445292659
53165364
976353196
889066409
597714593
579352104
716256619
80329962
297676829
294256323
80527741
820658411
550582327
169978313
473113779
637073781
727870112
498304891
318121778
196784442
872911037
93452939
705836717
697908254
118933677
967988520
390315950
885088998
831008231
66943523
562262566
949834842
136632629
817484120
139000042
800027369
230612626
272862446
400533053
864266800
166324846
756315974
269039786
315761417
474439166
249692265
525679912
71817780
229285469
374740284
388364029
505400371
877331435
233812293
377706297
758718187
958339348
564613325
174851539
398037883
105895703
241410892
33438209
819895604
664253488
100572921
978384380
39761008
515444574
800394584
845105566
379494532
631649203
965251280
261045249
584355054
28315057
260637724
570290356
812441348
462699876
468865911
680387593
825301130
922579623
412353135
38363800
587356070
626826283
630542214
46795532
757502392
499633831
451873731
517260077
41972475
458830191
844517218
722343606
377192877
283991302
497959121
223923455
943153170
695260926
707577710
930643192
861536045
616627456
290019980
942858706
472014872
991174014
768248122
959683873
731884941
394541619
487281859
415916191
410878773
875576624
332055946
51057894
775177616
276895270
427005131
886089119
178946485
727235428
499758920
652071626
353480670
183220293
98424960
510060501
561453001
662614217
844250712
444357141
343338028
265974115
31760846
598855038
219035712
24595431
582483148
923368528
558119696
878135234
431911531
82418493
262336644
482075171
834791497
336227687
593353673
975698641
17926916
923651629
771691843
286697713
9896069
330406950
901306538
690033370
342339280
308474253
4537967
408212564
844694962
391889201
299074524
584112279
673059934
939936026
342889526
500377622
980883455
145910657
923926833
402582968
187927658
350179464
987719769
455517707
264050962
393588005
146903763
603942655
756998294
303206671
192404914
508073911
92044624
75988168
379768834
692959379
741020335
576238533
666184753
803404729
351380294
179210456
500046104
655604093
977663991
459192440
582148508
715469087
57522241
454638595
962771762
818041372
638859810
907983003
296488990
460709297
183371543
289595813
393815485
431911983
11641104
321556006
334642749
526974931
947387299
488779890
996999418
833801519
134637367
699322066
316209886
246793911
437333743
386027085
343298506
276561882
123122708
537841605
921852277
188348055
928315141
83620910
171656863
746343232
153382785
5388700
199462239
342086709
600936085
720769358
133403737
491527315
441993000
516236057
295539159
639187604
775741429
404204299
335098813
554708565
7514798
183293859
385539254
594209091
989793741
459387514
831318691
896507279
19454
995428464
927773669
108717510
562485061
608104289
535077006
267224317
573681779
739050168
758324433
456752778
606081314
946091013
265050150
751860159
485890842
985878005
125159779
381683622
843702687
461510246
97060415
135791389
114421762
3984443
989237161
595619710
741192864
239600146
931749518
170534351
149431752
798240381
934166490
583731649
944684489
876459035
573018925
931935924
867753442
