667273410
487345118
179555831
892942994
980101969
554172532
797373984
940549193
375813853
600310255
958881255
25194798
240313344
193409379
325995783
598168220
847962824
493384869
960980603
939548878
28164254
434312394
431094756
947386069
39847440
648161167
153778016
906132957
602976861
482454533
949564348
892147063
552921116
966643927
930932676
918442048
634256709
979582374
342327412
128582466
358440869
136103572
950601282
287673813
949224995
350487431
479082591
778229398
338643875
451469444
252026031
259836509
460863229
964453370
205896667
172028576
442152492
958783173
322792534
475888264
861900365
757341229
650706903
533898609
220727348
27854092
120018196
716111584
410091284
200545379
665125040
530874420
466754833
452425648
283419515
211415093
6667726
247007595
871659905
784668250
569441217
296027992
601392057
215431838
21573700
273022
598133693
748768785
60233864
889792025
550816330
499177690
902063336
428148637
87490042
974297805
343988685
699855583
624233932
493097420
658393279
699761659
57662058
648383555
627954860
58203668
339248010
13780231
566425931
482167345
233329875
532749104
760860300
865515131
731894521
595931217
548401855
666480742
791275685
39047715
733149751
125670675
734542983
183788318
736462794
681349342
773747518
87863209
967673741
440647394
664532836
108085142
339475692
567837033
399373339
875631960
606128830
648679095
639919924
582979102
536890662
128808073
963487764
900764381
251072575
390163991
844858577
915486566
472763782
267077285
384477810
755882386
346248632
898679536
150315191
593115244
869730760
142092659
278315805
204637726
106181056
246807785
817817677
9576877
428238029
613492108
880202101
318652744
459891559
894147393
512637806
395803133
959657142
250102655
485039378
708454366
544005258
437519534
862235325
43045761
156741304
539487730
331458258
811137008
578753492
24117438
52488070
529197888
805117380
423731930
563872324
849003892
635473405
202789327
185550104
116980157
56678961
544044150
494047046
688344959
697130855
949823932
215841114
973872606
545879901
117094482
966299015
80193546
60045895
423704483
174586114
624389944
525671885
550011968
612063189
904545422
807358797
358426918
107353630
811858712
819430001
897517806
303182030
524534306
243461588
45519829
538882351
243228321
709575780
929547858
184654018
873492423
641065860
420908924
40258787
402970939
62161326
53289121
582005602
565890691
783855968
449335922
936807960
102594234
148128186
854043149
860644690
451364408
105546996
868712506
568054597
647216966
95450392
569866170
204458622
803326559
894693994
50073754
654614093
825407380
128424504
962615715
3136840
58722231
866353097
696759880
643286020
650538888
522660975
394725564
182062196
213106415
852242009
103959459
897477674
544631037
613772671
179175300
584923958
821150658
460139990
579070024
790993743
914579668
20797661
160834636
224806838
658519882
441003879
747077610
758556874
492235748
214621139
869359185
804038752
329379703
69876858
765007600
830447113
675002988
798645125
979252626
889510246
486198403
475775117
523618896
639581402
2908982
682777325
67382122
639517216
176503649
788051036
274438372
705535600
75017268
933168338
514229018
35595098
210155130
488894744
141713288
738848182
682815683
763440734
491341510
33272251
91876500
973019941
337957262
9363934
153713770
183253061
724172420
496414045
427241618
155555775
52665772
772523757
41222416
713769605
602236834
47783905
236864025
955827788
191801055
411178887
838951188
485931210
345914172
434185344
157600340
365830607
151985279
338867477
224802577
272674002
689565959
531361029
497201482
522686552
7140852
895909080
803492859
920941656
543522421
839337059
761348482
964179059
96208568
680948592
566086620
516556968
851174621
366059340
310826869
941336189
852214480
584193602
117779864
664466502
47311334
455675504
870708348
226632966
460110668
648448376
422067147
473254153
518943031
215994657
175880172
369778774
540049003
282134229
306881433
608351318
442781302
84390759
262534926
107147272
312342320
567779291
249328054
799453455
675500883
579807931
757847890
426580364
487297573
272018078
593210571
742531681
594659740
957051783
877983300
62413562
130301661
5354764
783596009
470298254
846686661
234290178
52100908
320669036
130083509
711592288
405295482
245061275
355613232
254502378
74506448
176656628
402733894
396787951
649359960
450417849
397020028
959918397
940795213
108725123
220253085
404075290
555329807
173278722
334482650
898436532
127227432
916252233
394109678
111438705
565425995
685318751
834045270
456899884
842451462
180320566
477579236
627318586
565580386
425345211
696531003
38183106
353873297
129280833
599093157
804069354
144677551
988426714
308637403
559598130
130968897
451808122
32182968
936096722
23406737
124909819
1219094
589143295
228233877
83443175
99794774
392398528
837667640
215023599
409421589
7864296
238642851
289580642
813046950
200022035
23233141
607248769
482626094
696975290
221893331
530760956
566318984
868303476
476088587
558093308
374260027
741290674
380311605
604360015
739954107
304867225
922177577
993634375
679497236
845235692
899379443
794031716
724908561
483726835
281765421
256105920
978664436
977103033
822556377
637225980
238748055
383704534
590440076
758059869
843192268
379391371
521405891
46892279
780454684
791674113
172464972
389430421
795435998
416357802
815136453
126318498
894383213
194084486
455454690
828868325
146628526
953042288
849180010
718667030
861940719
806900188
956430279
572024931
351032566
165151905
339449665
427692580
57782793
268829573
437227965
179840061
12538192
401144402
365244600
764071130
488432710
212108506
685803638
153774180
687100217
864992652
497458183
131631391
658400018
315696399
489528762
644586537
645167994
725756492
318604856
736678479
156290997
772488875
877769949
955243339
85686766
159194114
609560788
932206957
219171020
586523756
708036383
946076620
296269177
323358108
481559602
423199874
713229675
566184346
179667069
723795844
201087171
677338594
595003710
916741262
480253029
553948560
987339989
447570088
599903433
856913727
697853429
863301395
846894379
690798350
147801521
838467869
986409893
134961667
77371840
960040706
682112763
816865599
208712109
598344844
210743322
579756472
293804313
666724973
835261405
655976276
125484774
39386031
370759385
914736361
357504833
24227763
377251254
820408820
523514641
389520824
293511864
719755764
693408150
310661465
490360084
163125391
674339756
900911524
844935632
880377432
961712471
6756970
43108547
858639408
890024630
54288698
531682837
558095191
84429669
433646013
526378995
148797580
790294994
565606207
754875911
929001728
249124787
252251369
569270688
913039353
171237705
835424917
489667442
212599300
964380928
547600375
257098333
88491117
657085396
465100908
498059850
614358258
459493302
189647405
5917779
775816402
586184112
755767423
832544606
373377605
176077797
984184865
700636988
286441035
909566820
621860669
618212754
366239873
456808722
433137642
208132052
20374632
96538920
972049385
615216206
113038051
418052701
699258410
585081482
371812294
565886232
252576011
843923897
97847624
924121833
651574729
503147637
125423636
291609453
489764340
930853342
216189480
946661139
617386416
333057889
170766911
921270220
958068212
154950939
347117273
172400249
154805450
930113082
319849208
412017195
531947057
609142819
906019514
436874677
790045295
107633027
555345368
321429005
982363433
818805166
125025680
861288923
396676113
472323840
718432397
793016321
383046313
603950457
429892864
672449424
161328441
917769669
172578816
44728777
906219140
901511739
131699674
215973381
856769745
326226256
412012840
572918975
370621022
615637200
55803867
927781949
748437084
985518671
404115673
475954792
789193260
245611917
513424510
818284929
63670221
658555112
449063351
5841663
35913518
703901137
743025675
182449622
568218777
789483863
283561569
826341118
923373849
78747989
4312797
389053195
369046072
426492544
691219390
75263640
641992245
982926619
821615087
988976068
293901534
937088300
565856657
349397856
341333179
512686626
722220993
806545988
81118380
289748736
324974864
143746353
672515235
537427094
575100703
782329164
856662477
157577362
637966010
318760241
93823416
630310439
246240185
577947125
978964304
930966592
123004311
783979237
863158528
496554568
534358677
78034595
490427847
355491662
261333273
212618054
641311728
140005128
779102249
788333383
721464366
469216410
938785756
153922156
924679051
249790830
384494661
163301252
510153411
486673963
175067465
350308337
420646695
140185317
770221373
762823398
225085990
955014405
429257275
782184172
168996014
72878884
408275665
846673576
439543240
107964957
71766485
111376557
286796747
106015424
708796202
252733239
334664293
460271996
271842485
73783906
996213388
44328716
956571509
686827793
75174951
613218443
174804643
785125942
561215883
224999553
192312330
13109454
567219393
599826308
29237992
453729017
616527524
779046808
223380393
323859190
760205511
730757387
636820253
945038950
704417862
8695104
480706847
755380893
952105821
132015701
693148589
541531084
673917101
178559143
470582980
850693135
247389759
838013756
649852593
381196841
363533318
523957012
481344376
723809673
720750438
193582727
715122730
674153269
746220720
198380230
122596596
447235676
183107397
181306561
428884530
567724556
582894059
532130088
903778798
19700075
496425543
509604738
478474279
791269426
779276852
833474499
857835125
791466533
933629550
708705614
45830836
850247604
750863422
863650258
503198040
870559967
608613245
208258599
219712534
141644497
768600492
108791727
395785881
200511662
849507289
804216227
101713719
46413510
372156017
247937007
100562708
704080486
766587070
674625526
945035604
520079411
939028922
751813165
723545768
732850494
444422002
180718217
119649010
461796392
532167570
434076645
736927261
32203452
144215088
792396911
558656563
340149328
879787074
74966612
95455127
389664813
516597885
104413850
389742887
540325356
461986350
547272211
805727098
159744632
279130022
861460849
794001401
140613581
549414875
834796393
779180637
8304671
131852256
223862933
312917431
914380448
672441889
98991920
124331538
468215422
354681207
721962445
243120945
112689850
138976715
615075351
763375289
948918824
516710371
141839151
867902252
545485353
131746766
554055753
944339772
762075103
380349646
614071468
550757463
294114577
435968317
94050537
294441973
663934532
12110886
208715539
22583813
317934959
300104985
657406589
66680939
230944040
473907099
354039436
246894161
801605869
734652547
783223059
859001743
240348630
491873123
188038588
332116397
68425615
768619508
210181825
9439777
740246219
416973114
266955743
308959327
772701535
215984010
317197934
223038403
554590256
190713353
110206347
725309648
167855461
793864141
90202595
811744511
648653516
521008331
231335379
599939859
240733166
892382083
211777293
34462644
26566535
482560605
509468242
339176167
487324454
137934482
555507255
775765178
434175709
399615256
97159098
408769747
694202631
244648570
348862044
787374700
98614092
376490393
162622951
529988599
580505027
605015160
972786150
951690140
646089149
263206438
939474021
144411024
879082509
317378032
958068628
657396596
25416931
900050357
151293006
187292735
197313431
696427835
721301347
456890835
953654901
504192859
178707644
177550463
714353495
96295036
518598593
27416038
491690090
4428398
200881355
65146597
85488854
951826285
894207134
724677038
110623032
942814341
104092175
498004264
157245888
82206033
934143648
834840165
32119160
714167527
593892959
920343403
431381264
763913906
773331080
233733966
477630849
186438086
584027230
728907939
911775397
532113716
574065621
693475226
727075482
37298648
859704129
737203955
754309565
986129571
146661850
135569573
239282112
536145627
689885587
290933751
625661576
256295469
724722059
511906782
379710863
626547520
986410340
304930251
822794406
62029068
796176600
89620644
136652617
385788406
565546178
85415573
290263038
226985238
877556450
224093507
306636589
223870939
413631672
574932479
362222358
908098977
398669304
291254727
247729160
20464750
967698137
436629909
51015985
439767341
101781953
623625594
135164237
614939828
591776361
898651649
112173078
70877023
826431026
35558954
710643630
216743790
50589734
880468344
458994720
227156576
44883171
64669230
18835784
810010272
251711227
852582439
575141521
929441226
106795934
175898775
204574823
5066352
111774415
743197850
466537265
338836253
257894566
170509051
584930751
330803052
755983250
662156364
794270198
686749595
632298256
927351576
547854465
918765597
480319405
717856121
226370804
443251488
296742824
548367835
4334254
574491174
70119108
361010328
147235766
111730719
389170592
192404204
110407595
609221064
938701727
12836478
991275763
213061479
753307532
806855558
302801348
358630013
319572073
149456828
830658726
388459568
258420510
636699066
425663580
950505579
1658794
333398238
325552697
226581930
176865222
456645355
427857292
811965426
713299431
74491034
863277195
960630807
862060652
739244723
614602526
146800153
816275260
165536067
281267402
187782692
388453106
582032718
417583633
159717913
806292162
9149397
507512521
689478604
477205922
839448339
469723621
356803587
633722036
777491232
654739615
204398418
528103699
663081075
339055102
876510179
143297807
957873049
137798921
325352793
660803919
320118378
58088419
66976683
100659994
219025965
682986091
697906585
38437594
708876010
642059131
588194165
619087432
640056773
354806681
875115542
719846469
947432403
948587498
263144351
60726068
350688698
43073781
334072727
349569813
586388212
952257701
967170207
44546
433897343
612339269
724919419
458299076
393115861
613767752
713281941
87216151
8340932
814192390
129873473
180144107
874776726
663981869
946451525
210128115
782736592
452134565
222643095
188790255
773904456
233569895
695514024
754568305
334982936
676422477
985778721
644212637
575486594
353390047
110072058
391039823
598661355
625573041
865397901
770916222
187633843
602122223
589505229
759508798
587884407
28110985
639015885
418611734
671901136
147531276
926607185
554675960
522362039
391195748
960703525
639385205
417135070
534831499
168615037
157240586
128878467
431881204
13574079
634232872
461685967
846483343
306394487
422747018
715041914
205850428
805616321
32055452
581559389
865732126
885736226
592324955
709746222
458046996
580131229
898847455
426437495
640942
818032524
487870803
336770631
674856909
474451227
620130018
793202746
323750771
193494332
608709492
471415531
78578094
134341744
658187684
696150907
454985616
581877307
217116208
281397986
119745319
647206531
247119925
118622203
707755111
861670701
626382533
933692612
793990797
984215058
874047510
245686635
262419840
14014808
822625358
459867911
722055843
432250881
83753930
812757283
559160624
169539032
601213689
609835201
407679705
582850899
930543014
418278942
857652901
707979751
576489893
780036210
669501884
928578113
618704499
204171607
568664745
868971525
184142537
258488208
891971861
198271501
577291929
570457010
980319213
702159432
211106936
221830037
731298564
449871424
924050884
30010114
63529061
488346847
832034239
723289742
119154786
656394931
261705599
815896603
629314623
39334233
409397080
752098815
406483001
26846885
448885760
137835658
207591080
803558619
658253764
202237959
579235541
136415878
843181389
946679703
17036822
667911278
880107193
867782354
582169882
334759933
372653895
383321668
120438466
313249867
178738049
640277512
801707638
918375598
98406874
458816480
684759225
572676841
235713302
457422433
32617538
829822227
53468535
97361954
764575244
146004876
312898749
35313886
377902392
211785968
75446338
58653859
82810141
175711
475143485
359851066
387030968
929653684
376976061
519926688
223765982
497204548
199785694
751938600
827659792
365749855
585367846
509917278
352356112
748024259
633536057
268604822
126253957
848409411
383570506
5225866
714382999
855778655
977424483
722622262
122119071
487854030
767951347
685712106
520491632
126002022
678717472
210978274
308269295
119145837
166317127
753745189
248014873
634037834
255435021
465672134
445037096
377928402
329020039
432867367
355418478
535770065
568955615
845736023
816365758
439524369
218199799
41311469
49018363
15395531
895257450
9096205
139521250
633982798
558707578
523242478
638971253
596504120
37898578
272370561
973216473
8800718
275452320
15057979
333742396
957475414
209040505
618231591
582626632
571528303
758296953
723507028
257830032
212184597
689339497
545481003
913822279
622145594
146231614
72380255
572326684
505815384
773592780
841408325
818551224
785723309
401105653
894577375
664539347
751872967
555041166
248727201
595287173
501290399
674799253
622083280
615279699
190813849
155576674
576781502
857573888
789805142
300498662
18159787
430897763
476270780
891006131
702440015
202364001
983112735
86867030
375001685
403157829
361423111
829522444
229568284
408024337
441184250
843955777
926497062
642708750
181634793
591085169
681548875
80333257
765669860
540988058
787476578
611821659
876984168
327338012
946717971
700399876
729678080
385811664
429239392
143178495
116908664
996309296
242103684
547518780
629473294
612789733
608801911
450129035
953347689
324993680
476400361
280427780
403707921
906994611
253205214
113251449
74659757
683356862
311379875
182696813
184978935
53847102
390859483
225690365
24187371
199383037
458021045
104510278
845115107
715441165
407155022
922228974
104926688
10953732
244393449
900790069
710639916
416376675
603788526
565669447
681317187
628687047
831001685
689971806
110384464
211552761
133139802
791795179
760663138
685693642
945761795
661034888
772560606
232713417
726399779
233054258
233334413
450956026
626839186
230972063
486203447
595664500
337204050
23929624
659125725
490075912
689499986
774016191
294984156
79826052
268418776
131416634
238695766
577477075
933691009
227736192
128237568
857840921
610282185
947909971
805012028
22604572
45467899
968530781
496886379
366214000
207970104
803320809
609593320
814562298
439287515
905323719
444190675
342086511
191675556
679732633
777992164
346031010
994837853
656784880
780166163
722768990
549384044
540207277
801552861
148628270
834525945
816557362
733920084
474106605
739380561
488048910
540702483
762500834
896743781
267410659
618106641
434936506
493503208
389317398
101926171
649040348
619844919
892732797
540764823
43715161
75324861
391598127
584944707
80580107
215101716
285021806
242019004
276390040
44341488
553727070
986118073
865757981
711128387
954134897
129888105
317524990
662033270
103227847
981091039
703642104
39007547
311211385
735154367
39568326
248414720
552804025
809007562
501375661
990993680
191524424
585525282
340185873
475238343
764447437
948971795
406498268
977521294
737443628
253279810
937692242
92386385
575375300
522660577
794541588
542918529
950157012
617153260
81807897
140985305
11922801
843628432
208983980
846130959
746868491
515550480
184229261
924924054
395211941
263174129
572008917
994796164
520779686
795329326
423920347
398547172
681355654
280864698
893518757
915890780
412496070
768547435
179000033
982828040
647316577
673423352
899115373
609808925
244110791
709056912
505668542
295882004
852950988
408692399
380301441
470522253
550221143
875195283
371716888
282575799
860615731
117077249
10413626
295819297
102835437
262802050
176111513
430449135
887940039
468785004
528781590
79060177
557587053
322248917
77843802
519613606
764344579
39767490
320955703
245201735
152675423
270237011
930680866
888330752
874068246
929024224
576748764
767093049
788778653
447326176
549995566
291169218
965885488
55544226
609088307
744013743
989837486
624306988
466326251
169750137
148292760
523597428
114186431
110108672
353223830
86686663
923651943
601983900
860162047
448582089
257595749
452956323
464536126
641498954
689886403
198807500
941230270
366796379
884929080
878812840
771075288
933449706
26153840
575265285
319390644
930100775
418607151
428187243
6699375
721821301
302039032
542632579
597929050
20988244
403400246
451089214
55091083
627990742
156043533
89658669
561617468
307673659
87881101
838209344
954131360
657110780
141450542
110055375
132425288
471728388
608273814
262137067
703280770
37969318
25569729
596566181
894704092
430701278
867779272
711765009
756824859
77515655
50029506
590256981
806275158
365218058
228889255
192092456
510826142
143225628
757576319
325558272
123602100
406804001
647770373
774162369
609571776
762365043
144758817
26550127
86741597
178163373
721584098
62198434
375499705
765819195
416587234
810868186
785169296
948800852
870692366
994036834
449091266
34197510
817285872
736939476
411993618
482375736
868113404
328773353
199057218
212476742
174984350
370751898
631575134
818981162
60806260
343879181
954990043
600792959
616581877
201914466
208538162
721206072
647085727
733660819
310172914
150405311
480087572
163804279
243237876
261160368
262707005
444428041
189041789
813823649
794645533
955257010
348859356
2518883
200980925
411648304
521954599
115831431
613789616
734649076
762339241
172348903
763143985
745523429
313746007
394703773
335820785
43576388
682010046
930213625
652236185
156749564
922611921
489232427
16693181
615400779
284969957
983938735
388035428
707703734
840526955
658147380
554716656
272318814
890827836
217064067
106978469
892431687
436491955
778209277
782314691
393617463
439444552
183032946
893153855
405182206
638065259
84857447
667620060
726200863
619691367
688307268
732655909
493386844
280433521
262284760
467434936
915245216
252868335
5294546
175036795
556775863
338861885
965673103
981405439
485808841
217923407
727957189
243471424
168831757
47801464
327244235
829354838
318716235
928499806
848770437
173011400
217655976
578655782
244651595
823296665
900735810
256181549
877856563
906125312
210769775
500384287
595840578
782765078
840223877
192526525
572571705
333496583
37126657
156660621
758600723
168814743
7967637
278189590
941484485
457723563
572500034
161331466
267537710
365364625
256015842
455829151
705875022
788447564
62067085
430434264
314845851
122005585
713202061
665219951
673216569
606110867
335914642
698597385
861563472
71058782
313290285
832672376
964977321
63385468
559173820
738178767
945413934
108814840
717881265
211174293
367296123
397192833
700556060
633126052
310128959
633952028
662728280
661545097
335225712
833950340
313861257
857003286
651441842
344738130
268916240
824383923
270662951
749424872
903803135
127061119
192892220
718814783
296897420
514210402
648798805
49183942
68883921
406069910
759981736
341651366
991028648
909423001
543321189
709566769
68174236
60767967
324269488
541874250
456761189
456846192
418713341
86170631
890475466
899013167
830696971
517709086
35750434
19200883
968160405
191345686
862360549
198581500
85897863
420009503
913905340
171555170
645521457
597876531
466287593
566444319
647838794
318903220
543712923
519866038
357661657
753738345
333850540
107638207
233651547
837840687
68893176
706155555
624022836
547476093
692515134
440011530
552565217
996786227
728579337
742839027
746604886
288951856
251623905
73522024
757890758
9193620
704393074
912434107
351636332
628928424
316404310
844220979
341689639
87378059
936112216
212735281
944860736
455752640
834972302
231888188
791562225
493179252
497849572
677827098
590922810
610543476
165700049
775376996
705059084
568412524
923993070
247130032
184727403
898154703
984025922
637878290
983075663
440080569
800385089
787653400
257503757
386585264
20836679
578348402
462523824
768666822
538912313
425288250
455591683
694404144
703457684
762535265
838433059
199098002
288702419
739907751
386668283
450875263
574266811
778441321
478647483
696953671
615138129
853381693
815877859
346411972
99114095
620928780
844954249
362123156
980278641
916185565
596441409
303196589
985190564
173286351
27472472
335896482
662922231
826014061
899407812
831990608
3052598
464762026
524880672
122217944
792925284
933560039
673048019
290408783
153088325
833391636
264244553
860816523
169201593
739909546
175216640
30506831
185393282
324508087
722469538
899459367
494357257
275231256
56641216
182106520
583705085
422338803
76989879
571499887
83054731
684101242
479339823
856993631
258771060
954275643
148268925
845258802
12542060
548769898
968883126
249131186
796498934
875727307
700448672
725638575
136141348
252186386
4841891
499079131
488331229
75264789
687813219
438166585
789784129
801476663
684727463
791954987
986215164
457750457
190541829
897398879
372439081
969970540
182086878
676354897
459965191
396881378
780759722
542790443
241642808
220433570
66958531
983039701
951152631
607746389
510914839
751461446
234974991
270359802
648616138
4397999
702613581
394738677
565660096
989660607
359213903
346517685
441423192
945522001
414529426
752995136
658682837
725987381
263161018
82985689
478826446
957548767
992517855
609138816
534873614
372069968
899249406
931488586
715059835
787260136
25825132
892663882
693645755
495557156
66914555
917148139
750084232
690621605
885046141
49129560
934912261
336990324
814200625
530626552
955237276
177806391
225561847
512081976
331658580
980108862
338992919
90626030
312913119
195275257
199385419
406606399
267712731
73700349
606391913
863124566
191012370
188303218
393156281
465926613
186376430
764132980
458458950
687858796
475882451
879974086
445413033
764649813
841373576
262889920
220607810
165380545
547162202
891223628
446914171
256395863
970145530
736970565
583207606
641568513
333737859
738695426
595305480
387888486
717840644
222237002
365581393
386990554
440072117
357438941
952135401
214369060
161490760
696753239
258784609
483306313
414555027
387496258
676701366
10412338
506111932
850697520
17899254
781237071
606948088
508851558
969772307
237754051
104531493
140098069
895649116
586263556
354842577
580464005
628662529
629383145
589510454
381606952
560590941
828002003
235691233
794070358
717066320
698026342
541118944
969341507
969676440
899826280
935543743
971625212
58335928
216685999
125036122
289785626
700573935
373635981
937146309
337842079
503842953
847465560
698548634
619351703
390518760
378683543
332008111
967560857
908128130
774337584
344103444
873228287
306835783
283111505
70256153
904210886
11648792
375463212
933284309
986432788
523411192
464333914
497757567
41058587
939878634
130046192
386595162
804839921
34349655
628745787
767411617
847587891
333978709
302810769
787113062
904752056
491167096
751410938
949028005
764069405
698166311
43652153
706114155
680351428
150211216
351465445
941708008
994426119
815472071
840347938
714870878
340815421
30071509
626027824
363195606
737292369
631470247
226066
574500162
442287402
246997818
756987865
568033030
98031304
328376624
291726843
394881826
13583620
734192342
99857387
135908728
413080124
174502544
676485819
403402667
478648990
303569434
283594595
193618532
954608174
727271216
294872680
208883144
7615877
749829695
821563935
772932319
699171821
889575796
927831211
852451417
537992618
250383733
412740165
292461247
968601863
695230455
138485490
387458075
718029919
59989836
976777723
756452399
551307754
121207718
40046495
764883177
528057028
857392670
76562904
611546164
833351883
748700662
769122914
254616906
594068290
392252854
506796900
998012859
76861987
688599800
204086654
961625317
218084955
780281207
283199375
678730944
436502669
605672374
419275336
709145222
102722329
942036723
255430328
771214669
120486314
676634653
813605273
699555376
18465816
509946729
881140988
7200045
758093220
969417037
408895290
24779045
449379546
579607022
670699709
831252569
925184763
655055879
2612255
68117742
171463715
752547625
840793626
983084508
913246713
851210509
479313483
184847972
711581779
544434561
470004186
687933727
874966725
518826056
923022333
591778513
770621465
145744755
669832294
726330551
735597411
383123221
419623992
644882289
591640404
181891964
459521069
590456462
464288595
778231931
334651641
323349774
59577960
762598808
431942708
677309231
472494935
201709392
128697231
81455568
597459905
859810874
627048259
903251855
234463642
774580933
713489946
779990295
997651776
901549297
460263504
464126036
716224288
115587819
865272929
615188901
194934076
469078255
542071223
515006801
520012719
466528853
30874678
101304264
635276231
248248767
891508633
420747321
738657607
2915407
988122812
121251968
278540188
742520319
842596080
216457578
299849081
71417525
634561631
822351379
236642789
173265610
66352017
680817447
405223810
979832554
29726277
391368688
762022983
250430855
686409317
556874501
323609992
937282919
406189044
708330667
846936323
481894873
241747038
410857315
481071136
274904522
816992692
985678584
256674607
516796902
24830947
122823977
312018113
456272758
240260678
60951969
48435057
727360293
91020841
152749289
410248746
40265383
171850971
480053159
446861558
586826496
21877520
268927242
478563548
658505151
256967887
544427713
283190578
364447080
564361859
469070332
298152775
778158591
389253014
981430188
198737471
875269333
161518305
877012153
757831507
224122662
638900318
593415444
686693223
823441974
838557625
399673798
734223201
874190986
683804732
272485912
14473567
318709992
23880711
667057341
548448573
789900989
121404967
984935465
244852843
568833041
453158700
505066741
406071081
648912250
244867135
378133773
279120233
11198149
502959389
476963680
163518082
436412762
358910649
522062006
903351868
595073639
363508341
888673651
220481387
396495061
415872033
572159477
334076162
32512118
181751360
249578571
70987177
610990376
202835659
779778207
805626597
26760319
936227063
190831642
57222159
95968118
443258825
247823463
396893620
328334580
156857189
667287425
510490442
719541882
4877854
792346094
161044117
21188091
41572660
146288806
852899162
730056161
172312056
748393936
567880403
325549801
504894084
825649092
28608737
299103179
852430716
431309558
144885641
538984866
264142358
686934503
367833030
711997195
955870816
669880047
282860903
333880719
161588112
965157331
47528867
262904027
29400916
799782191
780346506
731923334
957790315
871297388
206654355
787479188
230352455
438776268
711059044
639245352
376872
49269791
896070197
192433970
858961342
884638707
895015235
524440479
361830075
54537852
187932108
284630187
470431038
10723431
633310365
934102577
301423428
971978645
592839476
133198187
899476824
456147567
417620555
134874548
748312146
572786931
4121016
939356858
122297988
514028883
42436530
629843839
94724187
903170369
813433528
65570040
587928913
871109827
173357762
120429466
916524888
575562141
743673602
387670449
546958326
551118832
228261937
457139485
540552387
606630226
506615716
470328210
337214767
214279333
159789607
403465696
343293401
510605940
300656442
351945754
553274855
646665520
756643218
738277407
786015480
430413304
470828241
381292714
996532916
421603421
721316792
538481044
158257548
407275090
507949048
439669594
186340732
154444199
991419651
391508901
122612288
598134788
975314395
153883625
200020681
256459532
262482148
290587283
886269867
735468087
901935323
61567129
464930681
964592821
897188249
593906706
898816164
571442107
788089783
722190936
179581144
526607801
685207534
263206347
548097972
740988402
686504999
56748147
688522287
178835125
374437993
655969316
531229609
320394085
665826576
256518102
98489458
532960149
667968109
878359438
324504610
856052085
441791847
53907708
581162427
785512835
562495691
294587866
671385029
828616526
562763464
58962614
91529229
34049274
9414675
937323387
139906730
801174809
970548680
377242847
123802242
140794179
309432263
959792989
881193970
18048487
220730603
56005183
631212964
364043844
440658215
272281774
323976030
234027123
15109650
280987408
873116022
792052146
248824857
942143246
460308741
861591118
540554334
216293903
498691120
933861456
215119135
215587379
724608810
417341021
627129388
288841978
117279725
225140405
678464852
983214796
627657120
269238403
238520984
300365786
845960701
481675728
376637132
169913919
8076445
310191136
511719062
908761999
242631869
133895264
359464388
13378510
159292925
439987403
734014561
628302512
741676967
90214634
287052202
347138148
163714273
22820305
810392845
80676795
717313219
786940696
248137733
622656465
13141142
361727309
537180951
910053893
442371148
351477274
619066589
715818819
942584738
829228818
239866146
198518465
32457623
244479455
646357531
396764761
190179902
539156885
47071950
334561051
102665482
273269259
614643806
688875833
317704246
556684743
40297522
685358030
39018182
224840595
448144587
312880056
283441557
529685834
622711421
400171908
277510123
62583969
782534621
364381165
493813219
479371369
933810185
640444774
149864490
137230430
203643359
166026637
236295936
944426663
760814488
985373285
479563897
146263520
477109153
219199106
205546485
228202173
384491687
402419451
319077439
782214243
597168610
730054146
389831046
462974467
351855108
366168891
609510781
959927998
498425821
31260598
797836496
424003973
158977677
204730495
847210622
945683317
370267419
264441402
350232007
598405487
513600879
731769742
918435725
820517474
557548901
423910062
165881986
746353948
459043627
809833463
48306430
217775925
231125820
994439819
569078528
850768922
166533322
113292869
395161473
470471458
358397604
889542864
248291992
187071555
13161576
339169874
752099386
401723854
744796563
94049129
177077312
902149468
569826591
407705310
86512679
271216996
873686368
204054548
689397228
762449214
185571354
419587573
629559225
472190227
662942702
200707036
721957176
306733531
568067089
497768265
212922402
601028771
632872515
219032081
120638632
232317564
390049263
849689664
771797467
491516998
957441048
672336257
896437760
378334251
844839584
910878859
424504043
659767433
111825694
450689619
925429327
602543047
113202374
658929439
725084508
411647828
549778331
580788465
299355560
496927405
157185174
887395795
138258998
227099920
81879632
540257635
923532120
48012486
712549773
258140025
124519308
286910435
628462638
475800329
48026488
1914661
481711974
837157838
628060465
384474434
671274962
462594169
705189933
581518660
403842779
299182361
151146176
283982538
988303733
270204995
622532550
595958990
537351093
939973450
539159832
314767399
847527228
779928523
762396498
114376914
374945478
69845052
313810928
108786518
349866808
562759810
96615456
619124959
260950284
529520497
541166237
94028163
986214130
945752068
686692243
378083289
222912742
84743567
938464547
399845571
552937578
114490017
670272110
190312516
446180891
858450531
579135419
597636216
418709660
399249050
923878788
625359195
589391452
353720182
388017103
651651044
185681440
300019817
704961933
2247794
140718392
894213468
547057940
449160022
316733324
416749238
209236751
502583496
534743854
454494024
564113452
264227961
873650453
881938611
304276211
353894214
708524378
67572286
876886207
246652944
419656504
605380079
409505297
444598410
798006010
67095318
120702123
342340589
591870431
216071012
61474347
677690798
443582384
274844867
721112042
813149853
66724926
839906333
609284637
667877319
431048227
881445970
602509219
946888577
352381293
578409279
882518442
147487165
284905499
456636608
665970644
927923960
918081332
438285252
911408491
503541457
852476263
733395878
687564703
203195160
196101772
984149645
127386394
319742657
709949810
171616637
198276736
443298069
574358080
604466680
90545607
15045827
381636727
104171233
774038923
130719573
828093225
136340026
648240977
612901123
252524243
234521672
422447692
183618674
858451938
366949750
594940584
462126925
566064756
525345166
645657473
921396779
828109697
733910849
258791005
569503707
774655707
513043371
190594842
749299521
194428685
162553347
994354809
541627126
170106565
99704802
242873311
358870599
10423924
127094949
218418894
69560929
569649038
722414436
351775978
147721069
271717715
245942981
97007955
97612085
427446964
512857461
989766222
732626719
235052935
423900098
995744024
78768730
431729968
247304127
671346516
632251429
110500007
216040958
416611686
743062047
861062812
724119407
406042141
422488749
939155580
338671261
331368703
419337601
578289084
487355000
680375269
935959125
894711194
631369261
808688751
938534136
720193643
341010747
778451053
885185134
961887750
134751978
278190098
669712558
608959148
993540365
654775428
249937975
187245044
95401826
258084474
488328151
396143175
775165646
720432742
276857307
646445260
704757580
997256542
754911001
648857634
61796296
85204394
174958852
514515851
505482913
311797054
233420819
902713447
359623057
283408200
542371459
808252525
754113247
318033996
514765789
607152191
375798810
344734279
853379929
825414068
719081875
413714362
787309518
478482946
651606515
218132500
251711909
175032790
68002127
598708639
155388371
995449668
823265250
11461636
837194673
367210486
648531525
940940793
855175568
812303628
396673328
858769004
343783560
399854
985021030
582623208
245735954
427329170
550278608
139916814
201975040
913254810
872475361
146569583
402401053
613353293
777681441
701435847
148733824
188411546
683350146
406244394
376032101
590104863
381022554
234138365
713499879
806151059
796800881
205325494
118836689
112733998
25233355
655430327
257718412
813915906
569891077
567111839
801719623
798243761
579679221
56533992
247650624
730340742
218784527
711977917
372394692
475738265
237688299
318275922
869171302
162836555
424822745
988798812
25592623
524379864
525029275
888796437
85018884
191052306
110168133
555648535
593111992
731935879
173949170
969525920
337674970
683196679
101581865
920978513
869699890
222285462
316560745
809052296
271183227
329698927
38622594
200000577
863795182
385281929
157487096
775245690
19386487
325985616
536623029
137854670
702173298
548127219
942630863
249585842
68516542
22537461
946139278
307941450
943978510
843271246
70321661
475049950
66151207
467519985
83061946
915735400
643043906
467436087
111542243
51611717
42356682
354612622
306840296
435195468
727578138
854865489
132162153
458400578
611023887
577210634
323466738
260213672
880971372
892383423
120798419
996048504
204714343
423528563
263086145
327454013
388215822
349121613
406565262
923738315
194432441
895091726
352716655
240409692
476835770
805718982
474421010
577030137
322981236
710791739
642429679
794559815
417204144
771815394
307446920
468209975
105431636
970101010
987724401
97416252
789275405
681252288
98578778
453062069
935661424
147167882
947456291
256346690
173018527
350144786
244344795
425662873
59597147
685201012
165529182
511937911
863747941
407880094
956577122
751616449
245091561
58563955
891512327
603903577
935256104
345031626
524117111
638983190
888552778
809425204
611024343
466869570
917922511
31604039
704501088
485623325
411519998
836400647
436779564
687556181
730330377
401979212
946011332
661685946
591521685
161097468
545392492
593924544
16651034
411809274
439807802
399402351
735809342
262080023
589718600
174905878
822138640
182834492
339842463
825365742
175655070
321039232
352972055
183719492
572201204
152207716
800816760
967669527
193284657
418078129
293242021
709098644
295014574
898825978
568259770
48014467
902156524
261140046
744763183
424774161
180737213
406298440
360828758
27763883
745986330
647720030
661738385
682355855
373321617
980940946
504499924
339852031
7273226
353826847
883010931
93912329
666958127
331855903
473182499
568267320
647594477
955336007
821614450
550806610
22917302
125113555
387701307
748619839
425216111
806530370
721326596
32379610
987866741
201420255
138281033
878190230
33587788
335704878
891292258
997109296
605545054
442974755
331903715
551954189
164604261
694477533
83682564
190967880
517046470
194073281
430150645
902739339
623537191
211609961
577981850
627897618
58174289
725003788
452837312
573528037
331584942
105165532
378900544
510047570
47795098
467189153
238490958
463905653
405815724
471249989
169663959
508181412
662566898
592009044
435356480
846851842
130821710
976157442
304965802
761249089
245789469
266719199
993450640
689597024
936099687
160459821
716815160
198021559
488630845
51296009
162927963
918187007
349217367
363708123
883889309
921916682
76340894
300170051
231341758
836686060
578513974
915754596
280769696
213797089
893928627
382174973
348918165
49166555
776763563
444110077
544283302
793036663
287678101
581628910
571279351
378481552
90892675
110467651
242116005
283842923
273075794
876099211
859131035
306217898
341204288
696141548
81214139
582058134
781838050
450068115
901571809
646780276
496083537
425100332
266228903
163264082
523334907
163502081
252250065
508809003
523732767
415115169
538227823
577025347
869589610
334591621
826357811
806709825
85836737
221826798
543661173
535999448
739669620
681560952
832078426
679400226
559304425
354156755
25342178
102657538
120208192
654074470
955496936
198934413
1230657
762276577
967172311
654885695
853983814
374434697
760516522
445371579
607192516
998115992
452994796
431319056
195341005
658839189
23422273
696650208
581320452
837886763
367411315
120022276
53263943
319197025
539279216
227159951
6649996
437939555
631507849
64765069
