789697026
74107585
388920596
819909520
673538849
171950340
734623657
19858414
263146761
520109873
294607381
878739219
965821417
87789875
874850631
522188343
248358648
573603262
648616345
941184704
338877281
423599531
33487551
215958546
363387183
786734271
374883944
765440159
287875538
348468409
2124905
880432101
590671086
930906172
540712955
775052887
439751138
863743221
376452093
427943712
957444274
585915246
889706204
120102760
57488071
703900478
678323171
676175777
46999497
518079898
237528384
12403262
481625373
55991470
434059164
466029920
264259894
531058739
348171343
803792719
514088385
264433521
446721006
345373401
449245986
790145085
392406821
975753412
370289082
315922330
595406383
140479233
588221645
916529778
681712557
8772308
556534090
620484825
244462688
946697221
643546286
122732440
985462091
587646877
76186983
432859996
325085676
481585185
370594060
301844981
83742476
532567345
308422596
329195212
651990252
425149825
932339210
118390167
421309979
628124890
281348503
849963228
873234726
546235046
801282930
876756659
891893401
885827638
840352763
171848685
388989473
894181875
662802873
99351274
972598717
309761867
783099185
94699836
685041042
973105317
446846171
564466865
51100696
713386946
540186572
445282318
188973136
735909111
824205672
86414281
30167342
124569126
313472318
362334301
651450876
427322516
686830487
259549054
875016011
701817904
14936638
896199313
699723031
313343182
591356584
863658916
990367308
141469005
703587949
924732581
107610804
36176567
844675337
809188710
327572449
580100063
346016879
679789035
560893253
747390094
18179772
425671958
870927179
452102614
382864736
467825904
835946546
806238068
602462746
908336605
664177399
827167165
320417031
443554316
73344382
454104639
443728778
53965345
549877642
753662510
132552154
179585383
907864044
949613467
675596292
647915075
892861145
536753917
332836030
907326195
571091340
332644958
812344562
692878432
716067240
579627000
177815421
449704190
918820382
783246929
749011243
728254058
661837967
43578310
18094011
34594042
630110850
435721308
181009110
86563582
566568776
313619491
76224077
595309244
416892913
704374054
751906510
623233850
776322019
198310703
634673935
528189722
739445599
633234126
157669416
781779028
460496791
5036232
906732077
803557829
336627505
504144186
868191743
647947860
488263046
947738826
569795605
28054018
587669685
781484220
344019173
190538563
734133175
56809760
96499811
474830798
837380419
877865447
179368043
277600821
533742188
833935771
36918155
840138973
698968906
848004152
571531086
759585510
465630605
654643548
760157695
714131243
967265764
79627250
238601307
804713971
787976895
305126165
531973933
656598597
963602241
196830065
29878873
647220305
49062264
118362194
469844334
325774248
948274649
553601844
661702067
107286226
54970701
177789240
986293100
708623832
324197884
604937029
576707522
13351753
422794229
43672742
445530902
876934504
546921231
898280193
445085929
65207480
820975408
596026938
248958695
298326384
838676604
56747647
5345905
932391457
423283864
960299580
812804388
550027144
704145969
616755153
572547443
835399329
651232742
219918655
58664666
932342178
802837518
907645743
585748489
896546054
729667697
323257290
493716466
761085233
510460558
913871206
781737776
941212479
564270787
94229076
347285817
827760350
597141052
486664893
403988685
110434677
746530014
46917241
234946263
205472185
246774693
492074694
743423011
317638715
356876787
714232298
139783327
283772944
688661958
578089887
112472695
743662033
477838727
488621087
931844602
809447676
814193119
866718092
293001196
59409027
635892142
128183238
879359327
268885159
847025437
687182306
468106138
147997330
78474467
546802246
485661355
992126284
931273031
212711604
291015630
505813846
89105685
941770502
349131295
373423074
892290496
469360353
741696412
150552255
527337417
194287836
315871095
206517875
283278976
409255129
498429558
135660518
668149360
930157576
683401596
373619991
856988443
464538755
728942464
371813265
5751831
985827691
649760570
93273950
167244328
865471273
300139000
785404766
771800423
252190667
114663423
501525895
305952419
124658241
183089281
39109601
694436034
855587769
726553134
475780706
812178968
698972240
356950834
494017850
163760274
932001484
251943298
180898493
85885335
417231327
416756194
907609887
43492835
354740333
446307108
475953007
340103800
843209352
442682704
715794015
661427217
21023000
244095672
294004759
236846865
82391186
873743151
938164267
309734961
449269662
254746662
416511952
939714697
129091967
465531843
79053891
898607458
632341010
181582095
887799708
705908014
822124173
394203147
168120200
723306827
437486052
547376833
319128509
333009552
267363684
495932627
378260154
123040531
152686785
792350708
100404081
692252095
760764029
470986900
32976544
690639218
510352510
534858839
741981195
156407017
694198733
871179386
378684144
209261051
560437960
459741084
475663857
594726578
72259903
777155752
767381899
651066229
703943426
376750496
631731851
896545805
496374730
448801396
878621563
446679203
638499465
304744906
286940265
933732502
125008607
124391560
847515341
708296095
271031047
251522092
404768829
405350013
653187804
903867302
569143143
423066960
129611907
812726139
752906409
85552256
476572672
151237881
71481343
806385454
939467206
94063063
292991069
357588796
423181502
740831010
494802255
298123525
406464324
976723239
445946559
851649291
680996998
960505239
110889093
825307385
364513206
441214412
46816249
297442510
874143461
129490937
650098156
349486243
295588258
703162626
282987684
482992604
632098232
354291445
799324989
168498912
777087245
295444456
459188200
147319287
423869753
163347225
296829928
239872673
344754163
258122312
667633262
983286623
956430375
491554992
911224495
902732856
776043965
747597885
573574753
639871099
478720518
949734732
480010293
478578393
107347089
293835118
40581464
672828546
412686358
608929120
768220843
50005799
515687452
803333327
983069746
46693220
256419906
343599778
587428760
561373083
117912636
429250678
995639462
977852462
595400956
549189401
859352159
762598255
256833877
640503473
406531564
944839492
941227650
518892475
447048835
185255398
533060293
194462925
1274795
570436550
272822317
300581213
907042576
840043679
182706200
70440816
470699529
603829139
646328297
237434999
349341941
864004773
142880899
323126103
238497840
240366250
579296542
340511819
273618271
765666605
28816787
272159672
321074549
457730934
828210024
240035603
644451069
750262159
859987297
513892883
118509231
801499766
249735070
316770071
614485170
395523178
183728003
614166055
594652217
8384817
857983553
640036017
50834241
754747720
461160557
85773010
870404826
78553227
789186611
932298630
193557885
279369765
418703118
791470252
506414213
612083498
220011595
94782132
735066523
17522146
944163494
896758506
667414045
249546366
996862643
37707050
68626019
921854950
953137814
348441700
963629433
258660851
561993383
65903588
251820525
343487989
488872433
294357348
60766567
169505023
64226171
375842491
171151591
943755985
857259310
518862772
560449610
104040172
569480501
50089019
836074439
193010374
459337983
189395950
906542871
59775235
244873648
100750211
198162826
913678998
778269449
454842394
765614167
23563871
880893447
931723197
81558511
425734511
54150564
440621561
469934434
163208394
58077667
780615888
493282621
408553990
846223984
627960954
675218189
976977834
458376983
638098444
704189996
217787510
32289346
583987593
753390294
348854127
350264811
826797524
64626966
135570101
490565149
35055172
525528253
540494057
65546393
640481129
585872111
169306269
952386143
313057450
480699382
700035044
539260847
82300380
621032848
421421505
100538767
734200555
566169110
780633953
111157164
705629038
776117154
228585398
625745891
944622467
102917059
938081962
370570752
671062182
609631670
519316836
111794503
686655903
953703331
865070094
580156638
652997032
326326035
744066229
799678528
429021083
959533131
322914505
547006291
644668226
915824215
857006423
478758413
551955560
830971146
982873906
42332901
48690151
144403290
417823092
649869138
514008445
679879348
253378267
211287546
142349449
855861176
78921534
433406997
674932488
759492945
356474146
817679516
8309003
433178200
244324710
481722989
236063169
832077783
485018907
766047997
467890224
596560830
495069993
856832196
699699739
850152737
870789567
949013141
262955279
974789986
388489046
800896951
257000935
187741714
317041907
813695050
59206683
381312525
758800894
532774399
782828662
906969799
924363632
874484327
267871400
345081887
37269234
134150302
964177450
569184583
871523217
413672620
380990582
612706939
15576178
787663
863109657
966408022
412062281
430620042
703829261
182830562
637873895
915174215
302265870
322075808
356667975
318826921
922604544
895595273
911462286
684081065
930718701
429173078
718023775
308351973
997542150
637188772
34775645
237489461
79260084
859029090
964475782
336711023
944699251
543599322
14123124
219206243
998234664
949590293
608838414
792981619
230219529
592292207
519178927
196777691
514579468
729658618
782814990
586503739
37466063
122740575
559680262
38492217
461791400
262377615
587558015
626718840
402810063
427463795
88911650
688690787
290692514
289995761
337107980
589286675
845195663
62479351
91890163
136701335
726516919
992010757
395461945
383868776
445477130
890952588
37580987
901841619
580608800
792402732
580456073
96321313
164433361
984873672
872300180
667833818
557147232
926958640
307849813
245045488
988670259
784911052
350022425
63692704
900660233
94131232
632020859
892155430
476112394
957770352
85630018
811177516
93406171
115780994
401106368
990583559
442779340
577283759
936662815
782379138
624671390
859915944
506005308
644461662
213503100
104919245
714049456
117223344
368282097
62057129
835054472
8164741
20239553
860862262
540507202
205421370
716081780
339445010
131645317
554125116
574455351
571468239
923437956
546569411
143524090
259447671
41904226
30592979
921723326
20510746
375974879
926777779
615951191
823859905
161371890
72241597
242173767
719255731
776187886
626265947
879652614
443190339
153618224
220406234
540764082
957649325
639362087
320946533
294368934
913311212
654378505
742336088
645007555
598877876
597367987
811786088
643418432
844193077
223108295
333784381
802312541
663315436
469083454
638127667
993976458
937742358
71777999
945420480
242737792
498218903
863112493
339136025
352468118
597775380
102725983
253499905
340739877
865950874
627153022
652194868
426771186
406871246
173394440
581727941
162012475
745919876
163114668
964561165
408161321
779941824
326088827
754788102
637927661
806061094
886907039
729346943
450346967
106910994
605011101
66714452
839805896
541837528
762647603
97525140
327708605
579427823
516193261
193983604
910781321
774346120
241804411
649008348
557006294
25954019
720367011
47290356
363601597
261046522
149919080
877459858
979652979
79996540
960498380
761371990
621197609
103510259
625132235
90556257
356022646
221146708
326516791
717603119
285364608
843200291
773397167
379972259
565938960
409069228
612035475
526241792
544452163
886066981
536468221
178716143
214017678
471451635
759977228
125672960
680188627
30395090
75061662
676028268
690033863
308962710
111914169
10981104
720982419
278883831
255296644
5062415
874839998
254641493
261784944
324656191
31255279
439860607
606829277
2245015
566617364
50557650
320467116
830265883
821724270
853639113
693079478
960385410
253855026
754299257
234201064
625132287
679359372
906437624
497509942
507349453
497284445
658176265
234262907
154263893
835001203
965064947
984051196
422457073
248114894
175149893
933429239
791491248
563613499
92258271
57283542
283331702
17503276
956007400
845133771
345958743
223464212
220847197
132613516
641059821
76252241
995781906
989160383
555948273
158597658
50851319
228018772
549668045
150050816
103146826
810923156
124944730
61962339
287824190
198826976
434037060
45475113
69746279
822970078
546094271
960718916
39551653
799954414
143302706
13089195
430180593
809393403
56204423
225140835
823918448
37408130
847234245
154293448
136738263
195924589
316140490
839073198
218222314
245092307
770007764
381799248
340484067
974563298
646666472
132302376
518424457
901267501
150724515
797683743
857526172
183377731
530042815
873322937
254593517
578468329
702445881
464386018
997075149
124231287
824759536
147321551
108612595
234363302
368742819
161062339
447362053
968795218
750057770
887578846
877573260
151260598
266911345
482672681
992118421
534596149
400574403
35158414
671711604
25523250
814481998
872778834
329075616
773447621
480676145
354969133
915351799
818226408
964707932
502857007
529146823
265562767
449538274
639890239
314244239
635021780
40687091
281025074
734050280
944781571
886327828
178254468
949345609
403750731
623501289
329171511
836139248
991104700
122654196
983529675
695658649
599025840
759070130
928181656
214227084
824893776
718617151
298058484
525068770
953262128
876606357
182760126
986197014
263550809
310876206
828044772
724129649
858138734
134323538
382580116
858304416
582387301
521322203
720957080
2261965
257866238
335922487
615024534
388859162
798632435
734230695
666025235
64598178
329347604
530107662
762087207
897296370
225945764
112033969
10964490
339297844
395652308
347936568
948538065
502530692
203694952
635415482
419745502
976405717
126075567
438954603
480793306
438086620
41262228
623762723
31936213
786954371
964728577
90636591
122807982
800369570
942433276
326407562
714073443
755904466
53349938
374472864
783767954
858788071
253524339
856627161
493257405
920838674
240289342
628148505
446584590
401809111
32787752
508542028
904788264
92625031
696323129
342160603
44823810
210193572
289020695
384760171
483464390
157015006
687157472
702215087
148258508
434208783
63416005
596158408
805530610
713645396
606062703
835613846
838242460
53225358
745933031
725367803
731059070
321272799
176527741
648076689
356622773
350893418
651200520
210814346
892064723
698474658
913351599
355655383
962456403
346544517
7598047
323868946
800845106
111773007
361825794
298049291
806658708
829240075
218138381
845593031
799732741
700015770
145536788
986630181
319704342
154741216
515264952
728137148
97607687
561368288
346134337
72804491
335170657
657315613
2279344
373681674
759582836
554879783
58222941
90359903
863888319
888927519
301959751
624663520
160170542
373915625
48859579
301063396
228293893
685293837
165571075
545690168
427350994
334616517
686614269
194938295
135225683
485465177
822009786
975307324
28489763
539169742
201225727
274511234
84722198
728860424
306894828
631572178
923738601
206650897
185507872
882646901
664618101
27782302
449779211
421806276
320088476
163375705
614370457
431308588
593483561
746843205
330694528
742316224
37172369
788105416
217209055
229825461
705903015
398110970
511303044
760298605
423354277
986554375
15057356
74280387
672553832
315195449
14807801
110724793
853707969
18599890
26977202
748359867
347268854
422533109
518066753
753066209
605632961
140814781
429490619
503808191
893071483
75246889
141652849
341775245
663338696
479590165
817302339
421480443
240262893
389052672
417217563
186886309
41745096
923531077
247741211
155635006
800947552
960662106
79908166
845529765
2881603
665183014
517913370
202300225
803096729
815204858
643314411
710871117
409973580
544234545
53330254
387204632
41559701
433501181
784090391
887074042
831642539
569213908
787257470
71810378
844104784
723805711
32702773
888146532
522855427
64489224
126253966
75263218
598018267
920628452
61987426
635197651
327952293
504837219
909091231
791787481
322579260
419824226
286470789
485539101
550880965
901757719
922120097
824035841
983551254
172996089
972296160
687266095
903770274
809718594
935552535
89342051
592119356
284580736
208923288
442068092
486527968
618419846
838913303
813167741
741634855
800107668
180152778
872940769
757341963
325284242
177887473
627045238
841362257
726867004
855234185
598867627
462619234
333574956
62832207
723045583
865182968
394753225
344004059
738774772
925232114
864165865
868472891
973362459
140000488
991685753
97920406
788463535
752183060
629099254
506787656
534734168
779241646
146886443
722536357
414133417
261656730
14403022
692292950
488272570
779669700
550065112
954285015
136533600
374908171
242229271
576701328
51399130
118394066
422165082
298724945
460072068
514165010
92949532
828554653
737555247
857971740
644559952
460555624
771345597
655159868
513513281
534084644
52578697
33792701
710407723
988868983
84173197
7618111
664502189
836468079
647286331
901624514
690542090
263397097
104452982
316002098
664590006
118998278
745822047
271356762
157510391
194401256
612598646
106942700
364963839
514418854
832440872
432819242
527655568
858482474
396111079
173261936
512740322
808667504
170382864
3206167
875480534
466681396
795695144
433829481
365346155
881586372
666512387
128568582
974825387
431178809
659233904
823159069
164912352
391230922
978133688
617253708
189798268
654289655
201044277
671860739
359937512
607866159
616893874
941897823
526768060
855985493
538746463
451441879
998197507
755814582
254498641
586443007
917188131
496212474
734784426
839986675
523404780
360439476
695921504
530727058
487276981
282759703
519576094
215068223
55990679
78531298
494168727
111809284
634886134
855935246
764121592
419098014
481961356
171291544
211422104
836528564
941665785
411092922
522237023
989445162
661809702
788900844
845795043
414629823
189928679
212396219
601679391
388650262
816862226
18529117
879524129
359695599
567115164
539119455
916178667
624921685
316559875
395395841
412870913
94452563
761697596
564058592
142927972
690334533
903102886
156482975
777541640
666009439
457255820
127904210
909879609
20550884
456966821
518069260
722965408
431031736
124759215
532175250
378022972
618167524
906829603
591979338
51517198
369433177
751728138
768824006
330195602
815167978
929385350
495841330
548175911
509111749
666534548
781484233
212908912
778963755
480036558
128465776
417788038
228457871
445805883
381367940
640308927
925577708
343430371
597927769
98480195
533208021
914963912
886454651
33896616
277925985
134746447
403147614
364153115
53109926
784132098
106993224
406823697
701705150
60377941
330639824
891535128
666691855
995706592
854758178
713632898
759463574
600383441
668493946
142243161
289387961
717239314
620591592
680914504
826843754
100595365
822261251
556382673
904166046
571629670
280247963
35767864
961212478
154651634
783543494
586589145
136112353
303799104
229991907
951523437
161164014
417811285
94015813
660772170
390742142
86346479
228751142
189134866
956598616
92559417
860990824
183995337
584868660
65809323
917683918
333974633
893265547
534976208
920117366
638671739
350711902
154298859
68978597
953373342
561773698
616398618
682560206
78020732
772583140
890236328
109205486
300664152
6420092
987390051
93954507
56283576
341056027
440930492
491931297
609937808
489699084
347543975
936493676
581051045
795805862
611888370
54883971
696426821
43213643
893848053
647570767
493819599
875340744
552413662
674832958
900074342
836476283
821016375
564098088
422829265
753430416
892392532
259432500
576107598
993614818
678397510
977815739
628405857
297777307
455048097
29309338
789291143
898901843
805728162
611561704
883403259
811570496
830337808
458958567
887046776
883547835
886300511
947395740
361667534
48168842
383889313
231956618
933405755
598036500
612373198
889897790
808967720
423510628
405087880
571666355
993372230
732618105
630737207
443163954
305885525
239562941
317493278
884937021
346081483
222480667
67848859
279725385
5931804
764771515
294978404
750095309
299273397
46451776
408227293
240681122
257688678
235559120
630953879
919105234
535361544
635042358
976828862
136131042
896947626
322562444
347725518
159268651
869411434
885147922
115371762
568377399
749253060
659615853
551201102
872847319
139792906
865476194
813456889
550475483
731585797
683508735
742642127
379817134
967773014
797871124
890826121
768971600
192053045
603127212
263839397
369526009
917520517
77641368
957803991
142926931
60345128
830196431
389462782
565098200
728061851
79344850
307510255
444090889
98395241
954751302
401432461
935631821
768395198
652576031
755492821
627838179
319158538
709760709
945431355
295769589
401433067
36764431
224370765
601112313
773399756
241164229
150348644
907615013
66452168
996905232
632795529
689519163
637077187
140575292
905536222
626522060
727784263
797703242
242730940
843732160
346002022
742627902
56013340
497299749
96924574
726004603
932849589
293543673
460723654
670593363
317750183
452118342
24535847
69313825
918433740
942796614
79971436
913010743
253662299
130502512
968390180
915641213
77661349
561115315
417633068
765676152
861319067
923423454
383156407
982768507
588334398
464553934
194160501
296268540
905277797
456046651
316193925
734247464
35188534
725373344
581742588
383271432
559222065
829408832
185303334
164212307
819868465
533000606
236719271
454696340
427437698
66605767
563168883
919561900
262197649
24372824
907158531
232563379
602942075
762347290
406929470
328924324
911932936
511917768
620133910
533819723
504049818
522524327
323292276
149998303
881354367
631366650
492982126
640916121
750447899
332053770
848407397
301544835
778256392
469519696
815868908
525299467
832208925
635796880
957831412
721611350
636662955
341814890
117886599
3486052
578099849
728128652
455027831
429374593
873841414
296361084
526420237
754539745
775579945
81604065
812186834
521946636
104456748
444483287
501043233
757961834
62513177
512921966
318585481
335011154
290493233
525752050
623522812
548987030
140347489
928474578
595538667
727571837
905259518
797254307
829540359
654411533
167360119
484482249
245720856
919061017
388061992
791775542
53120663
987811887
822874830
948467828
830978894
324172340
242448174
647495248
362401917
149853841
988175925
224097423
392111813
817838225
895651195
801768074
434358812
787751769
235995487
188341795
267717032
988035007
646338749
5170098
759820741
290876630
78881390
603020080
937192776
766722847
665395440
6216512
832807542
249980475
675375679
754086508
494174460
587015136
632463346
71853701
119147263
461152410
883956735
894421562
165523636
821703267
323029778
475128432
623029733
118947168
779599838
218175372
626189206
546849055
947665885
178553532
181204218
489210661
51181599
157298444
658960525
305694956
684228900
901275995
164862815
357359908
87774855
20932967
160650992
389463532
801013437
632177730
528590740
743593702
909351512
845829871
303710340
258025636
834991404
659070653
327097965
879074855
614380090
296042098
905026863
380509449
459655759
432670812
347503708
315922221
854464547
72153157
732505852
190466326
828891602
731854094
826939292
706281807
277421268
442912493
665680860
6620723
822453189
971754200
863937247
678349137
467785737
876678085
370495830
827598288
401547472
110688470
366582599
576339772
321678041
352734755
318861107
617600893
794112
838370345
428363376
118627602
523412450
29828498
717440145
362260206
228436258
448397929
463922537
631912077
794968384
836319820
288944616
772320083
385690682
549396588
79859042
50970252
280495415
122353529
582484410
813773777
989685664
369700109
517682180
65432429
30898242
833055199
862173430
906017804
440089950
940784136
170985577
998065467
318715103
280343239
159356811
574179872
323310677
754676713
201190850
902023559
277176586
979478221
171171370
6162780
220272528
795776016
736831054
582813274
348997037
946107116
482996824
959592724
760119736
233010595
590769790
101573914
497851504
612234509
154644902
13166213
529123862
493781271
310424105
111624566
698065450
301793258
30142253
484177576
13535659
658700221
365821951
452306238
673391436
269437635
734304216
193817798
528300728
125481704
805755833
795967141
627456295
399895925
434249419
693607670
71341954
584740126
87948980
97098088
661820176
503402612
686035195
469597253
392579877
279459216
275868662
705174051
331859287
789820134
690878896
557485836
960933111
351547800
210744539
464972039
589274828
986364025
16749321
772308278
739764722
325276641
445728275
98954646
923774942
782056255
598355328
937155690
397818773
740650103
158730118
206260868
857086382
862888624
273743947
310501070
526853023
547355223
155908185
770868681
662977470
914411129
82086351
322494307
147623334
949074971
922797477
86389293
494355006
418637027
399963081
275532291
233623437
425104487
29725798
574273243
852881014
888034594
830194571
421458289
253706164
119808060
673925911
100315960
278208791
440070959
132367493
376066169
990695950
194054251
796054454
541041405
589362620
922957883
437430414
790943992
183252565
435014224
382983823
422706539
267246247
737613635
467325455
255168664
766520555
470943617
412224961
243130476
272999019
566040640
958764144
989925305
758267309
972632043
137622559
953043294
861893616
557601041
36245627
950201892
665643272
670518551
677028002
625688349
654450522
158336034
939885243
776317920
91055205
195009885
547626870
544015186
495212214
952018164
319859821
50578754
308837878
53818206
309437631
549347750
839955323
17355429
310444992
838314702
210130135
129493611
834314077
208318699
538144377
916594500
82126612
684591439
4766050
994422565
240141261
370928884
617605151
162615552
703900852
875798718
744165328
556333499
917527886
791181909
231566224
43945319
469630270
260839165
146454278
766115463
183083003
712757657
426857418
597965194
158768474
806573360
707033880
672274774
720899404
669597415
318075783
115344881
71345053
287171212
622540516
883576859
184021757
592193251
814300451
468551088
552629359
984695891
37419557
223923739
296187694
275378186
984915781
524041111
476966059
977085995
982652992
15527694
819508045
335394833
65068783
616649276
229343966
704811124
405655238
400008421
829750703
249933861
569343668
434720924
614555156
667261353
434499659
135648571
124435538
748410719
626801673
673470157
848177920
894866612
632042694
289264944
736158140
428055985
919983534
981641589
951256928
241725640
745323347
951048346
379191522
457060892
14412494
150108594
278474185
8177616
676294313
906334028
928459857
537575820
496499109
899076671
334102462
955253035
994892154
879902777
263683180
141298959
42106756
634683543
867888478
104078552
760454614
325043126
754503214
289970432
384250066
452989667
871899999
343271521
381844679
601200069
162107360
744563658
318387154
339027601
259089113
642882951
346543466
372128351
57186061
222227624
705828698
918892300
665393578
247131393
869911584
766995949
108767351
180811707
662561127
431002561
468013817
601578771
326383693
504138452
663801764
728245576
68266995
655001519
33171196
177033568
878866033
5438603
138448395
158112113
524175546
555392262
655233560
48231162
477546860
351138013
670624394
803229269
559714308
962210106
121079757
607273699
782559807
654770538
393598915
592035144
848209627
640135729
89174824
679038554
601628839
712286783
493813989
455368332
273815963
47157182
658683205
576576804
62897254
8100718
211318663
481791172
428616787
191962608
640286481
534593755
643679131
186604386
264790182
302202801
96301493
619288631
66635147
220032034
433138052
896107618
665435945
561512926
401061119
729223852
817937799
399933809
556654351
607344045
512918031
620628847
979600433
642668042
987543222
323645352
781703843
388934305
328027868
184684358
259801744
857550407
843376879
301668985
107365180
57663924
188308016
754011449
263074238
649239768
438897038
647534555
936585137
364407711
616441672
738307579
826758339
736296897
617079922
946296538
247636755
121537698
67328424
582233886
641901142
247625508
231514749
520573784
53836334
624494631
646695753
44713088
939685150
867309788
3424249
754745169
682802104
754809684
46555808
663251658
115185743
280998976
176868111
459058823
761566843
416320793
471895938
409923880
978208950
652080108
420293494
796828296
237773502
308869517
666301038
179020016
593819049
358672824
377767148
344694775
984837518
327743355
522156816
890813642
811591482
876433383
787922055
626601483
538722047
288854054
469500964
559443461
352985250
426192059
446649738
150021436
912497777
871217563
457404130
715328585
753056484
956891845
381470264
680992557
794521386
890540050
770446999
605479121
389146672
481567659
549153458
711406258
956840373
165102203
180633340
112345369
877548792
693866362
392123202
738199554
244604946
692143673
174473192
529038168
892075874
56846910
684388808
596882668
864238715
968272679
911050012
354882806
78299994
255606364
801804343
614268007
742419040
787542131
590452303
738994202
259191233
941931899
762265057
554570004
423124381
365064239
508696563
178573257
441552002
157407289
666895258
124793743
647655063
201480045
539924032
974800599
424725322
596025453
997765055
806748521
299208338
653851191
489683200
376038450
458809660
254400
197540341
366704857
764348918
671694443
818024628
498786380
338736034
141853053
372532108
872748237
850810496
996406652
925470996
250660669
522479078
65049536
24970678
375398670
554729792
581147552
941530598
836680436
88428954
741905178
644565676
673347453
189425658
326706808
697525400
703406219
845722907
210627562
280099754
699117485
250249587
405879212
882135114
929155952
758911480
222172198
618974151
646866012
524447536
37719245
89702496
195794452
746291420
337458703
578215200
953048497
525539046
241025062
931439514
108181189
1520998
698434385
365152816
982586330
651070479
682795347
667896578
439763008
638482312
118303867
798951771
901890350
453260211
207104792
555551959
395657512
814286503
227567093
408043
84934871
608082922
62317540
855297038
103965360
778568246
510705840
228123201
704783449
618626836
457431919
114551222
280507958
189270514
642288597
356076934
880791783
919122765
687177872
613623316
79918517
166650909
437642023
577567633
419398999
346765493
643620640
981735584
885616002
420029257
390539324
661193706
222043434
529817609
973958096
37329374
563442868
513457357
251386834
245255594
899673959
614399750
406206352
539924361
749234381
394048341
606479526
117820997
192760776
882627428
540852631
658190367
973115907
466857749
121645820
646205703
719773584
594370803
96461006
677492702
471622207
380355357
703111961
461943757
333233564
252497379
243844347
66600915
722161620
235324353
616754604
990965102
989983409
347515127
893019419
531614936
700908667
736327594
473926766
194780785
897589405
275584347
76849126
650395867
665057095
314736484
873086349
238981228
799490740
5070379
185135073
788069756
318756583
152114256
858498374
888574564
989812512
692403187
63078232
348738576
465001477
134007567
69032187
140364208
168915733
230249232
489173094
111991521
273418064
391938976
346958073
621821402
306456689
632320828
606471692
357465586
564991718
148481065
710595687
806660110
9131356
605633870
415725886
706497954
356059693
473269624
284598034
519807716
840453812
358297343
531948182
701497601
742623527
866667550
671694606
845814133
78527820
950178263
138781676
178796313
440575106
164597296
168782856
678398976
375199392
797384245
293241171
170786368
572670538
445533728
944369350
620109037
110035637
903325833
647034618
502151147
354098550
856888630
847324402
254728267
334793613
314286307
755199876
847860834
340985944
683265590
869954536
171956456
259183505
456879104
654385790
390131952
510849732
434867059
44895552
771109093
420864444
10758862
40003727
532337488
148924525
101878256
751488024
543076935
653883125
209555745
183713888
790942389
223959017
76236585
647352335
442413531
42317386
177345958
652074915
890841465
993388812
768481445
796218649
337235950
373489331
897995760
691715259
93350306
707219499
350421801
211217200
185722816
961238340
863891434
481473401
838121790
402825168
554510494
480741511
229268610
612130569
992811379
981114866
776350185
303158240
605648511
259167405
395277340
509794425
369921557
313730050
655577059
285605371
8190519
205142250
554826220
5473909
931721907
659562416
418990103
343435345
171342844
642536959
603422661
797762285
655976860
597697728
937709385
245631628
935962631
107754082
510955718
452659510
826571764
887687692
370890095
741647071
61119418
167544781
743312210
745236695
603485060
852146635
904299909
84214493
174412315
877069299
876925200
514348157
441467830
194079757
141592638
398735767
975453341
970433646
215618655
841360107
958966093
434656234
267312019
177410178
984400728
381064861
513694044
323995031
869783162
617670455
384093865
562635848
602144400
897395916
86466872
554316591
565080967
85536651
426816991
257741622
578463783
485478388
764245010
933929251
373226933
203616076
569781470
9134128
579351554
161164881
216940530
454156847
464496455
437208217
524157056
179627258
148726530
372280179
630322298
126031623
40605479
56973065
43230000
73642036
755310208
756853857
441294174
938674451
799874161
519517659
322831558
967579973
149291505
649431441
315352338
809565539
57419778
964743185
686881871
817675183
102893489
417959650
8453845
636696500
728779265
441483678
90010081
823524358
969713856
835408674
25385235
163450079
32775213
638082118
469787745
555907147
459727482
19826847
899680814
232533484
624110918
624875149
139014408
792059407
448242124
437180289
59406857
55025545
296765685
820944235
939344398
473299926
102389348
992356045
42400521
841544448
781533929
423678257
590134386
648292265
577430720
791943856
32055731
414906231
364022124
349591086
579429372
183224585
511449788
911703080
452723212
183961415
803869390
856167716
41852717
86165601
534004445
908954370
54980891
79326687
946853607
755581510
230192279
248951907
197379649
109178369
29370569
821538334
287420685
44242202
521443609
870241241
466789268
201507578
590729919
675334133
4452397
931024552
476401890
896834615
142441833
937949238
239399436
107323580
887660352
936223356
367845098
603845295
993999562
784509150
898126731
633259144
621080103
540177001
814446083
762441615
883921777
465361392
795676771
807416434
912196107
76083713
134321777
549080162
911040495
450432351
622971493
310935960
433037176
772232641
242914040
551272294
99476834
429786699
60349689
11550922
587389954
540493420
9889448
381187484
13931911
571041526
196831269
495828427
614430641
811382901
714099519
347714651
512724913
185818016
848222033
2171660
503753067
321952834
331313895
922048313
931287363
102669936
143136956
274366579
316620825
616243587
313085303
879679393
779362785
384596726
878816801
165472857
744366428
499522926
43964679
230374266
624115951
669420672
467244462
653036228
479416139
881093032
42835539
658459389
128109317
319188922
249887351
610592111
522946452
561461298
304932628
757111597
832954296
790484736
376978727
484088901
534707104
739075127
11437682
288692888
602656180
977677502
508159379
159504410
457787084
754488082
255224810
76967714
890895886
190299895
686555063
700539987
473922457
822917367
537636928
931129570
41941193
773061861
646806623
116314825
122207455
492045869
162245549
610246486
314851051
850310963
361483877
727999090
122610451
196957454
501368697
788798791
108748677
644516616
257651948
304198400
532784077
692079366
769326430
293299735
312554732
356686025
357090057
672289934
34623631
967095508
395291840
90212561
836171132
767747015
939241395
365231920
438367225
292982229
498042302
300137677
316955449
94667264
464405287
597751398
140531088
691133909
135820487
908885186
874976286
299770918
233991653
474143745
763551577
426252018
568197542
628929822
559219235
35659961
15323128
286645843
823180967
158734710
354923300
489814032
130158236
390058431
65006422
673216275
649142745
278445960
295278710
399319531
847973721
771244951
269341412
571468681
263812949
296570116
223156608
491984291
426846915
934975067
299919160
16038794
156921270
282887670
576571879
703104707
575208044
5955412
351981076
245475154
177804039
326068776
656610229
639577916
244052004
194331887
722588629
924738759
723325967
258473723
256570290
648568288
386685598
401602123
51791585
417544238
558504697
18629693
523652593
172262660
675319147
86739613
794432790
496982781
863258196
929627251
176946698
415889486
974951516
845987074
639835122
484405161
681361090
993246864
652676302
269823320
111988591
452403338
455625566
218601266
310394274
748930256
507513769
922698133
74374892
364630050
411976756
748126030
31129501
873699122
653467330
414519762
689700079
996120030
820436042
125667355
244987616
279455730
734757382
436836729
635348514
530978857
79487145
461917862
405316695
945567247
730987063
871929719
44384041
734412530
821604860
410444476
336350354
194803637
869608116
636891941
71093947
217452291
90218762
542926787
164817158
9674872
158934332
440942113
417877492
704974182
138269971
729664868
718053958
101068770
651774461
350551712
797992028
436402333
324921571
712129147
163571901
514753708
115945362
639035872
449264996
974320157
314273935
696751174
296793022
565826855
707223665
800203565
274089173
474244920
184858730
386190805
523525997
93070422
433131689
128462798
965137412
622340328
119469418
609417970
753169399
721036926
731772365
837640825
427009230
384535582
948072875
599810270
689532135
413618072
906306529
601827400
362161485
531889545
123699028
329652854
656070185
400782911
898937170
486549374
45846418
516183657
709324587
934879011
89758625
736681225
971575230
161123434
401007227
987250492
67462559
220116936
64653040
986734485
789002204
823541588
870429944
655763280
946072387
110099151
137869282
143257032
439568096
403910919
219688624
437576615
703364770
476127128
335419842
386856963
640169686
291753612
9134655
137086104
570489903
150003212
432512344
613695364
989015377
947511959
238006243
619709309
615598844
598691743
197333580
900345219
873032464
64048903
48197820
580987668
402499922
983634457
819581811
538155340
864876995
860558291
505570847
203508143
529157658
650070451
302555999
576098093
173341488
474331661
283711878
644561165
227758304
909789479
844678714
493256683
82416792
116496955
81085515
298555991
931232406
788308713
792166185
475671527
552389279
961905572
393076161
753016862
658061911
514998904
516709667
260929545
624158549
671555311
147754373
993480299
416899633
408042418
855022617
273781295
368818944
424037313
46396141
475294485
363941714
904930798
852391584
292519517
500245401
593776134
720629843
119974666
386636473
170205454
122557135
878552696
17436014
128415337
933928989
81980670
930796142
18016872
214382768
808472517
962863509
554249915
333550367
785086930
341205747
602417602
841095260
9204711
393807004
678192918
566485733
970410768
217940458
481941342
301436093
497821989
201423863
630879131
294311625
691299667
175176302
924904887
786347142
765842365
172147013
579583824
760397587
766416842
131168312
73619755
29773320
517538624
968278724
455299323
838716142
426195352
524527182
989766232
958198914
434307929
424689782
882144588
104075967
572558957
921251069
602805290
211568005
616183305
176623884
85137303
248164777
305232427
334773521
491049703
990916664
864312772
101476189
598308542
568641436
934310314
61440978
443455642
644376068
590713278
199414807
489244082
487124787
976706066
22061811
354124108
720264677
81246427
64919773
237518789
827792146
645905675
90649337
202750926
191139219
175103543
820549208
151479313
899338152
857407826
844219889
650114478
233303384
426278559
67755238
751047398
839356797
370881786
270550094
113167793
533609970
814126588
420786171
320471965
136975167
463114345
361982031
277442726
901080802
705944192
34478445
860854929
550471046
197023094
834370845
584865931
154164855
109768136
567191976
227509174
469502290
939915567
36934063
432682124
95154607
547337534
457289950
826632460
925290712
706985436
96011049
30080451
571981547
602020462
27307454
42160840
461348921
180681507
433426299
249770907
572156502
874881237
361136304
262134763
845582424
893255842
706057469
72606118
179450094
233040327
27948781
913821616
430881831
995244333
621400980
364298625
526973092
518857941
43675640
73488795
77564215
730349428
799473754
606600823
135693526
445018972
467345197
861289314
548870344
984021208
751156454
617552562
214232569
21647132
761196652
290022212
796870716
714206668
636698944
681237822
937529084
776514035
185929338
774126336
258902155
304947485
240681858
513372383
778309610
935592190
172955183
415050281
824443204
756539155
904556005
958172711
559270704
241999005
881484528
574183531
974708118
707099410
589727722
991302516
230390717
681635280
845307155
359929738
803091387
279592169
641063614
468533805
99227130
294240651
256626989
24684164
45700985
654797370
673313732
497136151
651925086
352479639
954390848
666051044
454349394
747744066
895336513
451928565
680561329
179308917
928549214
713675230
479517673
777793316
106427429
840713592
32000682
480660461
543273330
373364461
150659986
247913605
449570625
681452120
28138271
254328323
751792089
29328784
967275461
3237034
830929587
173112757
334601498
844795141
459295712
75951088
849554756
238663704
499439195
178566813
219768933
729153511
16708015
172261391
617255427
918938178
342180898
618650886
828942342
299304556
254354483
988344446
224570070
365601777
695706180
