143238041
277853677
331706289
292350502
377271134
113159703
327575592
609148159
779098270
74917909
798720958
281388423
858940176
394855023
254345620
528366826
194409354
891463954
960867047
569519908
477598873
93371551
40040411
332019221
899825005
321074390
476791746
756752370
156372671
856186632
651594224
172433121
397504351
568976487
361280111
152385185
646262340
373115180
856830718
220740628
633299757
187140060
499594709
118697671
429548876
914924750
359383744
879197303
496553315
469655525
292548278
115144727
234425025
721514599
759301404
670062706
191041609
145775510
583359306
170622777
326632328
847505482
759431986
727165719
103974279
503044877
402307588
611574006
81698910
32203433
99740345
24171178
269022790
483918907
896901741
292837730
880649085
108140776
736811027
498591779
611938677
152999545
499136208
205985480
932296810
373749137
30136821
959863767
561901483
859291511
993454944
791350562
127797218
610695568
976772566
234838895
829293383
417873525
676880879
669040394
446530440
260336802
270538960
39266491
463163512
629029029
845249597
834098837
318138743
371290965
87683976
314690547
886529820
859214591
11600456
925607382
97189488
576635332
90806594
200678686
897664336
511203550
161503274
405102990
237434279
385938371
365845770
678519199
764058823
806814024
662945944
324358921
903019827
100625708
503365129
552816001
188188250
345485074
578814894
78600426
90759047
721186968
471544792
916801078
701326685
156027684
921946165
52960362
450181091
275749132
41345408
801279247
808917328
731304776
639475944
84182249
794080211
151972113
678693206
40902272
432270328
584953743
496725030
40249847
622136270
667509490
63874283
151325585
696513337
766464817
624068764
283939294
620617351
138813324
810428466
417204227
882725626
52778180
703165855
552886223
34281091
159086173
390974016
70640002
211777518
795537932
995842505
335269248
92597779
103162306
736284985
828688713
659578144
361667894
319507856
346999841
561929299
972456931
262326164
579572728
266946102
498674777
562843074
446196966
129149421
547699102
839526046
448913197
885932227
773048293
463728639
933241056
249068948
994379756
614612031
698137688
883479003
680973991
501878136
994002294
335412991
310963819
492953043
125680905
552616402
298283247
192355978
815604060
822097786
620879318
178065687
102997160
639031223
958269088
835247705
912203803
432106304
975165038
658834178
503581162
87011092
424229480
789535
443952057
479312959
404088670
580749007
744977263
468126505
386126994
548709404
992558041
794448368
694514404
741264871
899465158
151525380
514354363
111618359
312110955
596024578
558113265
400981161
617699072
111652816
904073266
335284074
581618307
140792587
397681531
31236463
492930462
275583106
455622647
379428311
18696958
464854448
842726242
202592662
666478343
21389867
420701257
183716558
583858194
830626096
798267713
44456780
528104548
377724433
726901667
728214203
23256034
487084412
612969469
411447571
690986212
461204751
401624567
361173773
147066599
161268114
561757788
809310138
90481611
516605561
772426274
825394391
946823270
271327142
715522389
285300185
516670068
650621156
202737641
78277988
462330217
424315358
394533915
687721181
312169672
970448556
889634574
949746423
686588692
595848057
114426376
789079281
756174405
124012738
250077312
431012279
37496970
307336305
508359305
366742260
55969740
83953963
570156208
187927917
982357372
340774582
627186540
418553147
645248808
427199753
896650371
574752545
81330072
3492400
412794669
514383097
76296686
653319932
799043935
421384823
809731920
691876987
569306892
843344794
949835636
300804641
753935835
945406697
856554470
68742108
823802547
159044459
624669136
826317055
770362500
961898912
362923316
308825120
352904606
692538901
211661136
334084641
609107775
286216353
238278312
783498883
351611786
422417706
727683158
7098242
325205780
601210474
339800675
234331754
846362604
300093214
213620544
60990157
577007430
661013686
58501730
782641440
172668085
929312856
221088973
95753235
663477248
313109187
484700178
412939221
686463067
279464936
389407877
960649276
388726268
170864210
393050291
410918327
58673344
65923802
774314809
483871996
964397156
356332413
135486879
717279507
485249097
812714231
399848300
992958238
645561736
315193016
592250049
323786100
519122553
312685568
926787119
241205274
168413715
197643744
654633330
818493401
71911185
726807404
24710928
311917073
568572606
8687329
343398665
379750403
561654194
426754671
725898511
453215092
467589005
955881116
964884845
85737980
335071909
518882410
643883609
174023618
57637159
147589688
926294192
859873568
500193335
399201558
82436485
957189026
723070439
712956575
692769640
238278080
556814057
440840734
585223251
431321064
610202200
238152953
603591409
834642527
371847171
274463673
257119132
249099155
497967682
530051704
2223806
958732356
811666929
150404059
275093017
521028508
260663909
701770613
105896481
644295472
15838910
280512113
302855746
318972578
383273095
573388561
43744718
334219284
127434661
853422374
951216817
857336921
715579819
452472024
254306231
148620002
749116177
601975540
73113532
834400441
636753473
277217848
977294289
492980053
897059838
766067795
983464341
107644632
554046855
699279710
165639642
659892108
200015970
858918564
715100086
254594377
242417335
341313179
960956256
951117573
989948341
624386764
638245977
488834828
332809832
7071370
101917285
249264424
874626439
161662850
217032028
472075208
210373803
776909747
408479449
193378856
320219205
876140934
38341830
499362051
466046107
632886201
113144002
161499307
629709413
438879077
48630488
255785586
555606330
175081033
846122326
889781433
708203768
197914643
947442983
824408037
987511903
920437103
710348746
271449890
959692006
117539869
577367802
780855550
626111463
459051268
737912295
451902105
666681707
835664315
584045719
656666727
646771409
159819828
248801799
440040330
882679954
137991164
423838821
496646440
832103897
985514749
82840993
62851854
842118100
968090266
154692418
95077991
769281140
435496178
93050260
301182062
529920731
241462789
816430378
809918288
150847629
761633128
660764836
715767098
455008758
836654207
370443295
701932757
155014850
575875408
957165364
600560257
728695484
752329944
583785750
845030828
956844451
712206673
184031366
862617615
166788126
485703084
162562046
716789740
103491765
334672354
879673735
581213957
333647995
264303044
492444426
405316521
433457799
304244393
993405564
155048651
49835235
502195292
18100885
339102290
313016028
118349871
38074352
27388548
369796454
412729992
914090111
348890964
102248059
282250196
875710702
915577434
308632166
889384177
316000478
210450849
252000417
627817897
595911069
185355199
844964040
149246975
589070826
354127024
139580099
371171898
779678840
434149212
135309394
896974355
567168236
705516660
662926137
481859785
935039599
939294312
263906540
62750497
514557232
545104745
172772848
583150571
109904276
39964828
745314836
36640842
857649901
222048741
61540112
50457935
657734694
396038407
520181238
621655159
418607674
157309999
205067156
894393831
414938242
922737224
304592258
806240377
706370210
447245918
439402281
557368727
911000158
906674137
922032341
107925764
32594546
85681688
946805092
559373975
766840643
626419176
42801032
181814354
155118233
709154677
226952757
704196852
32695793
583182909
333491600
265063479
775942455
240303247
950472639
319641626
978553638
944804558
493592907
47326830
381845299
802203205
943632784
382941251
741807248
16250721
424330037
350618090
314004930
412119008
268507211
376240100
604912231
819221550
129849785
743223333
22177802
759767752
482811939
955462557
708602226
331399541
767150737
901283543
784243875
794917931
86432454
842945827
507874899
934884556
683501209
135329069
82512947
937339481
848576835
641024322
942939547
160274715
829895813
316368265
983855312
253831422
882222350
91702016
225084100
427631476
396622645
810055508
184197011
421541840
522679746
420791098
253996148
530835350
401762088
686176743
754631832
413536299
809453796
7961793
8335463
515664947
554063906
366910182
357839130
458153363
291926840
39156462
981614410
541111640
578738538
527250794
104830156
648685850
541256953
260949896
745647664
853409371
642871825
920556115
796919707
573159236
685392378
429800236
723880694
410945621
326914601
28242057
121752913
246920591
295348740
856592942
226021224
665861108
633203844
906554908
950041829
267111108
813311213
907939585
526897801
650936532
549311509
449490086
435911136
377423599
760978881
230090983
583211822
86634848
589233231
691234099
715711054
879305799
234095753
451193053
983521007
417555076
782339470
696393141
620800866
372650629
765346681
709490495
284935014
562542585
735826067
201827245
496878351
696251013
131474378
824784932
539311400
171310856
747114191
603060914
605151629
414764514
160966347
252953392
605458734
606211294
570673279
646982979
751888337
223523321
969808942
575186888
293537149
161940018
792432937
355693996
900089104
256123799
465621844
485252510
71040761
769546779
441019055
666508080
290449939
38479169
293097059
945878814
810677428
992933216
282450113
807783449
234362650
574305904
135748062
726566359
606956281
388346525
130791935
603110863
621097405
952355304
803836394
682771251
566530743
980145253
706821337
622607928
587278801
555754312
32837103
984874455
726226746
903469451
533436588
118017892
248525162
518057190
430963960
50989532
653899342
452451991
44241954
762690601
626554121
179373852
554438045
945184147
439578403
175963747
286507938
681159613
430640682
396041594
514657721
364511241
596661191
162861430
119810038
230415269
884500768
697541662
99938587
429915766
100637931
786480597
222967913
345305983
951890648
9995479
679235341
299655036
737584935
335998315
155702760
400216547
73913743
69069830
380741806
85886918
891867916
794393841
196588498
907583777
35207310
221225698
145358283
211877805
493495368
639433301
44294875
283038183
994948420
831909249
144226914
561099885
378094201
381900086
227419943
205639947
126452603
648500660
304629766
384968530
396648966
526942100
779613693
407400503
794536397
187336986
371892456
94532252
482600516
736197958
22944361
732750739
332339774
726644359
555762974
120763232
523593561
720398337
747060696
524839033
402284301
359153090
860395115
833707732
940412871
493027927
332665411
719587214
306948800
509999757
409875244
861330562
926225362
882485455
169501886
737488218
698503198
435378268
533261227
771717387
28638715
174654996
971461999
612859143
797356345
875103256
710193798
945559228
96160131
219372199
385698155
75239517
492944058
15000223
260102600
569509008
499485883
620430188
233543064
796126598
69225103
262043604
370839366
625604238
402631544
229002884
40507943
90157088
704192863
51545495
956510371
402556910
625717372
462341313
295007321
704782407
646469693
182537408
658886071
942808112
431038014
211322843
806397458
216591425
642111578
660389612
702371855
269240367
6540030
365717665
667283540
469654230
386481208
769289320
129729819
593760851
519945076
1398827
688473469
892409458
511171588
309213754
410501837
843923145
925087821
830460096
58555534
768192497
81894333
926605583
805384152
143132798
176329351
160867069
636077974
992102159
163056035
912519219
235233240
866258884
301437598
168158438
734980457
242689429
781141113
461626114
137336041
315124087
916485018
3773252
808245327
616075660
100217485
70005968
373605462
452702130
171510275
95543214
75765641
722592418
316700129
840620174
47621065
944050125
343724694
300027237
272191470
402894448
829190337
930772812
307199523
660834545
419967886
944224058
412329162
489684767
553982917
128375105
747561999
743893639
427705038
900903762
72195376
477637821
447390213
446436893
464974945
758415459
263722518
891726804
996739276
593073374
521535924
847694973
547706685
202143178
189447850
383190739
203976815
471126540
946264817
808413615
185635531
799366957
77580654
144769813
754461134
135944874
322542751
101342594
844349393
936651250
514321713
221251469
206718822
391372348
363313077
190611202
622887533
819224695
666507620
711523905
643239472
226201735
761926080
152766325
256085259
289191856
373862952
593746773
809100197
682626121
690235889
116525970
693878817
709582011
815020625
720506120
803944899
101944171
802643134
113734402
170874457
4044800
300827185
957329577
444275770
68476748
428776
853903335
424368500
711012320
54290782
301822397
602869547
289087448
521233911
244468937
351117462
694985793
747997438
178691475
908894939
899294403
357373963
231559435
71182981
91575092
393442678
144630887
115986998
859486913
789831556
842880144
713542525
356702086
259123512
409908435
213319644
792792869
52393246
450690747
484310728
228510504
205930930
907803779
345042299
595157131
869518162
908109417
960993474
223709343
812551357
467942773
955908753
832227288
939461395
358748948
899351797
802863305
801034814
420059749
419005764
516458624
899493770
489624104
870909945
561373254
280461610
898247595
466961678
664867898
448207307
23023441
439996131
780033106
119959605
678328965
957974599
646227790
401649014
101217327
573455468
381666462
719216846
318620596
480803014
259960685
883741230
889468659
518691563
71678144
933301735
386212481
779656574
599858848
815972779
763609382
916182707
239408390
727563625
987245283
163913014
896159446
946217014
40236047
415663352
343845099
789715331
489413704
581212056
825607006
411961408
688485562
913860385
88632803
871177997
687859966
322130672
327315064
19061956
173142030
431532403
83389878
931077279
212158142
132358540
386670900
705535677
872370813
5729520
620227861
882102644
140584680
40045535
407660127
95999608
120995291
532106602
347989607
203440722
442040889
420325517
446051836
745234434
775102650
226062209
326620971
271043079
220652090
863037311
606508507
825017846
555870241
539457962
19514592
273160201
677197336
833308371
608126255
909149798
446479368
798378298
105183551
792892886
917954226
583521513
740742461
630352507
766387274
521064624
109900370
338623271
173978190
511865346
376460279
972017788
375233832
425883626
354050088
720009509
760857079
488040936
691774504
12214976
776688871
490000987
612940400
328295122
276783288
307931891
931593678
453462678
329830016
770763543
39135081
180720868
659494523
60875884
692051558
665245641
758182803
67872943
918331538
995800232
18094294
359841113
944140463
464526161
635043510
180925985
84864402
598456972
234041317
97168857
597158076
6049501
116519819
571442789
344554838
457397285
75229250
693492503
130117185
128932481
970766019
938706636
435846425
434009469
77770930
951019095
684964439
838083194
152172941
173256493
569436930
332543663
371783908
79565827
761732675
943063510
715260682
610164898
212965331
478495659
273659659
172718929
702441685
859222578
125940203
455647458
96878082
263983336
644837093
174385845
712073062
642406548
113708677
355720874
112856756
957170019
206245275
139577791
62001837
501976612
349171463
814977695
248098591
137419515
707570374
711857026
920558803
847000495
74081478
288168672
867236786
534597064
976061118
112803242
864503604
953770308
75257286
597331981
599094367
366190863
621030996
600610593
23202362
24839426
244603932
879864856
333037856
664492480
831111939
413961174
330457954
938056399
550755748
461451112
811821091
88557772
266235370
472328094
314917905
900044029
485415362
449219773
220455638
662261199
71005283
169104192
115728434
679492661
173010267
800827736
71534603
12034832
680375985
637719175
162108581
461971149
231336515
657882324
20589765
156215495
632880315
382263859
864416303
712098250
395802343
121713848
950340944
9621786
468851830
123721854
31095071
849943397
525838800
251383200
154958420
78755751
834141647
711072494
570725444
625191362
455432711
430888889
405192688
328512831
106034237
531442801
126583617
902857742
163055724
25479212
159873383
549551430
4047390
838037603
878317008
850407994
918792413
102634400
516514632
659081238
628422158
138984072
129785861
783025385
621745324
974605457
455061629
419791183
147704342
799686935
480707115
687500646
963570662
618874466
689560975
918368364
158342079
557271729
934250198
910155095
108983219
508795242
755655846
134573336
366618744
638610156
941185495
352026441
759719860
129907079
913266195
780465157
672525489
759124091
839478821
51326686
932363035
496557152
562141052
446401732
713334575
207862110
231605951
814925038
277873516
591375935
405498151
781217128
349840751
438013794
335454984
655570204
888574454
565879893
198016996
798117710
534704590
958866224
632971430
578924943
256397146
124969602
327878943
396663292
30913036
791325899
558317839
437949898
320611618
577098653
854857698
346725761
328552948
681332441
26998338
787453527
582827852
475771965
604828610
214308112
326917984
42243430
55173091
770356494
136457217
260570461
820460151
506881193
810055882
886260318
140012272
658107717
637267068
122188612
889886758
542342867
319331217
983396464
214017867
482454598
439634611
179744608
786060172
65726946
97795687
325125608
168067481
755644723
379242716
506761375
133885070
539541532
659060284
821148751
911578368
655423205
632268762
907420937
919494
531337541
976921106
685528910
788567543
870493858
349467877
734338555
473917228
827296102
807344337
740668463
907060965
738362301
265435413
565557482
137366529
314002480
581306163
469237563
421817046
447215969
952236331
626710252
108716522
185723867
173403684
253381246
381754802
335759832
776222517
285948522
964404286
412671822
865703098
482981869
887896203
18560139
497918093
569043669
74440188
794529048
860336019
344120437
303100410
676331942
682671764
323910036
634584606
920725139
200116316
55969493
262460913
131968147
884642607
371547741
494828355
897096734
607190758
715543251
706089783
677701483
304919252
298607087
652455821
433388134
945570687
857283000
738057484
107842006
469195247
573957318
754352838
618463902
928713760
861547943
422227505
898194412
218833559
794191987
444958839
406201213
893852667
123304096
815081572
159796386
335883047
263152551
273702080
642241080
46573798
615334462
763902834
322801205
585329565
770661960
159370590
130850787
330702083
703615216
592625759
39223503
231828203
408832452
380577973
835089808
954655317
932744591
249694169
279485521
928501530
850143673
819616233
350709354
356379623
928904813
316477394
191673974
904167746
986085749
643828376
20359650
304431848
485710241
890525255
703210749
818275420
858003353
212616619
831889511
898318477
977943464
794484441
263606922
127805448
766534896
867685566
534691292
299939075
510878963
607219709
695792458
314038203
636359275
799902086
251174037
855457991
254396296
543738659
131703465
675602411
837317612
724904908
417305792
1226836
299128529
770920790
311419522
754895381
719134799
335704223
57469302
209516595
471228567
249283795
808116400
879949997
754091117
156594340
176971861
103040560
983855930
282635670
582719067
613194045
543198258
562998950
727441797
223166750
824946146
51892898
798745591
608413708
103427951
420374822
939664860
26117969
355176806
6763277
976346424
320968976
936650446
385171555
187071122
138281573
149881776
6697911
389572753
561688431
508987875
572434811
660964533
600353786
739400600
124923278
786618450
18163709
181549991
581625692
524848544
165888582
76132060
839696423
139876509
821587435
358576420
470839076
300682500
762371374
497868392
821332765
747393799
570422845
147793782
445460687
481286591
931269791
717283681
769230566
85775550
697533085
977707649
155747955
332876969
773339046
941985264
593872448
355849501
674224923
484715970
640014695
222151649
110639260
175365155
138446390
472214011
714692663
724765304
585927466
611926712
89981014
840723414
199852587
44423363
611824089
409636059
488141161
557345587
807727464
885187415
285195813
471775901
58475533
543402345
927924699
53699250
707151374
835624652
958345063
725622348
729234046
60513831
699409347
697487889
328550119
196652550
718648761
651519495
388730866
627860411
708914238
517405046
179129155
52524617
472212733
833424357
527725489
622414298
816614560
955199490
305274231
474462933
153806457
787570726
304413018
241737175
291698085
283956529
291385376
32490175
73089536
942775019
990290946
712943885
317229549
967682295
249005997
965454659
454216856
489562064
933780168
237479979
938600107
495935767
55407027
58135563
876871713
831533409
653124905
391871534
395205988
996380615
318731778
158336695
213165632
441436932
593565063
499884018
488850494
888976502
358876134
17900298
483366608
6875024
886547628
588120121
763576423
346540412
167900081
742919054
546049237
488056272
610510057
241744486
843591427
697495966
94413169
805224393
581404051
471927297
346939503
492867273
37878092
35125815
547815861
607597593
926786824
242322924
574762622
792622088
321662364
593790746
627887867
514021092
322703024
381227426
551583959
491540620
195390109
963158010
623360218
210684379
232467427
890169028
146652388
471138686
832120943
594398043
190172817
878093332
15043154
361405783
171819135
547402843
408786804
322641201
460003915
312566544
304666525
582153826
491628857
811070854
12726912
760417189
83018980
755325267
93204098
418099069
962196996
680992742
13545612
769482795
937127986
285979840
776712271
63620184
932694688
574554049
827229874
942090941
415408563
23740008
27967438
324780669
795686455
399844762
814575223
289203229
856690984
573909663
316793005
291793276
245353161
821752317
68269833
911021680
569349029
127966403
837792301
621077965
547609856
904506462
338010245
450236220
169168426
38475340
521764868
522724742
228639325
940165158
976996984
587908594
544816777
281962480
547154440
517770547
239861145
517987988
732511775
345552952
954854339
116015509
117200675
223293430
772308414
741454466
548274806
701420162
526657280
325637178
732367395
896807670
393019361
505479517
201247953
943630048
786409264
714463291
278140329
151589584
144954454
952910135
996879333
546061474
675144155
157280377
562568977
456568919
218591125
47132228
27051762
501413968
423646768
834134556
135411536
923609734
239918855
899650950
499995631
524605325
380374326
248910855
648635684
797218777
508481539
897761879
355334388
774352874
423333548
664682316
221207968
662975007
333667042
754671597
737264017
87135292
958327719
298818107
934671975
904533313
584759733
199340119
495890656
836564525
805106835
349388201
772990385
899966395
118529283
829206034
888624570
126979213
897698859
709375609
29036040
849194766
262254209
798759508
884407561
242153090
797142218
961501968
421619393
65667764
22738646
118883369
575826161
314594792
880066540
680104158
75043572
889155946
437497619
546436495
101909200
970622052
305125133
255257323
570522186
190248538
869468306
958428261
425165584
763299827
270540099
807283403
672120936
726776368
670004941
944149138
486781982
633968715
189065291
554241120
830461954
754772577
179376827
422367467
388261332
969494080
904792637
461476369
156591900
187486214
48201459
784341423
140522929
249652831
37085154
404123172
629681749
688268126
624097684
418681052
196966928
499001832
952439311
664820410
87500065
885255459
70169399
69099820
884648237
297962448
56379977
379582394
694322265
450673946
178791702
70901935
94453339
924236183
477793200
966181655
734409436
321749140
189142153
826326144
997264811
776729137
60919030
617815981
748755384
739835064
58305340
36568819
24973030
839612068
969597722
594371507
428693715
76277025
847020986
741114818
239840824
580415394
110603781
254313428
448704987
767088006
298126878
421165037
512044442
46088836
11039867
489750280
762146847
611177171
378193580
84518245
354803155
263439582
978952341
42405366
893461474
600887300
951604510
704497423
881846607
115873629
970798819
537109082
34247889
582527275
116047579
972442719
272444245
439586557
407715090
509333715
782183472
115048588
812592168
123191137
757263777
376431826
904451205
406019879
318889500
428940567
155334493
110638380
498467615
314954861
502718461
760298431
735186231
296490797
635094409
690739606
16713376
413578637
602380737
474981296
485033772
137279918
606583215
285806042
572509060
330007574
152657246
755853625
843423689
286449235
46922706
953844762
35005547
535744360
757567646
354193051
604839755
145024497
814979107
955658655
39281499
843065400
599602951
334666938
247614649
111520447
66292970
971007697
818396151
572192703
109854432
734047695
511347945
704570817
741908240
715924163
231382216
537147848
607107920
795121959
952668572
251018232
745084805
704091405
495512354
202707328
273549998
462745619
978600631
930827099
478299122
771212260
623111510
842752656
238618728
180379032
868490614
929695021
217857589
401020392
200092044
821098648
546143506
294026715
301829551
74333791
55309560
842928399
829313562
539582328
309362497
609116881
310722869
186964139
642333958
979431597
350903548
479193532
57216521
285242162
760032518
534624232
807522657
912569399
484388774
447391673
968973381
129238386
595539665
58992924
543439492
328977862
766001366
605376834
888477067
752097821
907247784
650373365
917209738
231421247
215302923
393875888
939664295
510570338
516007498
261573802
251706516
257622947
657510503
787201465
377524276
198316033
785672729
969975269
583769560
807536912
145017657
444202909
564502337
787507498
393772282
881408948
871696900
694681743
103377699
849752105
49882582
609337490
775841250
426928952
854777479
572324645
19381103
653258335
251124106
654366162
96632029
746263101
749770423
239933063
43417092
492242079
111745559
631136783
76276883
861543347
27564037
591839110
203117641
759496953
300810976
571867892
419033464
929752329
261029760
773133594
347586612
758453541
386357565
769626116
700210411
23915194
769751928
881957276
579693507
744910638
958346980
972788672
209692974
789397444
974668562
40122308
482362877
997865644
821793711
541963931
650823702
553961834
496161183
619067109
306925594
302258164
168191773
11281487
618705992
825399484
437819318
446668883
668816316
634600464
248380513
460912
985928967
873776019
623441567
930377421
887738425
50662164
776412405
120814056
50400504
195266387
996049929
416979752
693167335
830825756
139602081
332704611
898231921
316674750
197151336
883619238
1931471
101497754
413673302
77947643
288334527
339202581
625694218
869918491
711660799
405300106
230789784
295122675
124851508
491587350
185002272
310122427
657573904
207256986
157097640
333024216
653128507
553357428
156106233
493578744
658249597
257225287
18696726
643186869
950413655
188785873
782807549
644924315
842274744
187605641
899134217
358753182
609367915
389883125
20614318
709579759
281471420
148459846
192898587
980544106
1478711
785793018
635284083
674969493
572613060
668227621
112232195
175373357
176956105
928458318
714766473
126128311
382279418
2018425
396512053
173476273
611712764
220626057
573450970
810640447
966010853
790934260
277628677
883343610
725563962
686704823
964762515
245457994
537919673
439874778
147746889
709998104
432425019
259836650
512284040
705190481
985030689
812303104
458200608
819843303
622050002
364825001
486345707
540682891
668098121
833919739
937398785
479315690
414639641
689852416
4307159
459456835
605280091
904484468
975154224
146299561
388398796
575390765
276012570
525361738
827239646
231378749
461478399
336508714
630945031
134458996
56023446
391358112
548632860
45985463
601328200
690667471
620733134
413650395
759342308
156840201
849259745
332544845
909658106
479463074
270261369
677352567
374646817
453448849
262301934
455641314
511046714
158013424
797368402
321568067
402304900
564062438
444432282
891175256
827032434
386491535
389439515
557744176
513082684
3748967
927240739
371282052
672856998
82577172
457713150
325016477
41099606
475601089
898094869
947371741
246558506
740079237
52208724
694103808
146272108
311957973
128120093
554912284
372134464
44058046
967879408
554380850
684924102
640245640
737122734
504849168
457039964
208914076
624011055
519735626
626260189
181332053
859280935
30741414
674502976
894022438
35882958
65441314
273771909
191819525
305125920
699599323
52616601
173498546
23845333
279890550
606847407
201904135
785127554
45300206
593601490
359857782
749052502
167258701
333515164
194315799
940255413
362755843
170844669
104812128
280627090
821522197
68899969
601292963
471482895
111010706
448493284
713797755
360753109
614136750
294064742
612012884
307048093
888032308
521051822
203802585
149782371
464987182
447668386
784670036
47980159
539252310
1252128
603434655
214813314
297656906
281929491
526132475
422121993
902455444
598221013
516286941
451731208
256746795
289338783
523920057
120702102
454158890
378478767
502296932
518074509
530514293
665168851
551380793
9715235
673134748
653742399
321267647
613580269
708933228
513744330
420776182
673492230
697548556
775489300
879072202
135027409
783969419
188320660
643742040
645208630
232787201
353553900
286504626
406771102
145500145
170499683
92273021
61145830
37368921
411250667
313600204
191071956
533148338
221423733
78967764
217777859
227982585
853191094
420703538
509843742
761903476
907863602
662284942
58477670
117240340
644897765
796523436
758278201
948817487
499928231
344568454
200305007
620572937
349000518
591526383
313086195
104719930
458888770
47776883
718874615
695441323
18369340
601947151
753563125
289686866
769022496
788635584
302693928
599390216
581997322
963748026
8835539
554833122
988388436
359238495
270207649
350910122
277173192
287795512
4632021
505118544
839714117
280658025
887446812
784987441
877930724
427177722
22242329
809455841
329521645
92871314
237315107
228941758
2550968
89764765
172150028
204462962
645889052
419961449
260761990
948425616
787542427
410398336
731392734
669400335
84658625
740686986
744321867
738115410
188355731
84450534
386561777
958645322
337461956
400122411
3087719
165047677
981432950
629589705
958805297
713007349
169694135
893985611
270214518
528007564
314735803
19200811
959219188
241596058
114575888
479507790
424431225
304998892
403329872
778641572
172441486
354699642
503639686
898795616
35848752
920256422
24316149
632083299
414762266
569237512
963918152
480488293
663368667
508715990
713383546
726719377
764477646
682445657
415362523
886190222
422191496
765040871
208164585
993498879
39469529
315235257
898649677
969108779
82283117
55546909
239920419
507956112
600220574
671499186
242798671
766988464
159126285
561394482
648746601
627996480
612183631
167020252
744754987
926817337
658399734
850170466
362506682
207412480
965928446
189178347
807103747
155212689
813050275
437786037
853890842
926402685
767355304
685595698
678730769
473160154
17558229
47232320
196008722
325843694
134477845
346766513
635901161
245474251
120069457
301011315
869246989
225991768
514521559
237487019
495831685
841428447
627311276
432796433
295428412
749827209
717705742
723170427
693857658
569660427
438653452
654296687
300002063
390582384
946370118
32907876
742777707
27359796
628494812
651971811
262688819
386227749
138057431
270959468
579300523
811388322
561210518
363113503
562748567
283130850
637953398
313266322
339167235
959337251
891033809
481480000
631918172
437493645
524215899
429597399
688293662
790984165
63837217
774977240
796426852
83620647
656664405
557082431
741755885
333059929
521911830
391119360
74034408
338113636
233132009
673253822
600290926
912328285
152818748
85391527
630202143
820127945
466884324
153347566
439736151
88855162
692919672
886095077
958686831
633092515
278071624
324922219
170830873
296650681
487651113
737667533
766517545
324358785
665616114
601535448
341551484
161284332
369670263
42190669
570742518
800620332
537338621
876899782
406631349
367099448
802725987
381396593
410196155
128057151
244193138
492923142
32032358
211436057
461183284
56772443
865996568
564304188
157117188
367314317
676112096
24773875
44153494
36965943
274382805
145422677
333084703
599538760
396066709
723211383
474417495
230738045
890154010
334988702
986951559
183496731
339910181
758119156
804578235
823847950
893466315
206326123
291945358
380041742
319775836
443736702
728817528
447066838
131410134
686365718
813874414
267161442
48323240
254669452
587925980
655432682
258869962
47861805
298557690
506778336
826288417
762617712
252003516
602059848
955067177
465379593
652685705
13298151
714903038
393410850
111653879
846913963
329082536
379851493
891776338
210090254
420585061
871858402
513320791
544084022
892380827
416715678
826190084
541037145
283270278
56552565
666370224
406961000
882724445
981489957
745373617
876867673
669090522
792580353
559929581
497536836
678363667
613233893
686386570
634122363
914701441
379596813
583159313
309665272
584048332
610701557
804954550
985751142
715881608
274525942
935549796
49961946
896925671
10206555
567150949
545706163
426342094
521973585
731231634
937637467
605502454
548828654
818327019
988030640
809279961
932051124
275002265
693420630
896159523
234795141
825842419
470117144
926509803
459897572
283087992
152183222
313993891
179906051
790357083
472413787
602510145
860381517
746485322
715990612
632031267
629659434
653070314
210641901
295951959
738941981
470151934
640818541
906592829
381731009
640504099
563531439
478855312
305263114
334260485
597174688
463879119
456249552
144599603
701518972
110806707
695975742
682924998
536940046
604112416
858840700
61848679
605777986
804427098
857944145
665274118
9078324
144817960
343963295
856096412
160228616
782223427
693873670
405310811
992156379
512917026
330689167
394094994
589195692
308069870
716566893
79545740
989631939
271875840
624733167
597799434
695147502
305349879
513846788
147695139
18859624
238519501
922644281
388419784
665189965
114126622
983996723
350426637
900615376
710967313
836722342
997118072
751502233
19231282
694796658
418782331
40718756
942822287
507651631
86541256
816081984
18768445
258533636
126242111
204900059
638960423
563917995
513235509
984115009
554542030
714371448
313623336
270665981
472207354
636186805
717274445
357828031
266894049
742841828
592534337
263130372
901393960
935794345
594138374
455213265
702222893
62838092
331241479
542965422
43627478
581082018
27058317
756758972
266066817
258184165
528586867
139360580
326387871
686959266
185798971
448111208
63881669
751070316
555018091
14355422
622259820
510931165
959880303
247978562
28095452
40024789
598187256
453532403
244894250
961520365
619126323
451415479
540391626
616336966
740147377
54535737
727210787
110892095
519541276
731679218
487047782
592048482
718890212
515398102
648241208
962070332
386193107
146365578
802554115
622432905
245611866
396475068
75736183
425041369
494052394
888486100
475873808
789525897
93332545
484092300
786188529
619491518
75002053
309298405
490099718
236995264
309281653
290407603
258301581
182331943
659772842
334863501
868585210
882983663
663178281
771449352
648026460
67385266
233603846
430372708
281054654
793003265
902134014
692572414
987296460
5503564
578577381
3387021
881239588
933521952
853904205
103076260
289137795
772591876
136477644
274030438
481637863
424027768
355651020
209157692
505486319
573642916
463750253
395637629
173636079
533039977
158019720
851416985
162873290
990463673
449189213
852999939
112513624
598375482
944288657
328345099
750745544
49831913
638630190
494182095
454427326
286667277
791185640
185434463
27700709
809057475
868468898
335876889
156550197
549386834
452913365
292371328
311350690
242990738
559321182
229032831
169387269
421571643
359510352
442097551
836822166
119179067
797260294
185713141
403021948
680853753
73503048
794205087
40685127
214447445
872439382
973028803
203472462
314724892
188554962
392709922
160871373
958899830
121650638
3850731
886253838
823280013
885933575
786288977
788792952
641088844
621267890
644107856
833884698
997491888
643874687
126301026
190750458
925583835
454140647
719992429
940562419
514118367
133949544
906607531
347902231
89808884
473196831
455170367
790514437
806194400
76041952
618623210
191360835
957908249
623421215
597251215
839665842
4490196
937367956
370577232
534361991
509201500
657048975
867939354
32301903
544059491
638182996
61079467
59854110
612581194
237498162
170493051
948263784
479851413
513892007
217372847
989829989
249412010
71912263
552950777
772334930
311721775
207860834
406514018
216088123
462001268
498761150
357335710
619956476
158402858
311638140
419784462
24122530
613265379
744831151
235764343
278657165
56786856
393287521
708656104
515999797
358053961
7145399
168092757
136009261
773339249
415410031
475559753
396409535
529524992
182502236
90641848
147831246
709354321
319626342
613841523
397688454
240414770
226757489
764622056
877534612
284185505
157379402
605284325
279022056
813153923
607894520
522430263
680515390
169605639
965667379
965804407
798100986
412942718
808476651
670701189
847643414
714468766
805466343
307400778
253485942
692779868
187465597
921843192
581667412
255456696
741733088
920448348
883835437
424653624
648874428
261269927
34883589
702433438
474949305
839233906
432512270
254026267
861822306
215786006
145023319
945500540
91338978
413371911
766752719
617215992
190312825
993591485
902968579
592663066
618251153
791322895
574757036
749038452
516517631
132605531
343934386
376759586
636741214
54201403
141541722
506183126
820027581
404711786
145090883
796616680
468474420
228916118
144270842
595263132
287976554
454357685
10277977
247324213
509376384
675076890
223730189
198739612
48158680
555406762
75964887
850080493
287912281
664070197
887206799
971639200
182021398
422817921
763197579
275435131
268703064
370130385
971762647
127491264
366208543
409825372
104288751
168125966
597999929
919141080
235251950
133556065
53721925
497577427
662030395
589806564
46710956
134415109
269328159
495190057
288961772
275662391
904945224
593037431
345644535
742932557
970417881
590543354
291068555
110932907
441396318
542360717
942268802
821848294
996033156
973350460
759292725
541853787
34749572
265567126
271468600
349067534
876500324
267860526
688476257
316978827
590224003
765930529
872478455
983425300
449076078
215980857
768274692
269845742
102131750
401606223
290962644
435324742
557676619
844546889
913285786
426107275
558394836
472298381
731123014
26163972
673905940
568209914
13388570
209835289
274669
853567957
977699967
935644764
852365080
850214583
875121236
163632616
594895000
843742632
448090946
364414235
445915578
276764519
893431661
593235616
9389540
623777307
723112512
871915763
164089129
716674242
830697545
660112823
89993348
966955912
345037532
847415062
162816429
338115048
215853857
534244940
874552562
267995771
541169806
948609176
869692614
558488166
433861304
976613562
707157225
173914952
293460639
98455593
609945712
78647961
302764767
845764488
275349143
930056216
62419663
971667246
850363993
707599119
399717938
150054676
35392334
661323851
164332888
836414495
96722044
223823373
821593433
275328852
756574531
642228110
726936945
119434840
820035733
279470859
658560621
449817497
23127670
731280170
817093842
155737051
690810217
95590010
676300413
765282335
434891986
273982246
699149044
794257705
469350870
516199776
747596702
596698599
545854813
157044338
35086956
286093980
631828947
83596372
47701515
335289851
6588140
95547035
499506316
180592843
564843916
479990947
923881326
561883385
249167342
835729885
179703721
84301545
692764967
185143468
127174779
721588200
904870374
475319164
7844394
753949671
491239288
627393604
935749008
220382120
409267377
282995484
36291214
844472837
418123171
321206276
425043197
352410390
769395532
280962619
761608703
282561125
35517416
241901088
640359101
809041771
313119171
545781360
988431398
389807792
528389980
129263660
302944924
24884351
846673843
908203581
356425461
30126735
705620334
316547182
489740904
386264223
856435299
172042239
913469538
491529047
614982642
66587732
584527872
875670678
988480973
477896637
549864609
590823630
399329652
203579916
384088941
391432851
129959057
142982203
458113502
722833429
341591909
270359624
517927319
384319699
811503515
762646008
517524421
20593785
282384029
688384126
763380449
437828851
138658123
990319496
525099320
893479195
781740947
421672305
965205164
51271173
997639199
252878216
451908571
492918691
768251929
68092136
782192302
895243474
981338023
637720539
964087640
56694332
355023211
896678918
614284990
382690651
837778079
146943770
751835780
914719020
601519746
648328892
911788006
279228228
386277265
381652492
258888165
356819448
899521255
681369219
881332683
582871698
121191548
709389762
656288922
281787111
793852982
355642999
361663319
441163531
372219434
478893336
898541920
104386523
334308009
698349120
621693737
463941921
751057031
210349469
510435613
809722058
931979449
216079614
345249977
60968280
93639151
188266031
95792224
366371126
349493830
382411928
533520815
74725603
397712246
431847903
845346756
753584775
742281662
54925789
100457944
221595434
745507978
730699380
986107034
995370229
370769607
925031857
765344073
525010528
170966299
400452724
550203920
564115155
922618036
801325431
261006961
470931271
500237439
896336148
997578028
739746927
623294490
840759193
657650367
44317996
63797635
315981772
567379233
137098637
852355193
5346322
311174793
304616877
