776109051
561961526
430503108
868578735
288895325
685266150
822320680
160906006
735326876
49471149
608733790
68442768
888359103
533807087
158057668
378782537
329267884
791381807
982984578
371185413
738246387
122356832
109611240
992742682
248838000
637026737
707079997
837418827
523658773
942333255
487696052
98522491
751184478
878187639
16878334
928687571
939681166
927726276
9312589
900111632
483843260
62599587
593713208
635473868
650056354
719487424
87087309
353439303
858349238
405274603
185859399
815949519
846931714
587311537
489161680
106423295
834760894
955208127
366757211
705664471
825703442
353762114
985726469
784295474
983304281
419898598
972294308
123206641
442960683
478955784
908295590
754722361
523800436
369692585
204962152
805894027
16046938
878432182
768542768
963314857
165026481
886271527
279230818
196657415
469946461
235945586
273808303
86742803
539472226
130092952
486300263
28229995
501140162
860833458
945838371
169984111
752727070
950797226
431416561
493830607
264521886
869999322
358195239
368922529
860897691
551493408
81844117
25381188
21798190
320190451
901809817
568682423
866295909
852111975
560906008
268596050
166829096
278792487
566095929
429683306
566483274
239179591
292534761
319702960
601744411
450304837
792700883
244398636
815854509
280907795
528231714
786943837
854075896
485102700
743674157
692151374
733253687
840085263
119338361
330792974
717923033
570018927
20016997
774166616
509374993
17602589
303260922
833637702
51217014
804913861
344096873
621666184
686018789
537207631
512623838
258368109
299354843
605761106
392640871
124437231
723947774
203878585
335137022
5373533
985754989
872153265
907718422
961170022
616219474
634499443
869191282
295076950
684940673
567933748
991810798
437626286
410057987
63276831
647384875
363493948
494970811
105470516
540203642
270703051
931429552
664312470
673284808
330677778
929322583
120994540
492783197
648260010
525561746
995671355
691750882
822798650
341682435
617487581
786461492
789749685
573903305
900855171
478404735
587785464
100882417
624072998
236493254
528394619
811905963
883265613
67706759
787594615
501522507
611480327
314365375
310029505
139985776
777841058
730050119
396857993
838579576
645272671
972572168
145265830
657948074
89340370
968214460
984784757
93115114
676261706
280817773
283731119
152052071
891496229
438178655
839080672
650028909
244104428
372452510
117573441
152388317
539321877
822213009
883570188
820781719
806762797
464491644
378966204
729900579
165091652
631574990
563750842
399670626
370457901
966340544
146168429
464669024
876440398
137893593
737857789
313386332
428588679
951671309
664544224
95394203
946641050
247116009
432879952
187489605
312991670
265326340
339778553
398705551
694940826
466728083
630944685
895591042
178703344
1036590
625055111
15720992
148710759
546481507
493538506
5183187
71493440
760175478
923129094
876401194
749665883
201256971
580730484
850926224
46432335
23209325
359346988
316715574
320602084
829775232
777901382
868098087
316761147
151302562
750606327
981938335
484281351
465522875
385280099
15916
831249671
358253690
755202882
625711827
718239532
1796070
255557266
860037935
191623602
214429045
159877984
685616772
392080873
96825084
921595186
164600973
200255125
511227865
73275016
963836532
210676060
973995581
410405943
138896085
663318617
715753948
500007683
431582722
119293879
870019987
620766310
890494615
973727308
386582097
118592074
604573806
208109456
727195090
219752227
65051993
724952716
766391876
596129902
382449537
450150153
280485545
886452564
681578672
872093816
705124603
608244613
732223962
159290227
16161742
549820741
717435632
357288478
437183438
427025172
348926724
124394518
732130598
791308308
356797893
836421298
504205530
639158535
807497655
131265008
479934703
868122096
261833128
705402866
557027608
560562877
508370221
295873460
514517308
142552837
54958637
97339126
740999581
822051183
714462756
193576773
674551771
1208928
77149731
595412789
741851648
74080211
790485611
307506274
261419513
520471751
811028032
952353587
971813460
635653869
614423859
633547521
254275984
203617229
530478487
629376518
304797196
995336448
521565267
401771417
456837328
300408910
865812523
832928923
603511666
47082856
250794810
858413470
334047845
615897608
413338225
34485146
754290472
943051300
606362918
466750974
254151893
677254821
953921914
110596637
151339315
531712661
257623882
223487019
867753519
111123004
20372682
538705173
972020298
859176792
522067313
167218714
352590254
284465702
62534810
285405605
997912821
207984589
840132497
882591362
64049000
144273452
98131845
168818353
104167569
941694059
774232847
669200156
502324477
819036055
772812836
266618793
984166302
113411500
943394009
793538093
885062856
309793855
10076426
700259873
404840272
122736495
958547017
299445070
5960841
22451211
28819733
521929025
772214558
692181049
903963518
105503936
815573182
742412833
890190225
723368702
701442713
431797044
341771248
641917627
482867636
873743604
431846790
300746277
359787921
265623732
613010386
374308790
481417692
755886054
270676246
511906371
434295330
672019494
58417540
67098353
494974881
461344724
544650751
7623970
596776393
346109965
455404048
366304667
25883128
422132688
55239212
18683628
411816785
892214878
970441856
919563809
262582163
239468044
259665042
353291769
269568359
212575413
581317310
83233209
617310443
672148154
278672770
613639981
368835796
278829464
733480200
358438906
683645594
8946119
51488776
732474134
139464551
103846512
391826642
304930307
404531598
682911533
407737324
227439622
655772853
478915705
16757688
137870625
958144104
694138284
844908042
159457616
444369731
909123469
543857476
139253627
376755919
852014564
104374893
546848687
843455853
486027741
328303440
802465391
133127165
252067087
152804796
496705
57108319
462243938
131073331
913721721
889714855
175396399
809276087
592908793
905272839
342084211
443764755
727132443
139864518
707776091
318255399
396819797
632793150
929552090
482315645
335510369
657318408
601986429
736836598
632825890
612189147
363783172
617184148
963693101
52594997
51965440
472778690
353286157
511533187
927384421
380692862
443539669
401250927
22826142
423339835
150251034
317348589
71602690
124247006
175423309
72735915
303389886
441199318
250182133
763713160
287419669
643817556
454136866
782947937
272864048
286666543
341332302
146010896
615709711
944852976
653089271
488607176
697948499
957949878
905302695
330671976
371905271
145355769
632654038
920487045
663323726
161255266
915444479
291576310
187839883
506510091
239912779
391047189
149005420
222636925
852681370
680980723
180226984
251599898
700567342
34281808
656827237
950224439
896936815
469391324
172964326
640178074
189045444
506369248
643806892
188805370
587609471
429906854
430697038
503749122
39592981
263709681
203140374
695026553
460607653
801590085
101121344
866543338
437916081
296437371
170242992
644529320
564632752
953916352
886932711
293080701
235027800
277919027
211895704
858861798
679569174
127713040
722074106
254934662
177824172
265057521
74944071
782895690
749547252
949043517
839604263
762097136
571037778
694019077
63649199
860922546
603442864
263482331
469420846
607127271
23969777
698385485
623342418
369090709
156596881
63524570
70191064
835095382
770761840
404839245
520632273
592691892
307688912
698015018
243245967
595475451
684175044
135434723
230432794
553283233
296112981
825484098
346331332
649470376
84096164
748813170
331692036
306072170
270070287
368322641
760831816
543673939
106017753
966154879
296555293
303528828
680690418
64355693
164270819
219694994
805697024
176426320
343801975
334209096
556507995
384605922
657956124
914610975
839249829
119875210
366183069
352394636
786838618
4292351
814236341
345244658
389352612
66288603
460780277
200573453
978007169
483504372
993901573
939146703
775508078
114760110
729751064
87474188
957188840
280168735
96502165
517744128
21910593
337245386
878651489
86500546
725197353
983314786
368064230
371563298
145816326
757528867
831872794
389610119
56208736
4393755
726660234
323572348
777739560
768785785
597225208
560094692
195826340
38184855
685308088
461588915
803911113
745301754
969983559
921392784
670469624
736454054
669896325
141589792
877062161
678473626
434135856
234855204
292245361
948017691
795016863
385413680
78064635
812127058
263165095
231028319
672105413
880212413
599392808
974671925
921614965
765252284
544683518
375728872
420111738
958822371
539813832
148172106
566930952
501958743
14831077
575589852
756654567
151426209
960467558
515773157
615740379
167292022
995312058
372758660
690602231
669535227
569246717
536494574
996734491
693195274
370951633
174312357
632889136
644709636
150709168
61066792
193776499
198865739
576238137
242576709
747397940
54130757
862293665
175868754
322784313
579844683
429688687
519516709
291789089
352280343
660303476
284385485
195391513
17449564
120666476
129277477
515810904
320934641
421698957
329967988
699676728
30444678
359131100
578164960
224935046
460578926
891420917
198861131
289211963
116219894
837375716
71440239
233447919
501988397
358646380
972268194
741769536
345761713
35403421
69403689
464710539
652825785
757645437
962642462
606383950
928540540
25691765
776740958
503479195
672734394
408135722
487989464
24980647
763526992
598673533
816585073
933513763
159215551
234098359
241134282
817700132
573618229
963315844
515766951
429672033
559224527
889082026
377818616
552827164
818052774
913826831
724924151
266864435
403425105
916594448
980626749
212547104
675044123
438637885
387591770
10889357
278384810
870049185
646724594
945504471
891560209
678448748
123778871
353219335
491119959
416950756
929462330
106442477
791750269
945186805
647814341
384949482
902063484
13410022
589325018
851236993
123434487
638268727
593523073
703672636
567771069
723434450
723262595
592289110
900333314
553389066
56567699
673076353
321826535
545917027
581156262
404779235
845986009
933705698
700637564
638482726
680309306
876661077
253785169
428619883
704433978
743779720
3356785
544247292
789228065
191809053
114782434
926919321
245577653
827889538
643886633
226469180
547833554
255842207
284485572
355810722
993340429
991774180
526490697
889095606
919358544
527028207
87943746
91469659
233091245
232589009
837085338
886958216
43960476
28752313
563424603
152696564
490930182
831235746
506279130
177852286
350394841
114948744
294125241
875061997
137772695
467653643
218558869
74804015
363167915
787143360
142505159
657521517
570128603
319772168
716596411
430307277
310206132
806320005
797239484
308432679
149904072
557156029
501903521
873947255
465579503
455763305
343226855
187814867
115436343
38275170
830846453
368596160
118279316
159838811
100925948
741027256
791283397
927915801
302850249
352741765
544918649
493713001
108348259
294233371
313618030
250432218
801568789
333922806
23648831
73525198
794023046
128606636
57743602
614964042
466837557
120748706
182217196
296334438
776012339
228673962
803592153
343459483
135982657
92348354
71344979
542684427
707100615
284530345
946346903
187541244
6562513
896305405
619187052
471062641
628197210
180000126
675313849
446177202
674157979
943804229
299539188
834195390
322536432
401637008
771693800
592383240
360855532
592004384
542694331
229483695
105966930
678142431
32268112
124423396
113110670
87134956
431239208
695627544
401448526
543694858
780856022
509345061
53296039
747149839
491879794
483097129
178767400
134955105
384715392
312004722
803561623
315321306
674300170
673846281
201212843
21855705
540488724
492021332
525714690
115685930
638443117
122967268
914419320
226814529
183035713
76894305
649134835
421227167
650503617
972660245
571748318
675559717
308875427
679588850
774276886
584979210
153374975
69006985
954890290
358611084
368862498
411102083
636523078
599990451
937854111
224721112
389248677
660528769
23463525
342129718
686930171
127700384
989489473
759088722
377952783
278109409
62768528
15647447
927950189
347409424
629369574
263273365
860685761
684871990
52574617
595238660
318305278
295996638
155604597
316882750
321455219
793728613
325358713
397492672
118175142
393616531
579892324
363016449
267602693
496110827
886739157
946122432
155828048
746668651
204049163
703282404
335142742
567009491
344566870
743593196
843797059
997348772
108622855
349600589
660537327
809760951
582025328
300570051
549601411
74919072
18818306
724692709
715318269
253121275
917285360
750653073
825272926
796169626
745162486
871928696
67216326
66142234
772532404
722471105
736348824
952780248
70959736
434785469
767348122
158650059
195815338
333330628
166280292
51474519
323370279
615524503
908664474
549181427
249114308
459640275
144196847
668425769
730176404
891937617
15447686
955111823
730293042
601954818
310019992
899333253
348030805
837744611
526977185
320300774
227333146
742182417
663522944
134001079
720817411
304104370
481582883
716917143
212793847
156250472
813647100
628211230
601150577
553542538
692198857
205196590
921385136
888641400
89744051
375158512
334998430
716319857
415762344
744729140
982018441
500095146
3003251
89540376
478786091
512334994
423156937
868048517
653976527
827839646
18948759
216859103
713915194
198443138
138513777
889662054
919392997
139285460
242981819
908151046
969319837
192137140
921181473
815292837
135174162
283992930
908366503
402521529
269953659
615069728
10737561
404179551
3137224
211305771
5722671
900185805
157990994
988904173
329746225
481983806
738670639
925645787
16207909
514992663
736699363
611194251
115132627
615793247
243894139
112263734
679100425
77867864
712632908
499114718
512494587
365651734
975786988
83974527
849080418
683764533
257730778
13818548
274642111
642419197
84017438
107027729
299265179
941634004
73562371
970985341
972398695
914310285
460424897
578179890
578502282
61523438
65331559
621882692
513140770
901475764
205895018
203876974
249287068
217594913
761666218
232463430
376213845
68316063
590886889
298095530
108023815
917649864
297163013
3889875
31926874
55963791
605967273
420258229
716820273
92534763
732833731
790459525
223331777
126182687
978702742
666793225
362976001
256265178
331788099
701144537
568802803
984632171
387797562
118438726
378791732
917115136
181282192
944621280
111071993
118123823
95320391
509509506
127820124
594674029
258373372
457238509
383751817
626039459
71213483
359738410
580073348
582800540
839329485
370246089
898800238
409846960
603684903
68439151
170872311
814855207
237904612
268740918
81189515
834078355
468321738
57749997
67343305
490185586
787127565
989696703
847023753
621078346
771235552
769522624
754031151
158846989
980001658
762762233
589583574
157870800
901047504
731867020
368891581
456574810
640752559
224749246
671879351
708908424
511628101
364833664
391541766
681128497
887737199
397586206
960148188
889798094
821604550
173814070
657742510
204363002
698507758
152029690
981474218
622173512
626995686
679477609
314740391
885777662
609898000
169552024
72321496
206385063
153021178
435627489
65982399
744453483
537375383
743225763
804556341
738013818
701789871
440402999
31043991
62206263
649609804
678982766
555485170
531593521
136458862
327740135
626406428
392118884
181099053
38255297
70224199
41813881
501930914
972046025
807298574
35247653
712629523
856037015
802563517
353346540
352755575
932204936
56036799
140718548
453537278
529552612
865249945
353926810
858070044
277762793
504653883
718135301
942028498
622424268
448848017
783129897
587759602
23838875
692753701
225829718
70869558
528544827
244923785
256257495
451527822
191806865
52587787
407456631
285216728
250757989
790985330
689672416
721284727
331388666
63602546
842076537
377933061
826007834
643252023
954120385
639912370
37522780
285330850
521242423
841928128
294031492
603329133
822136624
782832938
948697255
947165693
893677671
536716048
203413526
662303687
278592270
888632974
900319984
548070093
829195207
94981921
28916812
102356496
991850659
723392969
796411952
222977062
300321387
534891869
125282838
603617770
772806565
109954725
459972204
430890334
70997161
540584140
35385905
515626524
450453094
435966011
935139904
740662060
78888717
101463724
330169367
748883161
265649400
52506020
508151438
124894452
656362226
570189471
838281917
237169565
558738962
967599268
732162407
728174330
852797970
695180729
653250931
514078075
367402666
652959859
25049587
652014891
907567298
18043012
790511552
41454569
628049864
876203537
786664661
784327815
208258379
4580215
744009843
786737381
905231056
187454978
505099251
39174368
365562484
390144184
633340250
797905186
96457980
501735062
224538450
525146415
109190329
72094970
45231222
983675632
80987913
632752310
151200519
840471421
600528542
376855686
935021683
418803509
722979565
432911107
684149803
180473497
172124492
254810267
401654027
766450202
3213584
455993183
168374662
573491938
214729533
778095195
553243410
297060756
798334897
233241518
953239442
427920771
366518858
975122181
339514766
684372766
112033723
240898068
617249894
809191096
644408292
505290218
794631168
536726647
712621153
706060024
273193500
748200528
894097208
228821563
736698820
270739261
762779482
913654320
75139912
607239938
909303100
865092029
146752288
842099287
322276344
366749696
196364130
691362779
301567863
923716295
238649025
188592761
629393891
716725432
235590379
173460151
735956541
562977773
384901464
449288073
184484761
872888097
621141351
735548750
716344351
383079163
281143902
196507958
738045424
134032092
98750782
584886010
827427521
589595731
569826075
14060861
419981306
503558633
563481684
237961003
75280409
911014563
91897531
768717299
111409662
555153281
57226241
365070540
860751839
980586765
470902305
323424721
935256747
767984603
10774889
812243281
497624519
58497494
422339373
934610986
653184762
621380549
436277414
605160887
540591474
87944063
134081173
461137428
797238631
74558978
57042544
839619178
209735285
75448032
621656725
239915992
852930625
607135121
346372718
186718466
587737241
200562407
843043730
186133635
602584761
238141992
532192751
703367083
976531145
417945061
991783796
552141460
507483225
912644901
735550980
302819646
882025229
943188464
89354392
57737197
959594454
750727287
800202556
623528295
887160684
399120210
782709194
672510770
134504212
985562818
322331891
760621911
729441487
407474423
118299000
240339150
256465500
576314461
246798865
788266694
22096645
415435170
553722283
925128210
632164700
965664042
728844448
569204434
803107325
285950350
748558328
730788991
329432748
962095423
132215523
813532374
745497
277471425
550348324
705335440
23834764
760226148
769752605
982750160
11434141
454082084
923454016
59233771
373986202
305721704
784815776
111102079
653595792
399410082
129873795
974379199
400013933
93065770
181641788
465352317
772635949
437483492
705016081
458128353
881626757
731587533
777574836
212399101
64197445
204525458
373063754
163909348
287565146
446931182
299998759
719232450
566945445
629237312
522175228
393394382
461246894
145377639
800973390
621649511
924996486
379872047
977439217
122992734
487739811
702321535
349579228
984318149
615652848
728611668
179375731
540485416
239157405
983117450
528015641
870821222
393906417
281254208
640858625
420329265
623003324
670242152
600238637
160681439
126637183
690350608
500032967
586757318
700986648
363785394
91085731
10453432
901113346
643438732
737143881
359759353
66772402
871515034
399752546
657566542
329007465
152104727
673909960
854955728
73907768
232838880
295089695
60868142
255469830
764881319
736926829
711753275
517223673
957685364
555939529
346886141
292303677
669326734
427100459
959920833
706316527
274285321
335407604
58438859
616731747
97908497
281403281
100192179
742037010
689491466
391092966
117782267
294344830
80890304
62373821
841366655
883622149
273091644
394994176
883079520
606265652
9360704
503304026
863440133
490576862
198266769
942523398
128063480
738281482
596747258
759610844
527939323
482501726
995299758
402163555
644908802
90447782
879530765
919479102
48505424
756518366
35020187
889536819
378955689
61446357
817378778
660566736
682807633
741494010
315695929
512077979
816817301
512414189
266404941
801251310
980618694
128605031
748580433
876720571
173671454
745398797
23110432
305043509
176553200
455954917
537388778
941722131
729675850
377914014
608577919
761446011
753776444
792387185
641286657
601726512
788140295
711126923
997402925
473600627
574508924
561980926
667591395
803844620
779863834
844210724
752836174
142729528
713143610
729072321
863385316
871260451
283220449
228377563
195791232
93904012
332472060
936343577
71660038
629797277
649539829
330825547
79122017
762958222
749195245
51922606
216395339
922844722
603975200
571164424
151053417
550939063
581603163
467660976
551619526
115407738
809146007
978650811
836064796
760037036
849149018
210996732
678326397
642292650
741273029
15100346
536664544
661129662
217105849
367051371
560564137
857523199
989704761
360273578
350810158
294415524
727357840
793302098
619876719
75649855
589391064
932759917
763947981
968217011
195505657
632119720
592487192
659436466
571672181
117395024
192676963
255839705
378632985
379567573
463561861
482638695
815863476
366711709
748180127
598565792
454654435
708804259
202135723
176908184
114418599
248964578
76297192
657442785
486066921
365656409
953565491
395951613
650654887
68772145
290487896
391195827
798926781
228930813
561983397
499341303
833236874
720492481
61484901
502377362
723005302
13103744
25915664
930326425
386486393
513508637
556358333
434561539
34197795
215311425
30320279
823570843
204358557
710963383
578124604
126649268
455042355
169704727
509190619
758929482
100683370
265031448
307475342
531093160
225864260
648869125
784041385
42159774
431535722
722217908
704365831
877042984
476302336
294279772
549916794
925701163
479409767
142015543
975910191
585742604
185586926
537818898
952757275
49477760
895228199
295723202
691304960
96326584
886388885
548969164
218742618
899467563
900942764
149752965
593620941
947282836
632228219
365312401
872555223
744464994
457192883
508853931
666056015
237256596
287251488
678117074
7435624
537463358
954600699
106361408
248381477
930755125
693016490
453310792
822404292
966141102
745780510
55535275
314678843
676916782
396062554
131128107
907714237
271756676
586085035
950330756
451400849
358869070
482195745
896050601
25023477
347667640
951282904
500183469
139109704
852713249
724878474
565764271
409523693
259441069
21018056
281009926
347460449
811426252
410853522
831164465
357571616
716535190
571364018
666663093
452578588
193308073
629036670
842723145
729018151
822029469
659538163
700515243
86382013
185406623
227649710
253548069
152405780
476715440
294435055
478979750
576047385
564887322
983978510
836821562
288332800
721014055
530432760
977642051
504385356
670911916
860949846
676317174
126084313
624185023
562639681
719959995
610967722
332697711
300759311
308817194
793077379
885680028
736001543
554379768
933994567
973297930
260145644
480448941
528046027
19109917
993099776
661279190
548679902
888119099
632699480
244452086
160525818
976729728
194489574
577014303
814046077
711367280
308525418
780716946
655352576
162605964
372676745
946257957
838517407
159302263
265335883
632499734
344292878
992891178
10647865
624577280
714240100
861505002
343608155
949021920
150336627
595259398
253890181
773712291
92662738
92629265
108415689
85862279
133545112
579947305
27609325
214964789
891719440
19769737
849477750
465671079
73262881
298368486
758312842
777910345
601420764
585726907
619449611
328837202
352476022
310009030
876484494
779206726
395059546
698341704
101222355
858090397
172050832
806889268
41933370
331018491
246266162
734146063
995394694
27717359
269793156
321001265
757814621
957408224
560637895
704048539
675487924
822132726
732275392
430145023
787699082
274325764
415811691
254485362
510449167
599724049
467826462
901396636
153265939
903985472
1215420
960833794
301789159
226400999
728745160
418871925
820465617
141280151
896412185
324393550
409397347
222799711
598372057
96317803
284769066
635235832
409972761
508883019
189896481
562569576
29513732
906487789
306545409
377667327
488499982
114209132
505802901
245077245
662925973
296557951
954395470
742482632
804404263
947199926
934628259
287002584
639703846
837533201
342998888
375721141
202832152
542190422
481361045
532032687
889990323
701475062
138034702
960338633
653182585
121893444
597718419
318080501
941543617
166012792
354824402
291249685
553786867
621394532
511428246
450539118
888084141
375069790
734315031
38129228
316093954
610652232
481857036
162213089
188498878
363229396
122458454
941161510
453127970
671153408
993332272
355908438
72275595
401340146
307316811
274915357
382109962
954738674
923412725
482918815
123591494
87492708
819219692
263334702
777055762
497569974
406894111
652289896
322775808
784871973
764024367
777306729
832244762
191554057
541074551
786085291
960362572
158529349
824857633
804194559
186381092
361315735
397192977
810408263
906993502
459303919
948287244
394188840
459460938
507878073
482644171
446670358
497969484
997343658
359602072
475334975
500648483
225765150
128170083
728034276
174349219
655074283
502369089
526984028
358814622
72950837
231469775
765090354
486614157
465229423
431691058
796173035
539934177
631707012
948729051
192204571
266016467
243096539
107550944
958450052
843369300
155853597
403495118
80770949
576310014
249444427
893700108
755185139
901756620
142871171
125732571
853330562
353983563
391285277
38798708
513194163
29428943
557502999
683188775
442615372
268350571
697339112
748814121
477753013
146072969
771447897
808987557
526228979
337049500
369846743
743364139
561126725
746963599
903899784
946960145
268448869
34826965
973213191
744265875
548223637
403508746
673158993
313028654
890448717
312492177
824575710
425755383
126273305
428293210
235286071
634617706
83801904
196864039
413343737
692049502
265337355
126713630
603029299
913152467
601112901
294669581
284699328
298315693
988807172
828267808
551412454
730176214
409247944
143645507
101312927
907440205
118769624
712968676
332341381
496823549
701203795
929169074
977736637
646761372
3812025
55057418
379607319
959240484
634920272
478820426
47187225
834778466
467043319
545476662
830785205
838817695
430389483
993973676
284134080
317497801
371632957
830880854
492171839
962894477
54604960
972535295
741681644
623721754
994752107
689209075
259728362
853964333
192637105
39841241
492230653
220015533
915597212
974639245
150296815
306773273
368429342
433216545
13751259
452221967
34990251
559020811
168942847
560345547
994231935
873304001
235847172
926152893
227468973
590317537
732661229
697452359
384013270
710274723
381192700
466434140
851712959
620655709
60114430
835222418
779203053
995328827
505522127
895811777
271302705
189071522
931070824
963615769
666807357
970632618
888478479
706638840
731699169
10101123
986688124
587220664
997514594
713572426
148596123
925519750
36612069
349401424
298289992
567425362
178385230
716007302
505365537
384143996
553494621
307630266
687709931
447132270
853862385
234038535
973995360
488387489
397905751
593193898
572667791
946489888
720320755
923339416
859618568
755758908
262744524
518411318
730353342
808448841
891055219
905166075
267163677
759527602
956648224
44008242
478362056
891065220
591080840
541850882
828389389
271362777
367183541
890251686
102962968
606515938
15179435
381749163
444899788
576647378
260713111
364564945
7703178
578398453
468593676
670196502
980845162
244133477
822787972
61899468
127671267
605377371
643346512
406480223
922654903
371099750
448754067
931645644
971938249
488757696
437882134
519940973
855150513
801858924
720794555
478109388
806533194
118407619
924161037
35136592
255279738
262535560
148392962
684501906
12863420
961647611
864307231
381043219
844559503
926519202
686545387
841484414
410032049
645246534
498826534
676474990
424276400
434655654
429709095
681081946
413769137
949282385
327499876
175293133
801273558
261138321
657482971
705763348
153793685
764472406
466839283
679547201
60759758
702895049
771315863
755463203
723049078
200968029
44731168
741030477
123334932
211264189
566185049
30745086
231778407
142457815
144682787
389120183
750930023
880264995
287490856
176045030
677828623
878541209
541646236
88170014
81561006
578417930
687008522
994541808
876008635
59611055
983261101
843881925
87261371
427643663
224407797
641751816
488921028
470817549
891497146
503603102
918860029
5541518
900536230
442748554
723489015
255050119
522190520
329087136
136605364
556386715
674130043
110681262
456585439
60230513
651421527
119354651
267877790
299054630
704160005
473286211
993930224
181982862
809298626
898796473
360503861
345422340
600390426
543459076
339296970
114845458
410648127
487749677
751585607
719273240
283774149
438181970
805689276
125350865
501259932
529271004
445259599
233438023
325951221
909193927
982556309
739795044
712736088
929738434
354989931
889398439
466261021
569722387
191715061
695158201
618759479
180839642
585060619
270125896
823965493
461494797
795609878
500489138
370312061
366302732
73592413
425547703
689148498
782849579
322563853
839403346
734171213
913424228
908142074
425228523
743146837
873740613
941024951
751652458
293383472
754252639
307974714
583384082
520404694
968404506
735399235
417765323
647939866
335919396
98871721
441345011
292277469
193418051
895255321
740436616
717739748
914876974
724639239
934074231
602862071
680301430
157098900
201442611
632302745
806405643
208141424
406371506
678117194
141454738
303239773
792949952
832365130
425312313
793980238
448710749
38800030
2409756
770657618
182468511
425341282
576541405
410157549
480201682
542029157
948745139
511822067
510552019
773129083
924551633
987514688
787858973
983411186
406083891
388235132
823585392
576421401
534894139
235692299
789563837
616528053
339149881
425737330
585680156
502163630
460513340
42443722
524109525
82317476
874344684
511514280
610070687
774958584
621833550
621271502
372912861
102604491
279766147
231592626
769015830
363663910
819789497
546956431
239568512
714749121
357322759
454853159
613752941
41765882
842492342
805254355
287034634
619972179
673649766
464871167
41862473
671072980
658271176
124084202
326879348
849231594
774471382
892913804
92802330
833488202
777629485
936936217
76622440
595162760
485632474
378025531
918155941
848028855
818084235
755665254
857283727
235441492
296498805
620394391
440491116
366583842
555151508
298125047
246250432
119002764
973495682
278013873
227978802
264852995
397526696
593029982
127620469
346711278
285240021
568982207
848818556
538777384
436139121
457932251
295589437
682978504
507240139
850188773
289701843
589829378
864924418
899290651
552905097
214071016
908555361
926856862
818330949
969188400
248658730
626502140
642101940
940138957
212961131
716603598
961571702
474903710
277312333
465231322
234857900
601174696
135916797
161140846
810093196
787879740
959999171
145174331
52119680
656616626
144880959
875349446
659162541
353978272
549569718
918777375
234081983
993964717
237035770
167719965
908157164
413863359
267482314
913687918
792591726
561150662
349754098
726190501
663499560
344671260
707232512
989412408
759871009
472925204
573621854
752451389
785669512
406019275
252070650
72844506
781198071
171049342
803896590
567233107
358124991
489409173
309982640
758398277
379676725
565087725
317755068
864677095
131947459
264920429
408187005
273021964
754033580
788017022
695184454
485291720
635831151
958014926
707694000
956916502
170940463
207087820
46130584
549086872
608649582
770907905
73984419
437525438
291339010
652682984
630589068
894091071
556185315
581429166
533362862
449017860
667020672
101844384
303690494
542542842
678579693
607124599
109032422
264930012
565424200
363012150
232154590
638744983
201281516
975714721
121231587
577283577
983264280
279011789
715745469
473785376
837279549
616781093
492497379
640493456
104965077
453276953
485986425
191733498
28579239
484712075
435138212
464901834
842834592
865178993
315547487
734914655
822059656
784602555
834732628
452293638
298210251
201782976
288083968
148716500
639652436
603221002
801176076
861199697
263229329
814756634
808156994
17744137
496311992
509201098
124904347
724412704
155251109
347558805
786606636
276878944
339331428
455276011
150622729
260657080
68867007
571283191
649137825
523637361
790283205
502838550
39766017
617378970
234467990
731266652
462043614
85635549
995132556
559261751
268741227
865607088
991091982
143094305
992171093
524212833
915878276
259782174
93557506
143325952
786601463
208844178
497730425
748812609
50869606
626853138
575823337
155113172
935628536
390851666
578174180
465368966
672262819
597067125
43403817
843180333
282000452
707356135
99622658
722760087
123979173
446123996
721872902
764642574
12800441
105274733
182461095
967949937
706609143
707399687
137400610
209557024
358524438
500558280
800361593
314496547
503504085
938053426
242618749
774001659
156082064
362345311
344102771
737144737
441238289
187890333
918243853
221687691
473507222
57139299
798577438
402859488
639792258
693411159
743936515
550751412
322317669
53319510
391002403
828180359
226675477
269507371
239427089
474162432
783354689
403792491
862149451
929100493
626863704
527048676
908035013
598672108
300149429
276186428
827868741
437381079
809161665
344704307
601489647
47053427
446018984
270221689
151613487
574037620
784538558
105041784
912230138
246057785
137379213
630855513
772831803
898804737
186327004
27626289
710608216
741136273
280780242
788186125
865209947
917864116
835244016
311340058
147055738
160726969
969618994
871028244
382197801
863290183
104960947
156275597
85635388
339920188
321906780
936225408
511516058
287951995
60723223
173608240
54184928
971928541
101758620
682066154
156436371
214618829
296059537
602177016
582587317
119603458
454970178
269596474
164935875
458720053
317279855
527227492
826130661
103796634
731628165
571511877
184398916
138918075
694126365
522639803
458018611
661177434
610310319
6862556
906794090
113848886
39440725
558183157
427526574
815822678
26105246
338266565
390486170
123759346
32808718
343046099
607986794
346037301
361134468
272209768
467586924
243401447
407959904
773557726
849196258
342688115
304713940
636194670
345663887
681208692
180088703
673010266
888699765
553539857
983053643
53681784
375475322
601141688
565233398
350619137
679577157
657888593
208387064
527380550
417323963
340795366
302745011
461631572
111948000
615501181
674509013
184789938
634033513
767748301
500687753
318717039
370396599
66531880
724673609
697714341
532374427
196391447
94126205
348713102
436323611
358558464
602624725
417428248
943412310
494471055
718378595
345891749
342985042
137357305
771735842
717313971
303701316
933033939
223529592
708798418
410936852
227398100
829626540
420667449
590133767
413027012
352715775
718649379
294618924
121435232
784581707
636701110
266001534
977135865
215143655
230749175
333264695
14097616
778316542
997086992
982617561
360651669
254250735
768580396
266073003
776709969
861524055
236913950
922870668
367057784
651582741
537824292
32681458
337882856
137569865
745807724
731643945
540608712
545724182
726631599
458642788
212635470
662445726
713363797
725007993
935936372
156530457
418383451
480058700
571096495
620193850
855912696
498574841
172054440
297010870
875513317
491831399
194755096
683490063
786061539
844534459
915088886
648347011
398434455
409992637
907195744
948420186
632305191
8585070
242094303
721064619
273152536
71619290
707482386
152772985
839927886
788281459
372719044
941193492
282862208
665000986
704294392
189445474
675595902
605641496
705629059
964843814
669647877
131782987
572202744
66218509
401729017
548657549
765416688
338755118
193151837
229953031
297633048
70077700
631806186
984977944
100735970
32755694
885651399
613098943
21701043
681292164
254008879
797661024
685273993
207106851
361214958
624395895
812300025
520904856
60888144
92589577
871804459
818125040
17401326
364549328
160285682
377772564
348820150
836881510
661484484
338692560
508258129
480597967
478204052
87352772
344728453
220343344
829287921
440185563
442128039
346902573
391774922
556920343
703988379
142364579
602189171
584329980
130460224
556927395
448917868
370070540
377520787
912551081
548415659
975612472
815123348
213820827
645713914
671824059
309001388
613648914
496489765
325832840
623145807
149040347
838978579
558854596
492481649
105208828
462101863
899978952
686445427
862743136
845114727
914575837
453801278
111721210
676488597
567314869
597041084
501984212
139764359
435412477
511482323
714992362
802818096
672314603
432155228
227793310
392517074
185698000
915433649
320156768
17305683
170688343
718199486
753651910
172098600
640239757
144014016
245129922
984453200
543108544
915101069
393572780
461369020
651000171
765063409
201142528
42165057
825509895
488207365
259644794
397107455
747306766
415362110
312488024
471823089
244196677
625060714
845786755
467626944
504580329
303061977
582782724
111886228
300301398
935154524
268597167
903237106
805840832
350424593
985880639
877658192
25414152
542880288
234626098
44973532
98281567
826225619
733016260
270850988
848472726
52141447
383276819
207186958
136463508
26901280
719596971
98234974
950531928
981843609
143559587
431080361
525759407
773906071
951386790
437107352
101829126
427043907
714700935
451063785
488715767
783972128
821633997
853797457
357969940
844703098
361696251
265372637
204273987
86598380
534816619
183776819
668191692
35918912
475888821
20956816
93922784
852337994
176102581
833366604
491638358
988513223
751741214
380554050
880320863
427097623
321404516
971718203
821191199
54414437
874602982
698867957
697557069
849991612
132471403
993767
172162619
864290584
915003664
24198391
154853489
191572564
690544819
597139355
544996460
458923373
34878130
663708181
728818070
943487336
409679380
717248616
988781477
12433503
80593415
177463331
759965698
864850685
977202023
608418112
512770334
74789129
39637799
311476446
565295369
462434821
796852239
661061877
611865200
96683000
210125797
367089289
919397950
644630711
935761289
641739709
508460653
625725768
101667563
600422711
434004004
945550560
638049432
987743062
358670046
329316950
383764078
428689913
443412316
955301537
403593526
488212474
660048577
205860190
960319340
740533602
821509756
502426528
577547186
882005181
370144173
117579745
411765108
963142368
160063233
461039052
62661611
135001370
654095578
125909080
333797084
35473286
490715598
370201559
835040855
360666291
7048283
359603229
393377998
438373861
135071375
298695652
302261965
817742766
476186377
129669125
758996944
791924944
809370709
925422469
749380450
128145229
825652626
731637443
300389724
291069427
405453628
467812308
377376046
23962194
428659963
382738059
281709727
781709836
306749572
782330470
510622765
915926697
357130432
930081916
732875106
712154332
821148100
244261447
542902029
569485492
107400855
739850683
680212490
239968828
275301759
347537422
317137898
85122291
31510262
419996500
56340036
82667616
737465783
391246402
794898609
856927266
873596642
300023247
477027440
254519949
623414327
559851098
484677401
599000709
198955402
812279431
765490015
649514919
574594634
847650595
774053161
305746130
471494134
237800021
826945481
710935847
808739911
447929944
86648314
17994723
772722560
91999273
749169022
414541152
365726523
729103530
378404921
374520708
593167589
694862439
794902546
233937230
707302110
977566382
157091399
211220440
963258650
787653371
851274074
114084592
722348144
811643844
826549629
362550644
988060418
218262873
24518354
922239276
57599505
582765379
273851676
411896342
770886227
190290213
578401862
884205550
442698371
829166669
914712699
535094767
957369434
558095467
803812972
824803562
53008506
811005427
569512857
616348091
721944792
612004692
120332550
649525090
201189357
52682273
432746850
320024486
733841986
225272110
654363150
567015231
39641827
281916735
853328473
956229892
377318059
19552535
462964107
978679193
932314953
112306617
926570910
333302525
298669474
914529588
873931062
69711445
979204381
80334746
288903662
904897572
883830557
296123773
494208140
181568330
207496606
910021760
937365267
817454006
628262411
213928285
379604593
633251427
319880669
604800478
783315671
701405435
674104009
524362874
13162451
424337796
99578217
560412839
765048394
912332929
178455190
149021799
90615099
181961453
660439394
801348810
448990499
846193115
66048069
103771089
590793764
46207607
390586539
61989293
164344743
636409658
780404723
458899577
692654777
423167728
850884486
419812704
981139760
158569784
880344278
887320614
13414899
418578025
362477189
44721088
619698731
483476033
97789742
6346208
400454031
472006893
331497172
512863479
243612685
589438027
213895696
629072068
805467914
233843906
104266461
178364160
869243689
411006331
724859501
339092066
843188312
463496912
846257436
732002933
830714247
408584715
420213216
675808555
70959235
824907824
240173401
726811433
59611915
960073463
