780983702
268709436
417084962
859175187
55141060
259271947
400255412
499635712
621083475
149412891
301961461
337866843
880609336
793189648
753151166
904759494
350980240
298672164
430106962
242967781
820090639
306743847
508009357
385146187
249993715
114493419
971508056
411234136
311887261
820766761
587185593
276211296
996084674
357738592
844744775
705338898
424438924
425348603
573183082
728103261
713281040
450555586
391402021
980460577
873935060
165747852
185174242
133091724
407209496
487544170
944925893
630494922
571820277
515917746
921829118
673388289
615101764
117488596
514164067
275452766
398412175
136662947
842273177
871149046
354811046
84783690
429433189
200341457
586766009
845065621
848320822
311375460
719887387
395191455
645513901
681686608
594082570
984712184
684036975
605954934
362498496
174346882
686957907
128327127
866793829
301254928
322958799
492816405
508030826
540796540
980119785
669064439
693997273
886153581
260837693
66826896
354909646
425920431
980672881
858072175
964655817
694663809
793633720
73670342
575320706
32672260
617578545
408636545
244561617
512844883
536333467
647048793
363397503
979984026
207299380
81886742
33357235
259705505
79545336
174937292
837242970
988064754
160246116
150784091
700464648
364330338
614711511
978407955
98031177
450379031
656490606
764198321
905487099
543390032
307683998
525756066
487953802
594364049
960149253
944052444
572620990
784916864
24817085
82527477
678232100
850375332
706318934
582407310
136986442
471289084
981265047
756865138
386414498
193866378
710288811
94040731
307009044
867498376
617683794
541310513
84297309
188554723
910708397
396586443
948390318
230967208
58123963
185376826
889402474
512115451
612115047
899671484
103237032
801980120
369770878
391480407
360330943
420126714
629511638
845325037
802701753
468253879
146566151
376843934
842861484
621307438
228281680
43141671
489198051
379107290
731154428
488115662
775862819
797571679
647616581
341203076
370998856
689044710
475473465
266276034
937847887
713701584
421579850
769726496
485612556
905934919
3118884
716155598
94663364
511398820
489327734
883655924
257927123
928446862
86708483
18634983
130461283
195304943
521725176
916754901
472169910
449368450
945284839
875506268
662574558
571779478
964762616
41325804
961421866
170362547
96259157
556067637
465323251
616977937
120140411
213102040
833827224
767079784
639490446
393892011
657308462
507827453
902555718
788463587
353110747
614151588
800967682
914960183
854075682
305211130
436460911
285575095
45420207
624681703
524847157
851353001
376911849
224516701
131030460
606831949
6383876
391476475
646245631
486469406
651513561
92180219
945418212
170641881
731020730
260664944
154896526
717003899
165941510
376279571
603446315
584573241
668114350
125524989
855590617
910987209
563718099
655976665
263176012
748156375
743053868
362844575
544789714
101606896
464581587
61115392
352564418
845084023
442221429
63051665
143524036
939703854
357478200
740148543
542930033
163162170
923964257
157540174
416422277
939598534
342049356
461058756
683790070
460764600
371186717
736807293
509894320
465226471
361675000
364059144
33222386
329996258
856190083
968408195
750540380
879273105
115302036
633984054
402029916
697890675
843470750
966210956
771369876
466367344
497329656
559803528
168567638
32884272
567755344
9951860
239827450
525092798
697436463
997259024
196835524
110524817
316897750
29574030
139597041
16858667
160442257
805397862
471666762
378470637
380907348
43750049
335619536
828388875
189843922
555702295
85329099
670892577
795698550
458240498
288151036
805694975
764792822
970061131
758275626
156388266
596964465
39700661
969911120
768680714
613126217
194951889
479852086
101516630
719581414
657655385
458668546
139844082
110917320
252348664
897741346
454420211
872497522
955404610
861867375
900210111
432095667
450343025
985100527
76702806
109892569
383720975
475581651
83686806
962698859
31759810
216580453
342845042
383187662
903481466
443270766
308599090
412752045
630174837
295906377
624762020
612367174
985797937
302320770
393249591
353656570
304863159
315751281
114094823
987128623
724399247
819691424
46791177
422191410
67658139
403131323
746423961
340834131
426711393
37375427
612259257
820832722
71830252
838977
189472780
251610168
784542616
978700361
426766439
499116697
808750887
901321669
305187303
308617257
767088254
758280356
471487048
936590159
919852561
596934088
161635956
112119465
52790489
827151982
387907186
26927913
344044477
107761720
687135699
723150623
462327589
99179198
352172414
672467939
195709210
548276188
577136789
309515582
909071816
407484128
20106039
77950479
704004331
314012826
629219815
380145467
597215621
407191465
523720238
97743394
443389578
649105196
563620061
334454222
191775502
848179670
55674381
279060572
463787117
524001354
185576680
867444933
53139620
832244360
797509894
645935141
511244059
565853654
564932194
117294020
185704461
471799294
563902965
804460933
340049081
719880506
329300289
648577325
805763671
557840560
9784664
202966265
407460195
907176773
872504696
245107215
897389674
21931382
767142549
771234400
855213616
443921254
877982283
522649590
113016000
246141595
820420653
849570277
947773760
915506119
797263046
896108870
274424526
561208523
851049933
307555528
285847097
537617841
499403045
656402135
936214170
709457476
602094824
247682285
161315702
442651938
265359165
735430285
65655396
388206511
919078039
506284282
400392333
187256246
153791891
456679055
431859596
443686449
73875650
254405480
672887941
796024395
290487159
426177648
274982643
987244729
573786882
311244627
323005036
425037258
3159763
123798798
658705328
56494242
537702654
56175671
794683305
219350355
137631823
254750356
570861281
130935408
697441902
613553163
755013506
516911074
46071825
299155357
112845947
968270358
199824909
327713485
344193715
762654756
930101446
436255659
772152180
853048561
322430427
965798819
599951819
869748082
264987703
73099093
170636244
224657807
678913554
570913626
717633717
990725094
385639904
308283051
835513335
632594696
273141326
152300141
477429668
880404594
129589039
562632308
47090482
921001111
664174716
148230323
72070203
544354042
640370184
797279116
127536019
269041814
490316053
370949962
724239924
914512636
455305358
300300957
297879469
54402169
684429320
295723578
488538781
424823406
488621829
503024174
536279336
970690255
508633670
535433488
111436559
399972822
809689353
802664693
426815368
181419963
858546682
978553572
87562124
276771822
715777857
863225076
355120990
15216909
467561402
340517886
183074199
898447263
86623741
963691939
140294285
705173052
486467230
985623080
880548884
314958865
422695487
291700642
344023836
167597948
705808302
365353886
219202447
757810000
612404976
24875307
515094969
759068528
738718865
343036474
756883435
128023164
688726769
268399961
333887376
615606365
483772165
459785031
704671301
665258112
879907212
187239869
740931506
933841133
164562168
21753267
707317502
120043583
618213885
371202762
861126143
254411966
808404358
275260673
195526678
735885183
306149871
312366014
545930452
99205166
314978983
209958723
89764405
535229620
405844432
714396631
342211077
469867624
340633640
530904209
256888053
644330137
691533306
745117891
294513792
542022267
601424027
149510269
362132820
938375062
875205438
206744889
841176892
1615144
413269745
653321590
605145615
971666304
929999357
223052715
183916512
465376389
11394601
837025244
167770168
756216899
466814951
466230594
719373425
105414574
839499224
645712525
570816301
741870300
978676789
290208338
1129653
128015606
841216578
605725476
24972174
826689069
841926589
753921045
116234099
409589578
439228210
552426199
530119742
144756726
868883629
620388788
465700883
258852634
842619042
537519198
802857528
547058159
695118023
642202833
365318396
375756154
960797560
631469592
15357728
330009851
677316129
124823381
231881699
144726916
339123013
465968238
639689206
829787002
238920637
265556859
778386658
975561242
746406939
289976448
439972021
49949524
316376945
261386666
29813005
901138967
777234475
275952948
899299978
118376078
394396241
812231917
475982120
884427200
561614120
623582961
507503946
247255680
309795598
627089468
925692049
206613060
46934940
889748654
74175567
968614107
181118274
863885787
413083362
676562063
438727216
257687155
150177692
789864605
147055344
483975549
432543647
251085854
678427041
432099055
859792945
781179171
787927614
708281179
318441021
193436093
474922568
165728981
239573087
544960097
132763450
465847127
919636233
633567153
220325481
50461002
609065403
982723418
61033817
747440991
407911030
198919863
363870929
575055152
344598011
475641991
103768198
567458794
287702781
123853817
410794251
699655102
346763676
272292211
943253216
837906799
674876295
902700109
85369630
84727231
53837147
984409110
482855633
992258725
16942858
549742514
140228635
505833637
10181352
62128060
283579628
649413087
455401122
252187841
220915643
584644775
141403895
43934089
208402868
24705
809201630
8173158
562171207
466226653
355393736
134278736
657817167
769356153
287344112
42188177
837805685
169974824
983082064
226932649
416181482
11444537
918909237
643061797
878058147
875191148
962231883
192800687
293139635
73828351
534353789
788147321
945637366
620939124
735884695
510543333
852638212
392546562
240902100
171403552
480150808
679001251
646752335
667256713
44078083
575066282
282672029
529880583
461091808
713609139
124751061
605226470
51077986
600982218
452349373
542642627
591938274
576901958
525365830
140328597
60610052
926870252
26375504
118644261
332202045
18962360
988637304
597418788
880040058
400163350
108483621
898402091
63796764
9552702
571229161
578066165
709654468
884992461
426809243
799095363
865037726
472270862
634395981
690636128
10607942
167235852
934266318
562896786
701347115
790800271
145442255
122776163
55967649
683942983
210499891
959745227
189798609
639789109
135103023
486164681
857570095
188438886
990718430
712184756
586852204
163747542
698008166
67048357
919893472
664842077
262788590
931086132
299691123
877325916
943786173
245854766
419942566
215116255
793973236
161735282
521462800
24810154
341157385
55658611
639267412
296245277
126423068
846659278
576896439
437670192
230705612
508679540
188949863
260103167
905360308
790519419
94747165
166305436
307865131
941200027
309833637
830397300
634580056
375543664
545895912
412038156
461007485
547659600
590606077
630367896
260611444
402962831
422773283
310353626
585157348
206215114
42314459
960339796
86715906
221395054
828088308
325795518
497165375
170632897
287969068
729049056
842816050
424444058
604984920
886010527
949461066
44103103
713720575
210191214
921772993
443059739
446822679
533611766
126752077
342469172
152827191
559608467
375503257
66809268
852493144
293992507
665119863
409482912
960981805
795144334
624229620
371669327
334312833
535377385
564277837
489616470
920187744
506525012
637676862
362476614
192259427
830501980
78942583
878851399
368638206
788482825
848338105
686881456
26313720
671830300
580455925
481942971
596422148
165845113
715542613
173280824
130806274
987366366
513345086
76375978
347515273
722747929
69984191
766086661
344699400
923250941
679832737
984136840
324723998
459535465
455045801
116275469
593612398
100731265
965760151
755388876
695387986
41914702
581405615
301451316
921662245
57250228
295960589
331903976
854653124
908612093
832561678
955277617
855494804
766159785
930922663
43822159
591800613
360610959
676377691
254248474
89825218
820387356
75162283
721352721
411288506
363186539
207235966
325434518
506231174
676648738
370633908
428893203
172706124
771966074
105027070
78458420
287657236
670968744
142103397
227000758
979202173
895872946
89358651
358564481
552507119
211818750
641105271
1217810
541854286
418213349
811784757
968294315
689298079
722290022
238018395
320850441
249703481
767362324
708153309
441411695
230201694
289641369
587127835
278415552
184420566
180663491
767872067
460122207
879933279
402874123
315373940
927287409
740106015
777652754
822016791
204938465
976864312
940189902
797040335
186039084
422503391
212869023
987036908
933778291
697914215
314477318
208078683
679259780
916236637
251563952
455092478
923280295
634902127
193141411
825023888
246029596
932459389
904125914
986835269
241474086
937366519
259872835
414100560
317187148
123199526
429887493
861872393
190035191
386619784
936141115
147958476
500843029
679254563
268553877
916715424
869605207
782624982
516481242
483545093
941115377
762784381
69188333
778174570
478680845
305691763
703556222
656176822
221450755
172762795
50701033
778346388
682132219
815946615
806034880
239758094
57432395
775981560
69288802
419028176
165119931
658121514
207267665
299355569
606659395
785255652
673860855
299122284
377645454
159919085
913374057
799787579
838522132
845057390
631630116
697986605
885399061
277229575
990281230
718130156
416265287
112618361
274269272
716369898
613674771
870757666
201578391
794607719
240301380
894549980
505367580
800471847
322045612
186861863
158271999
56408815
940325843
47437618
596267957
909051903
401920552
197495555
334700041
832364612
945563400
574562521
910510891
21343369
223804469
74621739
695518429
867475466
102001982
900983301
280620566
950504520
459973604
433357693
524397477
711517722
682540062
340576270
61937393
665490769
133320500
165098817
817714777
891653645
793028526
424125212
771474229
216856709
331106848
245175835
845945856
945000687
869422896
273382876
399482704
560442460
305862640
845737754
2138388
854616398
391579574
423052924
533901034
51486800
907639960
309776183
728436427
8028672
285432396
365479348
81229913
560463409
314201235
845683061
841448352
581186401
638835286
528376919
110637384
690057739
200259015
157024228
377170890
194757999
915237763
648417906
844379743
68307791
811829075
766324244
10637311
906338943
957798054
891467228
602508438
13773662
401702745
202247202
407484604
143688559
485311118
102816082
542568932
272177052
206127581
156174111
78804814
160398327
182062385
877659533
212148943
82844933
352150291
761489135
384817542
282687106
279636667
695430084
259099866
490886803
52476031
792847834
656705623
842206757
526842990
470545815
750715753
383345810
187193663
71551830
303205262
295694454
300680502
10775870
589660801
119590782
659398413
606828329
59501310
919320610
549707344
981680317
532280011
153228018
649463446
308665927
367692970
909673440
276130706
513180012
235804602
274051851
525853632
757759995
817326755
173009929
137212510
690634266
180593013
219729187
879684606
639514975
179851689
818435173
508474239
246410584
301285509
638460641
373594444
196340656
107185677
754332419
712950618
79695384
628257664
864068088
86567316
204539018
548753715
779969173
912998984
207170613
827160994
639583167
934713141
458463213
522509731
577676135
912251980
519544809
747669769
674387657
926036240
492376032
439375019
467952057
723230851
16241746
723004169
82827806
350320128
45636531
691750840
328618543
488847143
762028563
842462275
229813727
74965415
700672889
135408636
350781282
851626897
130981786
326253579
637314669
180487168
145117544
608419469
89862378
83187073
616314878
900231174
304814565
959905657
738842129
130236229
452057872
363473063
598711633
896759226
966231177
910164140
623231581
847167469
132122680
675941425
85303825
903997788
136302745
235896815
341128154
736461653
950478059
955747303
276228155
415823156
868556124
295645886
961001814
960543770
995772350
40660337
354393502
182160960
719368869
325246018
682245929
176212326
290872156
726130143
344701209
804994195
887240939
323372999
153269084
972901045
729885686
934042092
597229877
472853026
773898648
399017210
784551702
270439097
119699983
129175247
826342990
274757986
905078460
506714948
306541690
798687536
424413021
186769583
361074118
453257339
813663680
791743246
871099296
666484483
357058082
241853269
704760058
46092031
329980273
24783677
134932858
920948364
921591232
217753148
538126984
807993244
43615992
673872688
810981916
54424354
691179788
624115087
309740340
427150102
602064903
1957778
400409449
721522698
378405341
728332907
318280760
481726842
334602956
454052855
60810781
742370930
986849118
412506482
776904693
845524266
78823844
66848927
811319008
269028054
844899519
276007367
544839131
625568029
819379914
831236068
325447027
720066276
123441279
559250760
860042482
262175599
728962967
969113193
863599345
111202595
390524711
307391701
551703159
184306638
591108650
561027100
469592843
745646824
791429127
231563715
164036998
196224338
661738000
28481971
110699454
589619368
337231900
725608625
32208831
248267934
952509274
96107513
259622991
580282683
966793480
359624727
572754158
688242841
24135894
951451716
737947715
153945549
82995150
935422576
979326839
526303596
737427264
224304461
659418901
472527892
210771684
390750096
379975527
652680826
82355416
946429822
583751204
699717477
76116897
736507186
280349880
854832807
388196145
907413907
758388498
56207332
84794790
724320962
434555955
606498018
545491812
539322898
289731397
466264197
967335336
845365857
845118681
676992534
925191134
798616941
644857804
320253046
56125687
176106178
450371305
857202155
768220838
106270729
655145541
700964889
790416891
464678342
372481953
23481261
798440507
226006357
28118683
220728068
784142971
95974181
976008227
60092144
40000471
483062384
771662681
477144073
308995094
443104144
554727003
783468204
9617922
974015977
760079012
62957466
207176989
846863508
477940576
669315329
286210104
845845774
64521281
494495423
358284074
335483338
822051583
383747622
675623828
620719765
961232410
616195763
646983728
603949431
682157829
405264962
129141573
661482980
563879175
831140022
659367649
170179921
493898461
281859551
322847003
962852692
415102391
13049715
858604760
440796221
143298990
219104892
917823362
296988524
127509367
821872060
612623724
853926689
418653984
944423482
501299869
318416156
517325784
140580313
839058322
614388513
639307444
695415772
568259906
556235761
330979165
971128889
715704130
9322407
199882583
354780575
540052562
588626383
236327410
184574970
614029814
604224539
882732820
672364875
948089530
347951248
247533498
673252689
434805112
25466686
952752674
407982898
268273202
555651630
827174433
511613833
903732422
362389654
82872418
125630980
412374837
205781566
322264537
579753478
911848642
738539659
375831972
205343072
865797572
480421717
949160940
319721116
919067952
586052615
227409590
756551260
139552289
406586818
66796286
202004698
914949810
211490275
996730683
238215466
585270548
983119493
734388158
811790947
18966925
607918382
579664345
631177467
469542866
169291733
376650748
228126866
376970096
96208704
799718897
824299816
104248928
517625856
688453253
296552747
723274796
667897227
800714059
618686570
807065657
201260321
180198388
706080223
703651993
527443943
683922892
487892974
194965916
945110080
786702101
569382147
635618218
5612031
507941874
312624821
54739085
317078396
477441140
17399876
896612585
452236335
514531073
894310051
421416164
123385338
262679658
344943086
991187920
696462660
493374978
671723051
564878323
388198445
849849992
983293287
949773608
31627808
961101278
223247250
102224593
115272818
819429915
61846012
967922621
679524464
638156366
466852136
21643553
611100167
609441240
480899983
128813232
248752134
764575990
6867711
452640109
175370721
819446377
917183077
938797545
888204633
9998789
664223800
71512923
855592684
307648689
708002324
332758308
590963975
736040856
627866685
14128709
30951171
431826251
431663153
908264833
931239100
621942643
105940020
357414210
948199945
777966194
343296628
496902428
799430966
423110081
952337950
760641985
694570524
341634078
515951464
423721519
35752512
294390311
208532440
677477690
588164519
330939457
73737118
559653534
90900037
385794303
109525498
49081532
196693449
244959474
795004987
637847675
110257218
522496715
954166891
722673827
840761257
336709199
399542292
203675700
730957120
826327684
567815251
732582700
470979276
809927701
525329064
776394967
530760521
344469119
904720966
690483165
869475872
293467517
451136505
84151583
815439566
109226415
287746876
260848886
1540998
785778637
475459693
127002001
551952845
749824212
734078756
485342210
120488087
214603635
502550871
973324664
189730651
39165392
352581682
479423203
400536802
335912818
10212169
629814243
640388765
347136064
717837922
102508482
515094906
90598096
757959565
574570400
29569725
780861694
206320163
145134351
671177741
717977070
961506306
505267977
656033346
723633041
262732800
212890427
757630630
349679525
650218592
749810395
655220572
147533946
687065751
951454142
836525846
811486626
713618236
661933022
82750651
215472703
2897307
334081801
434300735
654701116
704951986
335674868
254789615
366061343
153803845
93375024
562953768
227834097
952088914
772620215
359721194
474025602
566740487
959206247
482094684
515445638
758454239
823768311
232632360
882817272
139051560
282534001
247962485
387073803
229055283
946814711
557552994
642244932
477132245
406443809
12553571
751123496
279508593
607009624
659895120
546093664
436675628
516387228
828479435
268573693
873045742
201902
627054006
272648174
667093338
688530345
797839710
600577761
790190072
844738185
846447149
506906653
342809926
445306569
966742699
359298772
59113763
968606715
946864319
949749167
152422798
951388494
94149197
187380119
927162659
591781319
778257442
236606271
174551000
265096115
447701228
180678280
431761954
381581370
339390063
302470804
492377149
184324975
205679060
763171972
30967881
677693834
570240474
380600344
521331491
776452663
284431786
950134501
603648506
51110351
712923585
1916377
237756580
837306820
664751324
738634852
409704605
211071293
507077455
228069368
971672310
774467620
518438579
753306144
441349227
203480045
349550502
287824538
142704722
111343655
815004003
497001594
628649584
562725785
12548734
307205539
474571276
533106811
190203359
624080065
62663505
567039230
17110436
279106422
524148716
454077534
248829325
837253537
885538953
386621456
506609858
19968150
412880345
935855692
474088526
966912053
161794177
305254433
20141935
546668031
713611784
31237518
336252094
90472854
204078080
5331558
486851623
246464775
302926209
916523287
989643318
147079991
922183461
677370800
347414781
621132434
921623463
503010998
780988843
297394665
26020597
810605238
668965371
874833584
173421622
420147643
667037574
870766031
11251415
220901062
894424638
587217516
64780064
28780377
56426846
522418477
302895864
612617343
147222884
459075943
545820158
660880114
165888607
902339
428117154
452421013
632902004
233687183
795113286
806909476
531576551
659985379
803985032
636359101
142693697
682469890
9414524
640921033
247104692
852652016
722021428
535659886
653886791
980737833
962757896
840571888
567256575
667590034
97219653
245427903
456600882
411420091
808992162
28814716
64338088
81595099
345699758
247094709
464578010
746885523
974868272
30916668
716359461
47450878
32925300
452457517
323203091
327190295
856150165
846769733
493681973
613072670
720367678
784324066
728071535
669739453
15400204
32083448
762920124
460733625
669800598
872791315
525117051
34355916
358900825
894267055
519272822
94043
516824652
909312788
594935143
925032824
558230833
539268932
242524309
914225542
738194008
609473929
118581813
84956559
323436431
725829762
386272930
36182358
269388285
173246584
129516480
898437192
640949475
359453618
942246404
975367516
27110333
867314008
412958318
561101943
796431809
549547934
563330052
831226097
645320216
134415292
474557238
311058178
367181068
110949641
775609466
93765972
313712350
117616717
373753955
776659309
804360320
571165830
991137657
581138463
419765922
284886418
266138583
345900928
507221913
476459261
763262151
325096022
94049528
210362393
398642738
920216561
914431576
572160543
602064449
603327871
881273754
245190742
258287171
928413335
850134809
952007362
178287077
80333296
389958491
199235889
206144747
153908073
80746730
204851587
737918469
269938249
667803940
543343948
992236539
841072082
869909726
320081761
208284156
233218320
156429676
526503740
220746538
72067365
683968800
88421389
551870905
461274631
161697471
115432473
959876311
952202994
972503937
803929066
927812507
819930191
828512487
219404492
819847406
170626134
532283306
767925582
544518530
668574011
655958273
727793845
876214482
542152069
794277495
118103563
117879709
472823490
789122394
827137322
880176665
812813325
293840682
413701138
164787580
736012593
455428573
375047136
517987430
510704341
832233149
811035839
883481280
569858663
750196227
28418794
552647303
654042738
742626181
651340774
200744607
553837769
901325678
372099151
893720979
861923150
486559994
985904009
700667856
416563981
417748630
490459205
496373045
392584867
701411510
829367278
516044949
207883709
794481211
205255720
820287019
884412370
438134141
422811520
809494187
928286719
429609868
198805026
225985067
857373207
924140258
848174534
985473919
520032045
266225632
186944316
238902989
173700515
740175832
388741263
550705640
545107859
157466405
895296550
834772263
555213383
875247617
674766517
389171275
528136637
91329647
110613394
763674289
305910608
793143821
50726100
430577882
686530670
324674383
541247652
360378295
416133697
632685224
735007599
322938878
216842936
98934715
28093055
16537078
809317080
717574859
811589016
146901196
558239993
126826532
298378986
893059822
355528536
949960580
869063104
409617986
295093972
361498943
937406609
720289684
12345289
768167621
293430380
535938047
779024156
885530657
556181834
333307246
166436559
910618315
40001931
968085888
772787422
464780914
952876665
72492933
20643508
303708098
243864699
632196187
836372852
14725528
124632406
486343857
113816255
612013907
708441305
319962541
714429818
784772254
440156543
350040027
631972388
206808740
808247047
866050452
447177010
458254340
599647084
848449437
862998486
466243816
865682245
110931471
293995622
746209122
647617602
996931600
810559698
915805571
69238798
591234404
806813686
674001812
908578784
888495914
832229126
842113609
438013155
453657831
201757245
227416044
639789485
682200444
507299131
701649883
460831672
517098038
187066173
111502721
657229816
525079264
772779268
706668734
716647173
555118844
243105717
882464581
758933244
300069716
692629216
964633614
44893073
698520544
596553823
119118798
572870333
556068650
845154068
884271625
52622587
184096038
955586798
913020079
760950456
960266663
840398412
150642623
184400149
486826595
595011535
670690903
864324660
345709352
762076335
493678395
177644494
673512927
824076444
16004297
642870471
710685618
559937693
280595637
842692299
907037606
105951106
37427709
751173369
488644437
268296989
885629976
645474103
871817422
301408388
306436204
288299103
305457653
517698234
961854513
691000429
948443713
323551468
42023915
88422604
62760962
854494533
889643487
669968196
890293083
2535471
511255445
385079499
750283086
565333435
816114812
172687431
138572026
674483614
740768621
512912011
894721463
789994334
317640769
58339593
194162208
566817456
711869912
530899098
420374800
521584351
279492459
843672749
938412557
59067782
378917485
344003346
240256235
470717485
501505421
81852170
858023504
505845492
412708799
52735362
992973666
528258685
197345261
181485298
160510860
772793043
183710547
901290026
159712608
687573076
190390458
192791616
637958721
208509220
868186000
583129767
469769340
920625271
250546607
399406161
121812855
420343475
938370893
981495964
379325936
818746049
730899833
580219295
609426187
834660467
440261180
910627480
922867101
929908975
975500401
533239475
638494052
102189674
518811180
51467234
567920348
973994437
596907878
672446072
739268569
385713807
829956186
234780924
825134298
412127402
523963040
594121010
639431828
709072220
649558741
868981390
162117863
270960990
579455586
317038467
904990078
277122628
247691239
139738885
921023162
461290277
98107624
116467861
441514137
674233798
626435686
108962092
793812097
836949955
316287200
412860921
159353003
583800323
255818864
370539679
123332395
26230180
497134814
79598515
153385320
900900629
487365988
508440365
732888963
709273892
131805034
475788647
603677831
164921175
545031282
702824459
591224454
285475650
373578944
123700805
865172030
962000935
945494591
688642577
785588101
290856012
386452665
4506
159517639
318510483
13847114
355686680
93650613
62505179
461309250
709885628
187711538
808784462
947266655
290325558
182091441
107317884
184343931
821594820
797296899
149076172
945687446
996722327
137573744
261457418
412513528
70475960
841192476
62416311
673600814
64028150
731811797
35635029
720193875
8028403
639511476
340227717
593579006
523259112
230394806
308959882
387543567
449219458
14509626
304673083
886976713
600319724
968592062
837119227
277750773
90871152
499639020
887153663
572779113
768792653
273447729
296101602
10162976
440112834
358013639
84756703
258681967
435658706
67663693
938317838
660966588
974735338
229558933
903887206
139624580
954257356
677365753
874379937
454641422
855963582
822388116
843089939
213619827
253566109
253101220
683835777
561940151
77708715
56661548
378848851
150990754
900499827
204507575
349807877
697872759
950389903
611661366
784547718
223363286
598635412
836525279
742663860
927366371
666913265
425129059
765387986
849908331
374722017
365975635
639157261
936287003
681036198
680996019
76225308
42499678
354600676
459560286
506195915
153714470
981761053
859390127
415806833
306763817
336271529
903766164
860798055
480036262
804329350
190241108
769207751
406314444
807268033
4666216
517456612
415808122
168798232
942786154
506776471
567427919
526031100
259936499
239435239
636396913
263466970
746950981
651445801
213517845
296007384
822594806
72416054
500535080
232737893
705511333
788469047
87094513
339717725
249074564
939001495
128073628
562171058
63552068
494669014
430832467
475378425
749054296
780644902
937027874
695546479
39822222
787256239
19307011
101079719
823508950
685331576
91670240
133557585
854995337
453065748
652539234
375121203
696495724
457929844
725575008
760214584
385532618
202599425
528160322
435627857
576839662
744907323
158154303
399636417
368216236
470648287
807821937
996288519
161166705
441229580
842200880
275903433
612125691
921638016
165010519
347210805
583268502
5993605
211594357
4997603
287051362
457615357
138265167
988933056
612850019
514325149
230696892
857338471
756929476
48326735
800279034
356316087
515495856
675120351
495771382
107066735
541593051
751711554
680163704
861407265
259560206
143360318
837439636
641307174
395650901
988892723
888210552
769254515
985921795
770225265
307674148
732957946
521164192
335981842
480846893
329048910
203393896
229997312
587009927
915504095
322304403
770108372
666281386
520327416
394499012
42400621
845532385
797501580
371267796
423827388
584862152
346760201
928750760
907072155
313317213
328059000
795230145
422284732
951556336
771690742
325825945
705593718
927866328
946799508
254809682
4332073
983015002
645992293
954750573
618364074
228932733
428192472
133999305
897626962
474888179
317342507
317412721
801164770
593187617
398516614
356947983
237641473
172643548
898975863
357838793
207681221
794363653
462108162
119256714
914414761
408660745
411505875
72834772
118374228
879152211
874046047
210186360
624018365
951154462
577170810
655146043
851963044
536211635
96356988
884316274
858827935
914387770
522237719
448060226
359794847
209261854
839466995
699958778
921670508
192224558
188073553
338212604
137474209
711510535
648867998
614998992
751863260
806125915
379040848
997111493
585186398
838527798
144970545
26982972
543186264
673324195
195027564
175416230
593463475
450419332
798468009
752451528
777584275
241235862
400752309
372907200
20806502
14822633
101544456
81547547
206528350
397712155
425021065
685914949
527872136
312492988
615701215
49730230
648964615
728897636
841473114
80285982
712548060
539655972
397673396
783703661
965099793
966897342
550555257
132118914
315324486
392773154
272572914
655821340
432127429
720239775
936488653
761257990
145245277
269687328
301892763
381943693
186475512
761824077
173446173
766707586
141591159
26462152
560894093
752297538
657830853
856932938
123730488
987935266
160506501
299065109
20239370
660599449
176922841
636913614
518936078
631929068
76579873
293410022
619113981
805540063
624949301
109301665
245327167
304702959
411888762
543209556
340684366
764391083
962616618
612281031
734795051
783402000
819885877
585864586
400262940
944766844
83857823
837708676
453808460
428404258
970862560
994376141
351185800
900455385
702610855
491456413
893143224
686920326
917836773
170212795
698994742
575088141
181841165
632084660
735382149
578494961
838042493
793902971
26611440
411832893
148046046
121624000
383064207
253295342
546558181
456466908
213508741
433197086
19913835
537937795
801311852
799467458
16857060
571773336
179316703
199105174
696388540
443065449
861643393
864160007
247311871
933540048
599188558
53949
304511506
583954597
644128293
123284380
55393107
285786321
375988793
792353881
80996221
643990537
314575096
953891309
644712047
288323262
120774872
560767384
393748711
959287102
368091180
916975829
872590902
808218440
814179836
68620746
671772150
142341820
220304270
925135844
870932804
68053110
489924749
758096790
586410668
5788766
205671425
686420595
912624236
893996025
970847465
165727022
515508323
676501229
605644029
609575601
490437817
544835864
646831131
308054432
187098442
641811809
152058907
944422299
228206064
495403750
324072501
80573341
163625187
257534593
833747624
25583117
434387013
444628719
755898839
721049078
160138910
757420754
578963797
730205141
232659451
186608234
663406294
335144130
638100438
978154531
647876236
195377890
535244396
258137776
103312163
826236197
574721894
248954346
648120056
411187646
870217315
476497495
922747810
689531100
965122484
308338962
512567264
143206104
553372936
926132890
784956844
966342341
215479711
814610095
792434765
478638018
985899381
994031473
428909212
952508829
327043933
134312260
841203027
736380353
368338711
80834165
37231858
767096676
841690044
432991614
606677647
953249891
598615810
454694208
86330699
381391480
404678857
948640522
192534374
256810465
551803501
76606274
7546612
453320772
614981740
139715795
913296354
703573446
366405213
508042033
761507294
893976026
21109241
517868620
959713723
337773073
11213725
904586852
730778176
846707582
162660079
353822276
377606831
494660313
311551685
706737061
119527993
10701697
779616759
733135898
416131012
293425841
968780803
500994949
736290610
471137194
182254250
164182735
54121360
934675506
957395357
906583804
756628842
973537816
743663493
506990992
717575169
485425228
490252476
370440794
128996030
889521796
171731638
506996568
739766857
713346602
174242723
215754082
331131618
124271483
722881525
175101399
222356206
347954461
961479530
412101168
474782520
555240561
918098763
261920018
25631534
707999836
298121980
127796036
139027497
854489619
340518424
589945
973623327
87293540
710455857
356483211
707537011
38073536
599129229
978744289
672428936
833069970
200826601
811304314
578802717
329581075
346576229
57274360
996228331
364556932
883898515
14015694
270499064
476402992
339983739
181401554
249988655
503769458
633397064
367998203
73207595
572978521
89766424
848238773
773501355
723467280
433741840
974231167
351903133
514603155
338819220
515237897
413741109
143919834
316881598
381811106
966828764
389219361
111021413
854447295
685963679
694537306
531516961
917110622
694741099
73865186
315478935
786670754
986349898
230124292
367438471
846660096
372506628
424594972
886325053
632721398
72890073
540099354
929587710
738356478
918542731
211660142
983287502
92052612
902158197
777924200
738450711
341677984
196803572
931257673
142461411
185927964
53638096
368659549
697376013
526893580
350552621
979342009
51793396
970380512
419805031
102818448
212359306
438671495
84531981
54654466
11135455
340036899
603047219
624118259
23390489
156398587
874290392
474847802
898241313
668630056
804068738
595928044
582999297
174617385
366433744
34952236
748122466
335310080
61964251
144388863
220946323
239231233
561492609
340072235
436057321
343181796
510384211
217551907
27966713
991995835
723784710
342560213
216495176
156111219
788611010
58381878
772899242
725378365
483742246
29742641
590488017
164433926
400532675
431306528
27314784
683243931
466296990
399362467
510447849
763339873
401647536
963063590
664833510
223141815
35574109
749438215
870526255
347751501
7603139
368313784
186249081
300560953
736567049
690410130
48912932
81193391
729711946
78931043
778114442
628614744
763551995
475506529
346310484
411173249
164530609
149101698
289864478
742394575
162151070
235950811
246751525
439046435
967830768
891309494
304572245
883622012
403465112
853173813
307501409
117679171
813496889
843401997
509053522
117781414
624479844
382761633
72717263
4850877
528164024
554792578
626695018
655791219
940566716
383516355
298606137
945661462
392089072
904708776
568438852
668518535
508880510
188269189
416611556
88505489
418868893
738157510
614479182
294651677
459540719
973517987
39457528
923879537
632716457
908207266
759341999
326733174
101673189
194224243
110957488
517480795
34751478
835644566
582563882
499996506
70374822
864016450
375901774
135691046
894671708
260117781
290074554
11437109
674878240
912613823
376835047
41749242
391615944
667560743
444734287
842568345
523452401
492735587
422325421
473020392
760349933
773073428
822869178
923970777
123604585
159696145
206898833
379739728
383728451
752324807
911328299
398075025
884170023
41330989
964567843
994047876
65755888
756955107
314033697
578826785
66502556
95005465
795014363
608527152
360563052
464726348
390633924
702799924
82708590
581260219
748896767
712440978
458752101
506557026
848318173
768342286
389856477
785656776
299229775
126334346
509183785
192206109
982726967
567378327
995285078
929969457
917741686
875280491
613487522
473578115
402256988
145275540
821799857
403373659
930848907
563942721
16219106
619321844
302447094
376868433
125502064
688151593
171533615
298521981
729896726
714958973
387982275
661228123
736534158
804800995
724722755
635593979
74002869
533981721
456790777
356312076
984108501
221237422
264367654
492308205
170923562
560122702
75733962
758490938
991649499
657433803
188184483
113141235
833793082
890934182
326411412
532245748
62448107
897640692
288351490
614290211
483737189
516558699
179726971
996286296
567840266
137499952
632566917
892575887
602683892
216640322
1677753
728166915
614879895
239364821
612266679
729086552
901438024
476794133
255822129
66156734
254055396
651602200
673858692
414709086
787176845
268528359
885311278
496364916
986157649
43346524
568197103
450745493
731831750
439309988
447180925
457205326
210800169
687887986
936047905
141536268
697584597
911236319
410368333
943623817
262575792
484880898
852760117
343164728
556233976
753986988
367233954
433442861
614689491
638585003
950561975
326220748
541887720
510810865
652464685
537123440
358066910
400699844
62356439
573642635
252844841
437399204
336455487
226589165
583060253
861079351
898898192
942813543
275163287
118672795
265062292
969620680
639301272
13875664
404073001
630870175
79414551
262723697
93458792
267574728
458088837
553782368
82124037
865523639
356336725
443337698
133572729
532821606
266598375
238007002
747435644
220461611
432724178
75581731
740674501
459820900
344100627
855218971
182929782
612598176
739768904
23136888
306319108
510431629
323982924
986184697
518930653
251667746
545656313
727480040
919450677
642280965
250051883
259120976
755879843
268239608
221303066
447367357
162527310
948352269
659138072
593611660
210528644
24069675
643304844
936216069
757965924
298665646
78227654
913286804
245278617
929766198
972452682
200544856
782706487
174786537
307387559
716125189
696091887
938306969
677829979
108527102
280553477
445254645
510203280
57751698
103172499
530330151
216698199
241283387
279635287
158817893
798619700
975006860
37928614
168367292
435866816
956773907
728317605
430592695
856902134
112501150
380784914
507911525
563537465
444852466
842964081
368320546
764535242
809423447
134986339
324421193
403219648
230537299
474939111
462079769
912812731
135462462
734641195
35929651
457034867
552728644
539616778
312631405
157984177
973612994
533644652
131659360
586778247
456347942
508795926
872389497
640373444
424171161
254342456
744027320
977525279
260195518
954012705
392748959
221975592
176221410
493114199
781456125
383127801
676065440
499265537
516784913
297781618
626195132
373167193
587681943
858585746
446945627
883447811
386679701
985114673
504453379
429959153
97471877
577618871
101633327
42905960
530475205
978685176
786688020
524933065
298721877
268161328
721710973
214817778
392324893
883159656
885654956
547545874
585457624
482389830
680226215
855059738
796721769
68564447
40453862
59010529
877827777
719420349
857538337
344270426
835690748
157465137
615980039
320510237
