363948280
494131437
463692980
35171443
634024701
675897013
142491977
941121981
189027763
122228645
248636463
274241789
477929222
537321250
405597427
979828624
146188491
309060430
300867987
959997045
617161938
825700195
345738651
279733692
709249293
75875304
92813842
257919459
379366114
829214576
477776822
821785924
110115212
903923449
697266073
837333278
161768821
740396575
70599791
796351317
560678823
578496745
867712103
637082690
849602550
84869097
86692509
120286245
431817061
885010767
130526873
254603927
934803028
116597254
488261186
646351733
566587371
964704494
321808406
391496692
433719550
700622051
507387631
811531434
506563346
146061157
558623735
24314838
875210089
291041413
685756413
264603678
607665779
127766673
810584269
232548154
359151396
395258302
109143646
16459609
798680848
946016617
330631865
124667902
668510495
968937249
756748487
975390255
229407488
810833979
835387753
436367469
785276381
794935342
906658810
927667217
709891816
249914083
978475093
755010214
736729447
465861380
949510174
897795508
63737249
22692716
599250674
16864526
395546619
255572019
972406545
505476433
832990446
364207163
226208473
603248650
174497597
129445150
525397042
19425226
390538075
647418308
513770267
835547938
242889517
211811219
967377437
762569594
784764509
18658935
758033900
390073298
732665115
756802238
711893822
210592036
291802502
109216621
818283613
20756825
247665746
548751290
83984211
965855566
977522634
133961288
119826035
37384574
744871394
73660151
465374433
804647809
619084722
521622135
91795029
642202897
603143609
452933489
548871487
908293339
83400169
11333631
583187964
201205792
892026112
13310566
932746056
587424084
122561206
484806069
384927225
697255692
579643670
802749554
47249761
374351131
805583202
311326893
559349692
777060686
713196085
844739956
629719245
545289446
36560403
359071532
393443936
345295167
507065983
118890116
274852260
539180557
607897763
342493782
104704284
684132086
455626443
150627329
576049789
477117472
703749586
665879205
654785284
683019442
554694197
857597646
424893185
880037185
964416721
130005924
33638196
538517764
639497032
934813401
931899915
567866253
237572227
749897775
455008286
616363712
865411494
731472234
110997889
960274876
317399873
31933923
903052762
506122683
193813921
459726801
450264237
273217765
559144486
599326767
7480753
561919353
128382814
692407018
544635484
641132086
8579077
30276335
406661399
79954822
280818663
62107617
91829413
275056293
539257168
479920174
806630061
309252850
816705646
534233788
71777760
805023858
828262342
290483406
350867221
665171897
925198170
238955178
960075159
247501060
340961790
214342850
115917433
61551262
932965131
974617786
360569442
639959811
649033295
618664235
389387911
317002343
126613987
736514104
452771941
381650441
762835781
603407193
733819074
577755831
290159001
705997293
981634174
439325034
566023196
876561170
919310554
162080582
807106151
740815353
403710990
36505608
220602848
223424788
373518293
710138102
698249266
119042792
616569718
546608091
310008063
234431177
732182813
638763099
236310646
852467564
716335117
711155802
298087182
941263260
214544385
822426556
447833007
954178083
310676081
623848867
912402756
208397065
997181279
182769128
229152254
254095969
102585093
521234734
645856825
521429517
569593140
500180721
578628846
838576862
964219008
690630055
655927544
807283536
434841707
609824803
753839045
156268787
343929338
364753480
347871695
317982218
107230723
926183117
820203348
237722674
601961467
248786445
672654586
559079094
414455883
396611689
703684200
59481767
190002547
973879609
40147337
486460213
364617662
131143750
580345597
971863457
157626518
935746578
383581191
109458178
195829073
383447266
908778087
78998541
204394440
734900841
767431058
208898560
64431439
470579559
470145357
266618481
824104238
61446729
974772489
599401039
549283280
969504476
536539325
212936367
681526421
568346018
191275553
566249072
406048836
633571865
910108473
608008475
856060902
606461459
475575531
90942447
222403027
689275021
183278907
233353318
547534005
779406565
524120933
919076535
779868503
694382290
170037125
994342336
749201567
165469035
611882606
106848381
44798729
845064079
62138583
201524130
768149409
411773439
911029227
740126456
471087470
937837794
974442222
738115048
495265832
400203455
892115439
261487204
960514635
753596332
915400401
769008232
920190296
9174465
27932366
328198736
534398414
449120164
922119936
306687689
312056049
862415188
405949024
244782818
458465247
622991615
883225450
847385402
460404550
57218026
202264141
495225521
749745757
392742281
27848738
508824362
978028674
773792597
598203225
838060015
134999512
677309377
331429013
818373991
783687131
386393661
976055531
384208579
62104012
171929645
194497346
512655869
374639326
301052859
969311501
46259094
284747703
751522936
226960851
483939907
867866787
54405286
564220509
534359993
766694602
45361671
902296410
554231217
269893279
441530819
917234193
118439765
890010371
734318725
148318080
872652540
426599019
115863469
662458637
26274271
697333547
505308452
712014610
271111269
30898979
250923417
458607235
428227105
860335718
444248342
925868184
275119252
315604641
8333972
597890126
997017422
459291728
700169088
18268959
916921508
799428066
468045930
789857722
1967861
385599636
57515656
862302727
960163693
138648434
850517999
274169290
503694701
264341608
963939009
149375502
862410164
859698266
398779054
950622565
117400028
898468655
740738940
906158397
278099968
688118185
807531153
212970767
966324094
519230402
241989440
470492957
151244478
76355921
873801366
689050511
14519822
168351822
339739979
540771267
931374438
794849098
506895498
959207675
967315000
229443010
74596231
459258981
511033166
538821454
23764148
58249823
119061553
331978007
46425843
875558665
169230087
519014565
17710572
895542440
955959232
752100094
4592951
273067308
870864316
57709016
370831188
320745879
613906401
214412129
255076015
44802699
979608033
113644830
759105203
231710738
121588469
150391188
970351298
763830549
656769561
285549924
994953970
827103456
592713075
601120287
154513076
529559425
231430192
301078737
838921938
406635979
643847247
195444837
980048257
259935213
696098421
77518381
417946417
277876863
871788031
863833265
865085553
532635730
719073067
683498694
983096904
134385073
222879579
903719085
836685830
682503166
686332516
705574907
378036265
994255537
922188507
115985878
22450715
64928666
729246431
546340746
18798095
937962983
917654176
539938580
682198879
747289204
463082512
573030344
636603497
9208577
390172303
25075240
55393657
755653346
817830525
170806106
143656974
797361575
875267447
9180222
609920697
401475505
68815399
935241525
992592754
280870270
597463052
64849424
945699150
119470443
768246378
692273951
34379986
487066029
132482337
453869176
819247791
201131315
50064915
712020613
605419739
547809869
437253627
802658772
585049218
357236378
173179649
458066516
631253903
148360726
930131581
756791967
820477641
615522318
673863067
975937111
38983149
259501094
935383716
189434421
469792643
258482126
72414829
941945727
555910684
780944643
536595045
601873128
952374824
266695848
953445231
716582241
730723052
326460141
56751691
628391816
72210854
275247140
448896638
376678196
423090299
429633080
852376491
160554769
455842228
501106335
827050704
857315687
413820263
832774795
96135511
622584923
135756104
794302669
205904109
151358244
936138287
325345034
334844244
493866125
279299974
649889795
156374543
458774992
673000809
622231243
783363116
550864257
459606249
431558697
364225605
897871890
586848276
155119956
225224443
766550555
374306645
964030264
871752724
333865132
596365495
893446546
532718176
938731622
965178592
584268733
552463912
73475986
589935578
628507697
569358752
534292844
97115642
657394127
772540667
667726873
783273040
931661151
76292689
931315176
585069809
472467483
302407104
644158271
526215666
901872826
424814278
390147167
188799077
763256656
397095886
726711566
832063759
557108695
252988824
51998019
612971843
715831132
61959642
623695322
959979374
313611727
175152071
131503030
387500426
356858090
826902138
54649406
18442770
116701059
411805916
948051840
760762217
642469259
491164776
725442755
82659941
96665955
610101397
259450018
852441175
888166628
249913300
218602271
321129648
635728877
9325108
922461488
788398095
463590485
381528221
776868278
425941092
549909994
499209778
99084321
293760012
802511324
960751260
507466854
817827526
666442649
461217493
557958618
670446349
694473489
90537620
466706273
910864707
662569667
344803702
530071053
879010812
946998610
133201448
708021210
385284745
638413615
774904710
9942557
814738988
14571864
524364101
486346447
98532023
236382717
294456897
78125663
565188710
181357903
635602770
897216204
80640126
914686037
845717858
498183753
339340106
916688115
397557041
714208259
795653041
854614719
760861649
826816815
95573793
84790482
160345574
464252912
923079290
186415509
3378395
297815039
707282559
186588579
134075256
506366054
157969988
908183383
849290848
786990826
498417106
658931278
639182216
45220958
483006893
906330661
772886394
931627033
924724445
267156959
599494519
860575343
715369872
267371021
152278051
212257951
39623902
785028887
463550841
183681146
234054412
655088256
972875097
123606950
161491031
750179941
734293650
497385871
788195834
532349475
492537782
41272259
711528765
934661227
282683039
312711994
133042950
382654015
258478409
696252737
232793386
147372885
284276548
637823513
460016682
915978476
471137885
459545199
645514397
77369850
898625637
231633683
165545168
201995843
969700548
618076747
282959262
663209351
824213315
705392326
493321623
198598750
793742227
17290874
736883449
756837041
893337218
663099473
278331531
545942295
171395117
405888604
913234041
817917066
613276788
574612418
294025219
910142888
500773898
308543707
290761931
414615008
845384520
428419135
382653224
31432371
946676293
722255564
476917741
745446437
601787692
799577277
419821913
502963575
739209776
555820466
114091635
943945419
444861222
455283118
263131540
352856457
691710701
311994988
841280656
537808956
256814846
900775180
204664334
10362675
780523000
951045390
440395794
968146468
280854617
216601376
267177604
67111299
703549205
224865958
48199652
910104958
568591929
900192772
445118224
470111870
891781059
20954576
894798422
353740291
975706216
676441946
454272718
387035967
51192947
694728079
657359076
694801943
133492906
160297286
123448787
875737235
51243184
539629612
210305775
109687660
472482684
792248829
115724350
181913041
764154906
32790331
993042265
521630769
206880220
904843788
484893908
228606962
908396564
197436788
788411493
976460740
297089413
499170389
757623248
786432067
388998161
30972170
423917174
145207298
856343060
169766642
521833669
858083178
269676001
454536609
905340275
758902540
242435265
987834912
317944959
213445251
111309941
98328779
387978073
705806187
526541977
434843882
27607150
71759601
163241532
292886007
839076266
889157774
522202684
249681704
481246766
124697133
448455310
517020658
33644563
398328699
882694400
994187788
366307614
809519706
247698064
4573024
635377900
740034328
218517484
271283001
574817574
716747638
433371597
7590950
267924294
416617501
888874114
558255744
511308225
927589113
114776867
335375902
120323719
99750318
908905363
803074151
380934222
762149433
74608757
378821714
861609490
73552786
732096646
250335953
576776872
703715118
305889603
484480753
696497358
35761019
739032299
26694781
312080866
35736127
245254135
621430139
827237649
379264448
128867621
80961320
156369399
20374977
293860787
138584304
478717522
241590622
937922737
624900993
683282853
787552489
191324924
322793561
524185120
340770155
779193182
747728659
205222867
375067947
797930591
64512467
723127165
678916620
608274278
547761673
472854043
266494543
129835272
186927001
784100718
757200104
396539698
832052278
18418741
516972757
302811456
101216472
552909596
82977750
333624871
550470776
701587540
596696134
440670104
198749414
660871839
638650027
986143061
312591859
418191936
818616945
850442311
520551349
643396022
62565718
161605791
421089293
730109879
531288270
453920992
890248644
119036399
689714764
392075246
454269454
791478361
487549216
748604374
957590488
39247097
47160997
541056033
3251992
705501915
169603301
298691977
516047274
789682087
193164961
409423364
929582387
90710906
50650880
143646343
844401650
991951766
613776366
126446807
752928864
565506059
804614486
875909207
512898772
68679571
639842141
796157607
194699736
602941687
8158611
421825347
876561666
325331593
896358189
173049951
247316770
503072427
692437868
871986092
559543228
83598437
5580538
756472569
268228187
840381927
471157086
240049692
171061125
23396452
377318813
414110306
672854930
611594954
627481970
325745428
622900954
937677754
852549901
551492974
683586215
416381450
620144017
839702485
925230943
169265732
37879351
574553010
262165928
24131103
903149126
845616741
976641014
300531868
101757997
615412240
224873382
68314823
616891961
685548553
102252896
825916502
613822582
123775210
751425553
836456992
446462549
331286634
874595405
791384940
214237723
509986900
429933966
153541681
890646434
364587814
629410593
182680431
267359078
343871654
967488709
503555856
92025340
832123264
436101833
729868659
799149029
401238004
630123059
3130266
434389179
958721413
970149367
873614739
150482206
479375340
66623861
76573631
32742370
597085809
314553820
327383963
797487948
790439051
194447555
977096230
291083726
934227178
291433590
708151977
768830589
976784891
66856258
66845069
379019643
738100962
502044845
196431118
14639080
909782717
41046149
806226581
824194980
38236392
960645499
644591697
958147632
889075505
794571860
474383594
428719490
646199732
250960626
668390095
756049411
876033455
611931395
15443575
230635675
284134992
718912387
956281901
47398529
818713492
917423506
455591816
145671303
109766563
886835329
29374980
867756529
742113398
396370521
628529637
441596408
224816332
59087308
436909958
930039624
365603615
924192479
42856518
972023815
120649907
620760857
860343423
569048962
808084234
648953479
554554234
537068810
70845130
658962164
11137927
490873687
202821327
112579469
238483219
455621789
397605975
199371040
746246391
545916943
971439837
462473033
842455122
356702758
450281419
352978649
278552284
666219681
847549712
369209400
454424605
897974149
103018983
76758716
663860341
768105576
723878399
850572494
428526559
107396352
497793218
486309372
569482838
26728755
602753839
517144686
195425602
884523861
824064044
657313453
445494587
220701954
980652397
160811398
177746253
838724137
943398138
165863035
859546718
669480374
558945956
65949026
816049763
187789350
258616486
609318093
398919134
382776671
213433740
384730156
276036122
89702709
538631294
803796279
863441974
96554059
405091075
245643599
153483947
26753789
2048786
619048383
63448947
738700828
192858692
539778502
68383177
882537777
748068451
895671434
347927320
394640615
729512357
360326183
336762423
375781323
604046361
647774062
187507164
477375135
614253546
204784686
126890938
816956251
930289670
984577724
507463391
606740954
979743797
35009484
215023175
654655577
345849293
835015864
204514845
74813550
756700579
935018858
922703009
916135480
63651409
613801929
543517506
819774191
528120938
225482064
915912959
385594052
874088878
477333370
145990409
37693000
105377078
60561093
965781089
587394732
871696194
923770668
58241826
98310404
793835110
325069385
8321391
540817553
74676998
431924291
463343712
769729486
419334345
428675613
413714580
88414810
768186837
582220835
432132466
535441423
581542076
173255320
421537018
465068164
18772452
116617905
798126607
81143727
414406977
566023385
194372898
483576685
210617274
719606157
286755346
561848705
844055222
147775310
325639628
864154031
684316270
420752261
438100340
62500877
556376039
330427782
687559858
369072824
594940296
613794465
594275993
536805597
166674461
144361740
193795772
414671477
75169002
539095462
399814255
757244271
375023679
177883600
398453716
831498982
364885908
972945998
584426792
319779524
14919397
800456737
58154296
537634423
376358065
858085046
638540272
683548262
774141841
92424525
878729923
597536248
934350861
598403350
29081330
149598028
862984910
551117112
196013970
574161114
586179418
565296629
502422447
380120179
613585716
789733568
217291938
559843204
334307437
515425706
232971077
630436529
974754259
172661084
114986140
811336433
793667110
220715603
500938081
656036072
208596198
260656035
286981895
692687080
621237015
698327909
541252608
792732836
603825399
306856709
48976242
13946641
684286469
231320220
10739407
795025866
470202598
930202105
420208077
768630395
911966721
806755910
943362300
333196265
846693512
900596128
678831322
234036953
616383563
391754643
554022158
381589509
4150474
800966052
769917332
698634520
203308788
395048599
313182306
821841017
326911569
324956964
679505798
80489982
180084470
956146877
45345242
924488851
753383587
785250022
250352694
671451018
978650540
247340547
862656406
868851996
156465418
903635448
192300797
14518381
807585460
458908745
353453206
467025606
892266819
569516612
229066625
123638953
88450973
572160326
645463191
100850919
316433912
263420902
156756889
529747016
180737042
993678021
680718024
377667776
199423827
207111865
700069482
867792614
84826037
208753564
329611498
624357250
730084232
989379436
240173055
166778076
363166250
225229727
268125827
581742240
53472188
833861737
460485255
280166118
643796595
329054968
97246106
656750984
348617690
704219260
847607316
776872682
159614695
22492125
671374271
282278474
598326856
684292710
888130201
755025359
668116972
286139321
214951979
355117253
425489882
456744492
967480278
817734017
965415413
259203803
495022775
713781576
455425675
875863801
911924130
570953594
383018931
961151389
936024870
273082267
267699795
670575200
30092765
690571233
196302487
671635424
72612745
515250752
910524708
729885274
325344900
971482214
438546118
166173299
847544410
274272266
59183387
356713439
817827763
9566495
948977758
165240073
109056092
390635274
455017079
583642166
403443000
461018143
969641222
931197112
785770593
974578341
47041514
75859027
460962428
537341048
13516166
143012159
387510602
392667190
472555164
458012355
636845305
800375825
250441696
461379496
848844844
613305365
472167942
45607377
288545045
573812885
526342501
701211943
330299000
308323167
15909945
432266885
138680770
526767609
719666421
155704888
371696733
587586374
505076018
516186656
556396757
934542914
86429304
732229813
978296344
219724137
679923668
837691437
329576141
225921906
227022468
497553821
130486833
580563235
427373814
926907245
933556332
543340807
792456859
390535150
914234038
668111529
233179366
697662290
423444460
675545270
634415235
478843841
564641658
366472538
997958878
91207684
937873192
670418790
738303914
6199296
626878271
630544954
506599270
283925296
896375674
686957623
282339978
135411152
451180817
308626611
629081058
444141872
911658619
750679046
530186088
367278981
643805925
661929421
402418691
989938281
738936665
900075059
386283553
13071056
337978124
60236042
989628253
160168284
88707852
723507798
567059053
51800924
689901149
834384129
693969060
270417188
690290468
343751768
117956543
474501671
632944786
639150034
36832404
814608513
30159020
728355161
673170127
266024575
936235728
445287282
708634400
75258256
272959224
399351228
107717756
663568474
961524941
847346592
863939309
298804462
238206850
165960676
611797597
85681495
132529505
489003296
375314501
792431935
548405616
619712633
652557460
673321019
795056701
254355035
471404282
686901222
579964192
531869089
609793698
658362349
300629801
197832990
453935982
179603687
836974724
627418016
302104117
405244979
972599133
405058767
608249820
81719698
624587038
819479139
417599964
153453517
348750356
285518003
125310856
913095571
354104819
199714789
437590110
442720454
631785027
808389807
408512500
48178323
711215960
510197459
743686178
875727673
459925406
311296901
277314138
811337368
667187914
613208199
362971044
83574038
528633209
997643796
427621106
593026812
701023440
254719451
359605926
997309643
955313370
205695886
818490450
299460232
556122406
124903751
60877317
618353653
235117193
22643024
353033867
12198181
765295067
144162772
422005663
91954060
211750756
960500143
574444627
436221423
211240783
443357585
121470149
71134877
852150757
41678581
414781383
306200887
128207522
466157271
670419472
975140025
885775898
681858548
412584713
596897447
3183264
533144833
718415343
868513832
74669993
108219011
984127011
539262
620211091
893366128
547379678
925176937
537543468
687394766
793357548
847754233
810750182
430272662
926478451
804511387
178748699
191273320
303304303
973205958
460881293
2831420
105218790
494613984
206471589
93114076
342286552
932412856
239691308
526102496
50736705
25648067
534286334
58182498
572431540
50512656
930953540
3512418
995526797
148605213
594472724
516421223
523596488
543942388
908054565
853817987
117551207
337705045
46151521
76818090
368915380
800618769
743150799
138231739
44168592
334934007
617055599
229201315
57812161
211957331
152531213
1017127
110525649
519533541
64951704
966467569
406878628
837968544
795954949
193939869
99254251
429787149
707041800
738441964
814959389
975497711
231223156
326839592
684443632
394589404
647594720
300193676
46148069
524915365
330440836
412629182
158947722
614296657
215132129
432794449
40243037
991813770
22877980
664445513
313539761
799449110
34169544
557070358
573957797
983867585
384981418
132271757
504489248
887519472
602491068
129198427
948528947
695070337
176308102
261785866
978857166
503354269
879091290
605725169
122718513
795221702
638987986
208468505
985532241
10510678
855859851
368332051
608977950
629896633
186784384
86190689
76689265
189380305
264780263
298775995
397280380
558162399
125412044
821798294
515895015
1120201
759652358
410086822
147156563
628903403
594709428
313331100
8271798
165473717
532376310
695209338
519022250
947780962
904220996
350477602
725267235
488741884
254695473
194122730
153065184
183723771
66209383
565096335
108114024
685158863
846775542
658660627
816561212
247630829
741920360
256453884
881252187
802584575
440061248
235987768
132477723
974843275
282117247
642116824
296542635
749786755
64800957
230735891
343314604
156041350
960331962
613737801
912483700
53039217
521515639
727601583
375634930
889730676
313577567
866988735
114344332
28436865
810680432
366195693
410360290
402646888
339864231
685903423
902895089
662951851
386812713
485917392
582808647
716466686
979420925
501269452
344679092
577246113
511207116
674963583
607398718
929286124
883950904
324350819
531472083
982421396
293885404
934562087
694018308
91651121
277974199
602224547
480993413
241377772
97695741
628848272
787764262
160664501
394516582
888245873
937021529
258673803
462992298
469037066
718143903
311607471
928306433
157292130
285449090
75641985
320130048
497442667
992760990
122871516
171428294
643298615
825052598
512710874
291647513
80572684
397723582
285587394
883657039
451818067
616136500
109323697
140004215
947454238
967740416
783256333
327037121
515917569
386566538
203751950
345845433
393208752
154685828
303541775
231710058
338795541
861973944
101931533
535263265
348505325
886151413
17215974
783639574
953581202
659841486
84601381
253675668
25035088
733277821
642467186
314194798
650807749
316683641
87363880
283033251
929941262
67023832
894328752
357687744
40089735
104264183
82656677
902930758
25702638
804162050
281400812
206926877
398619807
682508337
878693057
516243378
272153314
68351503
679624630
463447189
129568324
671445089
971364481
192382808
891479674
424237168
107570989
516859900
102613964
112065603
886618046
874617787
359451905
861041086
193242945
346172339
280265702
613007518
920265954
824928523
1853561
94435574
256128940
14866520
884732035
718896705
437047700
890568125
546054941
227077751
670256908
540861978
372810144
326045347
249089304
708103854
556183541
954148324
40898769
157564040
10782349
472755339
209684725
367109997
83917060
917532890
191699913
79562482
794082234
860152301
288709316
358606113
947663945
134739359
557293304
286751671
719894826
703197112
984873826
407468771
895897787
490051832
459057663
488347783
273634570
152667180
2210678
102201327
383119461
9366445
2176262
364841680
796555767
914160602
842614806
143738627
265189284
241853405
28422184
960727778
462309135
888962514
91429026
91650566
123472245
282290123
339198588
192108106
192055205
451445527
659184592
276027740
193255874
870927609
939488839
11184267
618269281
956703328
194263376
672687337
720407370
436044175
720269596
174605215
841744085
173780842
950501092
609491094
811283456
713163658
485930873
170014396
683462262
7295406
550730894
790571935
900578052
329714059
179888309
429040361
269910447
644710397
493599829
523769949
987720587
394969613
980026035
129935843
289150330
897364802
771319988
389415905
352263065
878726633
529180590
920230749
446325524
369989477
730734606
677500997
673362307
510071890
851293613
442536135
433740367
879316820
536515288
98048212
714847447
958283463
515041220
39221916
608779638
113286549
799139217
566896782
926930427
902537077
196663944
559349941
316897444
422278780
37174539
937286111
337190314
49101671
509955660
83263564
169493633
571423478
374734478
210963890
708619381
29046881
961680005
743907158
325735505
91674814
12614602
752161740
613961256
608303006
127537097
1339526
547871008
147755887
658154470
472901605
721713509
118788689
774358880
980132030
688782926
948725596
145863981
449946067
695619763
90506310
776674605
956004085
317466515
63915820
880759932
857259443
942330883
269230464
992722656
699989487
338943598
957618875
623695628
135064589
839713095
369899688
566625068
369687895
505511588
814728663
338072891
124615355
355021322
354352978
297638317
740031922
348770675
236569602
481313888
795312802
688586119
446114043
144453176
692039912
323109039
966980508
645958633
430072131
968928148
169575444
445479115
330219099
902631973
703268113
14646738
607967756
75380495
512950841
284543327
650307711
921130158
18677910
147430032
223367146
775200733
350052048
438630027
818470186
976872884
690178549
975880583
793068098
117694183
702812704
534589159
530862704
104599420
321454757
236645413
766529271
80010567
904864323
319437318
608035371
775988246
425208810
274630802
115284607
58861490
749192684
102731127
238827457
694433746
98770671
744076266
631775489
981850779
705330608
612963668
697741032
7769199
145557147
486453384
566938626
900632525
797978059
746148676
680865628
785271395
355795862
132620663
7087203
376451196
4635200
350803595
630301428
596803474
120511784
814449137
631054414
612985825
462403785
151399840
628178342
555491649
971696403
755660485
63943266
495253915
418420954
740789900
718166314
434846422
209543647
308130842
408969212
914656406
197329682
335949472
629938961
126978272
788035925
250409705
192063398
680840391
238628925
852177854
809451849
477090792
836845129
958868101
537184542
64268115
978471788
207366821
536490797
446973687
341116539
865111397
574228123
494294703
307216235
555146911
687598946
791498930
608247271
283083740
396165489
428453685
914284907
594463948
982790936
37017655
964969171
391120
555518645
742594652
214132649
397425183
584842401
836437791
83705743
163026015
415004277
981641951
384611026
826681151
665548215
922690365
653293864
787852611
877888558
517621459
234083213
603496283
361095994
947235476
627372021
822541689
477085881
445354656
227008374
296987311
118235256
242025053
559480314
773262544
132496644
488170603
696347326
449894381
653972864
282663381
337492682
102875160
610246029
704771329
707431798
207917174
604182816
106912947
412851037
658499793
200499998
832249286
577778299
263797475
401748775
559301497
261622352
761001205
331515250
942667234
564869122
210403204
847488084
116968538
372971766
924238026
595274417
277463859
402073737
716188653
99048135
525544176
420830830
481378283
353326957
140290211
726908161
431143543
46833232
945976947
151966832
40590685
902960092
636967878
492740558
722899429
812770557
846168062
781325304
208691164
102368447
132229378
879033701
815062206
589837854
832365183
950039078
137260420
65153835
850458963
270642416
412590902
88513141
313069128
455077316
866240369
491164581
559508183
867594543
731838691
894283615
684967387
459200548
321540310
289679582
600760386
649202678
431082877
65245347
501250760
365526639
938095435
687327261
652866074
843096688
148117864
783522287
66442610
328800497
369822322
238464974
742178026
412162900
410403871
126732353
182585739
255708404
320878556
605334356
14923665
191533642
979893201
611787022
579740635
55006009
463360916
489811936
995841357
421194771
966328975
721686218
847499864
994088007
74970259
772841654
758573525
653850870
694475639
833022260
784142316
122642269
70954709
165299576
31448587
454166460
634450286
476894004
962282843
717590258
404249073
557776650
531841019
100854541
665438539
333853246
205439369
451125591
556605769
538082471
250007511
353954343
313343418
718180884
432292854
74796379
221623787
7798992
902907759
453988595
318199448
867228645
153408025
646637689
324511245
933511346
834436607
710660186
770593725
35283884
790698541
825229508
266902736
644636975
845669056
292820435
941292607
405344589
320752526
896557273
187057458
695008894
322940782
969113728
544942574
946442617
558410702
482150037
447512621
809247307
329650249
58206381
464080496
812199432
750391471
380495917
128930360
256333063
214512021
298400009
556410084
420960368
224737925
891196169
648450794
916513441
564148854
544111493
782571418
125022968
546833488
758636994
58359844
788273714
367706481
580579966
323010097
714991199
878164305
213170106
679594132
360629934
91547379
194990163
568201426
141975150
177924338
27253148
50404017
415689459
360552462
198961048
240947815
938374199
56385372
860545013
755939237
268008203
240552929
590509502
117075050
523651939
785905582
617072956
587627666
631310037
232299607
198852981
548133650
353333101
301828111
578365784
665884595
659395334
68433989
519159169
442368762
897150873
166894121
613605260
860817554
162573543
915736667
973043173
852932025
415802341
269415771
674247652
399076722
733278844
361937476
53517927
258577957
123535252
180462056
332644477
934104620
130504382
530917154
352103843
397822755
754813752
83390618
783112990
515854383
433124719
814600327
914738996
40743735
861214162
311208917
447691855
333369418
513820362
64452921
202782962
213660202
484686674
861806662
742698763
141955950
945259766
106388460
204617545
993477029
291302358
844155422
59027363
149659448
1232663
105250980
768601936
226437640
488697019
337288074
799708224
543274276
988738433
66640456
171407002
132747707
699633509
543964203
883796257
681844
751378693
785621939
611802288
970165818
836194619
273199860
655292983
953090368
342597710
44096181
248001739
420818005
94990007
832177431
115856094
194026516
442294870
606500349
922652287
451122181
675270380
367574793
343614294
802799233
60287290
245826066
991281440
368808509
155906603
349048289
174826599
903593565
545300194
95170402
314336278
963079313
66183782
644871341
900543476
487925012
517138326
445344368
333954857
972188299
896859238
478495227
941800192
891063308
231789935
579069045
923391762
789982078
62944457
232998716
877070076
701519339
553698295
50017948
616147009
137554009
528686067
348245426
649024946
771480187
707208993
930801311
206125885
48967219
860744496
700219915
233065153
753209531
173873428
62227721
826062785
122052223
290525099
189442752
659284683
668082605
58393386
843038706
645418313
917338971
574921230
262337423
608656638
864444962
735652198
952803014
367145012
67479868
927032748
223421004
593305712
330830505
257351272
101002373
948401152
111385980
899146276
256141316
535047073
711168802
748999800
916658560
237642907
718781195
240043781
105890238
163999722
357299106
285805253
722187376
563843813
845909770
603056164
652929896
799028670
262040932
655046336
741358097
468212947
509481739
818902283
755105932
702994605
808792352
181168927
869826230
840801975
343079953
738776915
126239646
57259739
364081325
67009368
718646270
60147146
372933468
486770216
297225641
620579566
449964550
802663218
788448197
735764458
196438024
907828610
598792715
522243719
712568168
21336568
507038777
364936728
355702983
84600233
561121589
260771203
667361320
240129713
986130251
780730398
437418830
290398745
777722567
845178120
969655956
343690079
676908822
122650761
680887770
230855319
444514849
673784661
317027215
672138658
122523531
876913729
680866531
421817355
679286
912709090
772098577
660280973
634586880
971481597
310287725
773716351
263914416
925318335
22798233
961660250
720548119
18045982
851802325
226038360
875002711
774151760
505305719
204018625
894538878
889858654
265765184
895276555
671086125
881241856
455440474
62267381
783690581
180057450
34028402
503420474
466578569
197904892
637849597
909023125
688845945
35159413
141780224
480039913
835851368
798675306
623058263
933650249
111147282
960647031
666590072
161326922
221754421
226039326
706482533
391746505
924321229
486926086
315695752
362497484
595575000
93634098
930957144
948473691
349173040
248617956
533460376
647026289
766061050
898645279
169922513
248922304
343828180
47154491
619954522
750492714
387466623
94689012
318387962
130853698
597190130
695277566
125733030
867859464
694828826
239055119
283418483
77414091
477851420
467693222
618917003
573900646
508200925
985783549
306098615
621076898
370786531
182225333
136847224
392387540
553438535
569920843
284279273
987687282
142333721
243540111
838631890
575482047
459221600
350270492
741962415
651010953
611407108
846309459
8377708
31964523
79340458
603659380
369726931
470435306
828490246
19679685
249571353
24162451
284040449
598812406
162917568
448000920
457006912
586558171
302371089
746601325
677893056
394710648
423856671
184581570
642820753
542815279
925682784
633783355
711374548
738270418
755518205
477740499
995911640
825049120
567567608
81154938
97403610
652792954
831883714
593663634
787611664
841757401
348844485
831136764
573163792
513278611
764255961
179678617
371450296
785649476
91318786
757376565
55574759
672800320
543898719
30983085
218361989
457909323
810332802
13611961
328137191
270800137
117993572
897524421
182675831
983440317
635909513
904544676
698100167
850148030
232590692
180134538
686846635
380189823
759631188
737946496
213359925
121779388
708260902
42715835
680772832
995991657
316282167
73070622
441155523
229334014
839915094
369757414
319273738
886782415
742567142
426263335
8969933
966320631
688513183
859798331
781269742
196783270
129535699
237269225
367289035
936287709
219220772
455840330
943227807
954814714
944090439
203348364
561917489
617022264
854929162
348704006
792387974
739954339
950714383
289137445
851071384
20524034
227067616
666310035
43224486
601691140
299639052
159934752
946152241
769406490
805019770
874155244
521821561
731504405
629781051
351000878
967798096
588865535
235789806
648231660
600363535
121306285
499212149
180724731
376297539
104034631
990757825
426693052
372556986
41178830
237598676
464579176
766861481
524718176
171439844
220998319
201851719
799531002
431370546
979733056
695238795
98230439
350224013
21587853
443257163
269595925
552956414
421902424
407056677
600615132
35831745
49392439
60478942
75021111
773441341
570013042
236061275
6862650
790695996
916142271
843546932
21485486
61260477
889079991
296285793
336094711
225601126
674883285
305882664
759312663
130655368
365081424
274928700
405882389
392542079
806865881
767880083
650538652
328633601
147592065
668633302
206461448
226754572
65131433
374438518
310532371
683216024
721533775
163504027
299400314
931359652
839982180
280724076
797304437
316696201
805387713
421343066
993465813
624023776
928670302
104435642
235460348
507980605
455086689
817357052
231367959
757406096
397423571
119296637
310651351
480366982
454190952
140682333
985358069
109230221
669487476
565914431
3555595
197878108
968062782
740900960
973262360
389625441
967895141
313697072
754107878
722890834
113313667
800377679
66540611
258781184
108849232
158280531
914599724
144551897
83506709
994734512
720465322
114814196
29408524
673620026
928140429
733941296
885449995
616410162
570369615
156764025
267837649
431007759
237029213
932300078
93158965
613955210
687833941
228081138
279064092
916568189
656725639
282284179
276225824
131884914
871457571
915837823
482701808
358097286
50042864
751736949
334760221
152677937
700812235
297848987
283022828
243068631
553255376
616604059
464681673
457093599
365136523
388074511
457367835
908867354
337197347
696098777
51423056
867633472
441636475
526404824
981915193
391154765
823162062
589517383
175088485
880743792
279697415
55450188
589248791
898392195
57814528
182941593
393637863
318800272
165004945
559250937
316674544
113212774
278708067
217319619
377358195
953555080
127857275
137817067
584783936
876417231
533228695
582379777
992214763
401983889
205659777
914539223
251998220
218285377
576413549
249341190
541577658
440508526
381951688
877571959
83604097
914175008
170053895
330303799
702407466
964670699
133260570
419223508
171239899
907448790
555523570
810624354
170542757
854424944
847367908
323460200
521210453
511985266
473871695
415985352
748260115
194371909
16297550
572586805
776619183
662454272
645355754
734234447
554316242
11749570
594723522
797837240
794327314
396314250
881928631
714464470
739827752
525361679
85618309
576514926
600335043
826551981
16775632
33410874
153643906
798156105
173145785
56630995
77648954
56983103
156793911
538448326
342636847
847290045
441237607
883023922
883177342
362096518
229471980
910642194
219264454
782679525
108019961
659982006
817420479
411481452
518011111
705706440
307290868
780731114
777329816
943713962
417112422
729059754
344507335
812330328
279261982
902870577
387360236
34700201
116481040
295794692
739459670
9230040
583813684
714394550
782572322
815235807
895661873
526906410
309626442
360365439
499970007
356276865
268009317
524304455
971087739
952122311
626624706
190516519
41460836
117864135
300200033
758105729
4759237
328600864
440846667
116196241
834530008
299608103
995879995
472306301
998167054
300222263
363805668
161007865
236102070
482010388
655116222
166789598
901456799
737704259
308015838
25587921
68934090
261412785
662244289
783177476
44954668
221725988
986062181
425243527
749805635
218631199
496818149
404030064
214635127
118601877
675224135
878549333
846898924
674727270
728935033
511752362
767797379
976285780
538403382
973726340
587861986
560989500
978014874
420215600
433457565
736129467
935239709
722691435
411129585
804904923
146610408
203949741
498617117
119732392
694133892
290540931
372563791
290632422
490135449
997937645
29954010
734901339
500111506
25607706
572281513
762785300
749174838
828962376
420461495
977056127
318250568
124838813
497119266
816396832
194012636
919688136
187227001
551356529
517230879
185267122
119839886
149868657
401054554
154823980
42073593
541091065
741773540
39136055
396049095
50641633
502634845
653398169
719330904
874391937
123744783
414305408
54453471
836301729
769237475
225760824
46435018
875813708
29715918
953011557
316208339
804051766
254339182
543259292
218292993
923117672
764394499
774806072
495173268
240861465
700338534
545054654
120821756
613161710
692451758
760612191
281365004
35728627
248238829
474513842
524490705
740277340
608432233
935538248
818520575
595417856
854119806
916220808
266867969
402576892
331919794
62157088
483192477
504565098
506160942
873372006
937426036
267085377
320597943
960551313
992833648
844309955
275658527
150088207
639883399
611056727
626593550
920010940
727429222
579398808
827655438
458295284
811748371
655813520
959043459
165239202
272931321
771018726
538952222
464761676
632072291
972879658
74799742
675898831
952068273
90509075
505593720
899005871
334522450
86174904
831032667
510447358
859603764
57446019
259717199
748039066
636937653
614317299
127583060
310921046
677193241
941003895
182276416
257768982
506201149
664808172
892593244
923733821
321316337
446557127
324056702
107705005
558723694
710534159
59009347
991911684
829771484
929469098
185606235
487216097
228432266
85794609
949347372
88728143
519652015
503277250
239497866
437430071
137368640
626579636
448987484
764429549
778150144
871847700
872179667
576707704
623447788
673070193
924941160
388584807
13341205
617119287
38007830
180771299
139848799
440597109
142847740
765697703
349630890
807607248
806948542
329833367
116010640
666346637
354422119
321928553
464976090
784075845
526741463
954121717
130483059
387201377
569257949
612786473
969792803
335530868
493357711
889248477
497762506
567419429
712888579
427221482
2984478
135804374
154684463
487548338
70239387
629961898
968265305
718345512
435564272
304936057
905025668
750492162
446448476
950032143
350543783
106533733
136729420
687803297
364648910
922388679
127026158
266687987
717686538
820872089
816255969
301954905
799443128
650098803
556035954
87155012
365239882
104160472
921759347
22930852
133872214
82905797
237580703
37932712
626126610
462732523
505093703
318246445
276836740
214200989
275168802
994743494
589429900
503745421
722548360
626258576
642942554
693095342
592394792
821781018
474701987
639725815
670725659
27095259
726192404
284042570
111196568
87368561
423293624
325743426
446753845
890245527
946552656
553181591
255111030
535559280
746348859
329586542
705876977
703798444
907907435
649517711
885155711
799455276
27821294
791210420
592600846
804916938
300622461
500190143
922943796
585741208
434563834
273541506
718366807
977329091
852237554
544187186
200882250
295440806
634062573
276672388
814816997
676550976
243148938
768898056
392245453
751239187
532894957
218363656
447395810
926169538
311805538
148124897
156569796
160262824
576747504
762884740
925711989
782826288
912307003
913514513
583926896
932417297
621601676
914701487
840920872
576816633
426448205
785157079
232312662
320396385
583949072
435221492
564171558
939029968
563461636
731746447
728032490
106266287
321352721
990627625
85390093
151137967
903386703
980435150
222521513
790996580
896136812
96029256
893060733
128325637
383431888
602293440
350147204
510385910
280779197
671644449
722532283
747264873
202878641
508893523
416829104
781294426
487554107
13034736
350828517
194815076
653904644
433449060
75097137
212638457
935672224
810044002
399187416
786479983
701680635
702816
4842827
356512195
626230568
735867723
20949997
961312784
432240168
148159855
690637433
220249491
365333382
584802208
480776577
116761762
589357509
185535535
566223162
389985254
505285340
795054538
151212886
468900422
476903712
716919889
938073553
773981142
916566217
837340728
223226779
389623904
508425
440826536
81211651
625480089
23139145
821381630
463228236
6741839
211065668
296785560
607087155
469973781
453133690
936290509
426891229
142121278
288696717
32025081
606876394
312822771
444598293
862169765
239492046
81598212
95825392
682413716
894366900
366472571
351044925
919702963
934358402
311273158
456291403
327185219
792661212
302564216
351739062
166520355
970335105
370154564
581413076
678153754
232139282
316899392
92925414
546202386
665554314
244713586
599233791
633834129
388122585
409183868
471633780
381881230
9982728
862316264
199022734
373945750
148071011
445663304
988355993
60148467
600743828
69458214
794907269
820906969
996560611
735967130
918484044
839558938
414650100
867152287
807598580
306997823
97506148
165887190
402153117
809364710
825992442
731413249
816312490
685031241
393273296
987915453
267309815
332938412
567398033
750990650
601492254
899893900
425598247
112637966
5234957
478515960
820284901
274300452
361530176
7258458
912472278
381808694
524849842
74556891
877710310
859944365
811957252
666662125
389895286
158051740
478818784
332231936
643890760
769647070
359546538
371383222
973524650
355718495
674848009
106912851
977736400
87261651
841053318
461496835
364969988
306494179
553836154
257142301
628934525
613548820
790242485
151785149
350105684
774405236
513936441
75395699
537024963
347611418
42092570
377968539
992635805
524593749
580107472
351275429
959385334
360216705
404485523
130330772
263892422
740617964
398622121
719175654
628368338
456726615
125592909
58643726
894027126
269316279
123203156
7695310
147035612
784312592
863381186
22856645
799783154
678110620
373814213
972756459
888140706
190569010
254306319
54814331
850545481
989181835
977552970
877480477
231082058
944162821
260416018
844097896
295946305
796380178
390856152
712108802
123182442
617773262
582002343
656952935
413753292
202315052
482653105
278892663
315037807
428358662
463517154
578740827
751320295
875050344
675239527
792197181
953080768
963626825
625338971
730040093
621672357
125522303
689373159
352535578
239007824
377653267
597584898
205062467
606798877
8238383
308096994
23795026
584921484
576135397
498185736
860128667
163124740
182684618
839125637
416508185
517322464
279739696
510301322
956193806
484467675
965655815
534672527
280977216
768495006
714673013
795271717
262348050
398677745
573224422
415982163
289224442
678197058
929293676
437208321
441423195
662237058
360608361
181823067
467118183
995227161
800854480
483333173
683835183
403765165
743444132
461834398
74982864
857339590
903814683
959051408
690626404
780197532
688635671
503756451
845383425
903890151
69396356
168238604
854470487
863710031
467312845
678880195
622496073
349080186
968678409
704369108
916727565
510854098
811661674
459197284
996118204
874309989
549201692
65670010
299081253
867816130
860320839
691703731
450892886
277529632
277474451
606081757
844983213
369163773
628584367
274528701
216691963
903315720
204017482
840994759
98260954
251882550
222310536
383417174
879300054
497544095
594185204
955033440
184075521
372571297
946661293
141735969
988792190
626508781
866278051
344265908
925581527
800068273
100636023
995974934
277253748
259273577
54404400
796925161
605777015
296161141
155677627
657170667
146506603
450094512
628022471
800324942
697462491
150783458
305114522
818280715
606778260
795494509
446274999
169147546
231460876
423043828
40588963
291670649
576573684
106397811
908595585
508557113
123254088
677725169
686062861
678712783
903331950
987401461
261415655
487323070
60695081
582703382
844997276
546353110
631739440
745838540
922711828
857883584
988349790
768226727
166656080
64316959
824545069
719671497
580551304
788566083
908761741
179641800
752690292
929653081
766147643
603226532
162893042
751292826
692228272
74411474
401762179
16194073
792693981
866050524
949554842
650328433
843298457
237347585
161091421
324470989
234437983
98774512
2568578
290534519
448490973
476083114
5598219
886264481
143731490
926173105
350685841
892170709
465561074
826601802
667394984
28770304
218411248
779897528
296973420
134091687
510295141
363768842
89441061
739127582
743026924
808294609
645767604
676331123
621861903
101634578
790671998
31492131
699528318
450472974
931025824
42965509
115419754
401570596
611615680
734401832
357049197
143527884
558005485
150605607
532896846
347082326
319539906
425747525
750815763
711253856
475141694
44557495
584451846
523832819
381769488
264513923
996061157
509922241
922925164
963264527
435260961
248599689
836316507
954353485
584081910
453125279
894030937
258910601
931972169
885761287
899191703
964036475
479335597
895497281
638567832
772233904
260127985
744902494
528196702
323195812
43085406
523285469
434684377
624376217
914613479
795298998
319943828
209524564
73292564
502099590
855555809
903571466
627188913
870746949
392189252
844628902
312081730
178190470
641906638
650006049
180411126
716481408
606502586
654695743
87730777
391967353
749036195
177881936
518851219
979055619
355320368
326561373
429554245
407621798
343876989
609022506
880565189
18306830
891697139
286075865
725377316
18575480
537311037
534517294
517479910
150239207
812635067
74843933
680795610
408998899
219356562
24413684
466574178
862521132
727052906
130677260
166606358
212302783
724403501
453522173
478278330
681888971
86749508
275688592
965053770
3467464
546565301
66072228
75877513
55395197
61812445
549860393
737547913
32779899
177263293
969451461
255476708
396805600
17110253
747244913
457783534
131977678
721679267
927190214
635506019
408883526
13320094
311090092
933829081
25359188
936267194
221897101
531420764
194377456
866568032
672494501
825222017
496429894
733703439
159504755
918862925
715143291
70758122
789640113
842626706
551080570
828131876
650513832
902620744
471631103
817536697
639432638
798147174
391378626
582181536
24716211
240611952
610346652
760106734
488436489
402116235
666349135
113695615
314773537
957084066
288336697
450164223
877289210
603092780
932501200
407161802
683815063
811900879
580761350
89059895
693863567
19986085
170430351
368147571
347481636
103417003
660085190
990468652
460013687
855602822
343165507
977753165
727607130
165269614
677408855
492793279
573005014
880093363
728253403
211141267
940803480
303403303
476035290
168202447
663594925
652742502
920155411
926500410
374872088
474816955
241520083
424721546
232819071
820543134
64788783
171066229
327606027
156094081
962042663
456392449
606355756
716889831
860761231
291526701
220304512
291039240
80201026
985669484
30963667
720562406
271430541
188652712
926383554
921754762
800297349
31008523
587176581
511890895
662180421
846071525
215344431
360705595
760547406
376757669
659934876
780328807
976299708
969572827
224031019
744850337
641904394
897209546
672137731
391971674
129860952
880496387
529701714
857754215
876939425
334581971
788124496
73069866
361019852
879998989
225914386
138459242
982895246
242098682
10088434
346250575
585364962
604742171
368058779
339966071
235175518
539567262
11137990
904817926
604242257
417994647
292051347
807285850
437638746
979628423
332601764
50121343
129312770
231490813
744794995
763063405
577856090
906482784
816075476
728649645
669302035
742949413
822099186
102096412
413267757
715067038
58645385
879559095
295083233
280128327
895810230
79940580
582542521
496711221
192378256
925871246
470299613
91102611
473155207
38880574
892180819
390605097
291199741
636662766
276276655
660826819
629593422
13985455
69924937
821459300
864050501
159007740
978943362
894466401
95148919
905606590
227764027
638297611
340953127
457145234
829615363
152554140
73388243
297457841
576621812
742987572
510114723
512354532
576634769
270041759
418081880
886750330
228856898
157773404
416635146
45339053
456018403
13019871
412022523
476751838
977585256
601754608
227180846
673458797
225085921
577436212
419775765
15066090
492354615
363127498
260263316
479861066
464641692
770522209
155937253
741747011
983409361
722254653
887325748
35697956
595545642
254302279
672811393
687683503
988212830
797042957
708539451
328447062
25687719
412759777
294729487
255026
924756312
509548337
603811098
171475214
916626321
619112484
284561411
59223550
882778401
382893555
956385755
794435777
420510224
306548943
803978450
190561303
326755260
507650079
81133421
66758208
322682070
272272128
172152945
480608451
792724710
523280487
897007503
280576144
511469964
370251018
418298517
784628998
74437524
504624074
789186535
474669730
622854995
415338341
405863791
865787871
41610079
128385117
632378948
322249520
787757760
266849400
293109084
877797740
34143609
534824535
450680744
685230228
310131698
974984264
103319974
237313518
809095845
744660372
716057280
517318529
616433769
156911845
892975253
728301253
148875586
994034838
522775485
643653793
376083295
434813547
396703208
466006688
645549775
134432151
338134344
900025295
768980048
542368154
599279436
345343345
294141226
573898528
593624852
128057527
783499579
660819442
812424789
388062964
201200793
600451748
89299396
520985081
103325037
613432993
472333393
787478260
400035002
66256555
871383519
823920020
435981302
183011548
657827458
687933781
778029637
886281837
990054753
235901461
992376655
750038244
153167583
670124380
892433381
886720786
576023203
161911322
187922158
755060378
643636271
940532617
328507401
30642404
413737001
949354633
646172989
127793496
539566359
223234626
679860992
250057195
720626409
876365256
506968729
833113576
812318288
711622530
627070929
532437960
760383760
193788798
436537184
769206669
662067632
909292753
153331215
702548467
252339314
807934096
574770875
127292872
91115586
475725648
415521583
356579582
98952223
271827590
648554410
35286158
432996006
590336555
382866280
418737143
788126064
83905947
986828978
887910128
829639113
804468201
547830204
585272331
406508429
171494646
915832830
416565728
685179989
664613269
305163840
822979708
323580072
500152930
177120938
544032972
640763998
307364932
229457212
604520779
66728507
958657932
344003770
389650124
740935947
347181805
273676324
652904675
836784122
632898966
581091357
709769356
944461579
2796943
899925523
633244421
403377354
494471466
100155728
987603289
739326862
669674352
248159091
186507526
149094185
962021959
46534987
617287104
766416242
621136545
29211969
115181216
838400595
970246823
959957837
171973945
906280528
34275989
48126123
731864134
828200972
986071814
298059485
481637033
806551012
805618298
57227826
614813556
226764599
163517726
33407754
495758313
974788403
939548054
921618966
616918835
897367608
968183584
761394828
857470622
103037628
25692189
113076568
421205911
265201336
473499659
506551772
444827472
643284254
810113518
40965918
501932374
407913577
386279717
254508362
349626430
664560103
513370642
646655964
988707106
774780185
247216974
154771361
895813853
868258700
629284858
789650989
440866169
822309267
595004613
681712661
302721773
171320305
11896172
458070500
206940606
250793016
420008689
313524502
151474870
209294018
550953421
3940397
833159334
352868495
696701396
836701540
285597741
685149669
321760507
632808013
75825178
799521115
894117875
609160676
503896279
719998987
850455910
274628373
747644350
854166661
944690041
405235552
409944492
407820372
4251193
101342883
470315599
787507910
211858178
481792033
997758943
755607808
547951919
235844108
636345500
978462840
111328333
789463938
274023104
885016707
14989522
702178366
650400635
202279375
857240689
648361442
99804878
562972069
804167243
101825557
955415489
337664104
495970407
81832338
519392020
2521448
269442243
675385356
841019696
168910271
35289658
765123932
674952228
772312504
883006031
328086742
321495685
401654816
526585469
462078815
761761127
338387198
208314719
59167542
192112704
246029711
637392463
935727981
981485788
752447816
31066297
990531611
626416847
311705013
931517945
574991300
385161580
988657543
862129225
261777728
926322171
802034477
436594668
335506495
53384550
341164178
172269925
46254796
522551209
890891904
508213297
472138139
552805709
753266244
67884109
602072440
638050889
935576523
900149742
517098816
753755047
402585622
203740240
137827679
69173851
324416290
848039355
333517466
397622572
59140412
411515712
756098233
685179341
220764609
807836362
391013553
535787124
815178905
924300080
602243740
663371826
336425915
943025081
461493052
919088142
474014800
701959877
810902122
488749797
909841624
273884565
207037430
850315895
167709337
612015905
288483276
747105056
951582074
869323725
934533062
278920931
685783433
170195993
578454760
298110074
258502272
985725260
251064709
612509570
385043651
148474639
253090779
959122006
471934089
73181498
247063645
242914367
7341634
755522487
415809281
826858896
484455795
624337237
529890991
131385772
619216265
403423148
905242610
823732676
237217596
858838526
188927633
266089088
296424194
294140846
202516549
206786736
172509390
13329782
734607177
770523336
850115002
639810843
898799409
397588905
448535716
864960170
314839887
673031481
741495212
622714823
892869380
514128733
980321297
696348946
149450004
229765347
840311406
439850858
769579017
367633541
734006905
85047626
951635114
562545775
721640677
737856494
27031127
970092762
236761688
209391724
839664283
765952109
98877030
693715929
726599871
558227502
828268081
711138588
486702134
921157295
100891401
129602880
380071320
513169601
782598915
339601801
373230746
124932380
665548242
700377046
898866460
860759495
801480076
387232322
363794013
929239122
304889995
951325678
557980282
131109803
829724741
444076538
286093743
606026022
135628123
801714069
800519886
602022494
714802557
24741625
347714158
48462931
789857525
380764347
241371571
956598857
12484133
711316691
978324418
568277304
832268987
700652315
245649212
818481078
585218789
626768072
132411528
300809363
522148497
101641501
292189180
330029506
773054896
577579206
992454278
165929507
805119919
368990700
744429189
373656619
977646138
485607409
923027435
242352044
925072823
816324150
482221739
2708561
451227488
479403365
898692019
678593429
741957766
907283469
684985797
82954129
738997423
590771280
18124075
644779982
863600805
915553560
928665931
740225958
88111525
570338198
156825108
383250635
538411368
515552724
960825185
544359881
377346821
391777388
54451511
183400445
488682538
941455867
936056295
193558472
460452890
922322416
520291563
480745757
238154911
734269347
389016519
985141605
960388439
302503466
919303165
189554827
789134736
797957991
825229994
339948252
30246365
23177545
399933072
317986721
849866390
29022941
969517118
240383839
300027874
559739579
74140541
550300173
292273837
325355276
76978858
867114503
37161279
328769528
151251291
412582339
569429360
741799291
955016571
977506129
116128549
42249004
252309260
613671628
710479435
250036270
159913051
290972712
617405409
976165173
5653925
347770847
997138487
779036064
8448636
667429504
731717019
973046855
873269864
888107882
60615341
427405217
464362359
684223458
3583669
544282917
319457921
846990009
908009364
616627265
909636880
638995968
181121500
502032567
261614388
762373799
163024178
366941167
189912893
21210062
295823147
444445762
678306822
256669086
122565534
806436182
68078659
880167956
92974212
591689244
489178604
348489686
902830512
357075398
825395625
119767073
869415960
20632355
563569321
694245610
139128638
528185341
706933809
396981507
160237672
804043982
242158412
617015203
479658147
559500545
157173842
185965159
464941006
764981746
138508275
675703666
368915820
78796534
465124165
269112114
880055539
501602918
400335949
267769842
978448006
788614413
162841507
54225397
253174418
3333406
240965122
805641907
951715678
235466483
171656606
128718969
586592844
369503165
173032571
438462759
504980802
894509551
289964778
349130971
342438760
856814634
575837573
112120486
813976464
487772669
15655608
651364452
655069967
343721548
323441138
78332972
620670367
448928731
588153135
643962569
134106473
172768431
226103477
533201185
903026357
869977754
368658997
939822576
143838856
34353789
585387066
927179428
451137756
482729842
857448335
713805005
701280356
194716197
87569470
924804088
536199500
921831015
612013560
651808485
968791740
33877154
187146990
92663355
71301761
900328904
289891138
693869749
230185890
328947366
986981569
623402887
689238148
210153175
472516153
792923579
92381046
441193889
123064747
366129998
347470145
114048835
744969581
67498086
897402323
144153374
765085801
532632402
798146783
460703563
371303185
271469892
431798710
812686249
618442925
359590874
352189884
994731862
39851110
577883101
720007097
913999458
549350736
252293016
968029558
911030408
630313147
203496899
144334430
638945745
634812450
252493463
21300441
185898063
755061685
826427222
474579484
845030350
884982842
917276847
766861511
509739695
857610073
787168776
111806194
52190775
369740014
392517931
234692996
148830217
535039129
251261055
28245538
572162447
950921244
583875176
795556584
212092034
579840883
441070595
171325979
432647700
435657848
364259030
909227432
884149146
940354333
365360133
595487480
250562374
390882524
271404320
981364401
916976367
62804395
145009180
975862103
564945934
400913104
175551282
646991259
896734291
941712585
213999426
638807888
185569106
530989987
215152708
757602866
511252757
200725707
546023546
351799060
305634467
814043217
300836150
788948112
19717851
856487621
488276323
911308564
937352596
283379697
504418610
975101783
702660105
467254494
113697060
416246402
219357471
443501894
878939840
778185734
508207210
474776119
498813831
277690210
65016860
123621714
724798017
677967307
817017296
112907121
197270971
777317131
323418707
631859292
859558872
390311725
745330316
3999040
138355041
332763018
97787948
142043496
203950678
329510968
463692389
995821016
823608963
214831035
138289558
815271644
231286805
402915820
80455902
117694124
633694072
487724260
481043841
117927994
337431996
947192731
128873792
232807508
178026689
685583785
267177687
387151031
565925817
226214569
317198379
317066237
881170698
401110512
458552294
406576811
975524611
804349244
379450802
265146134
33688688
968147277
757871085
135486230
369400378
535611494
106068197
316050088
991828523
590798173
428056380
29530006
158147280
319202402
909566036
181925200
724029527
305166932
556696614
21539698
476186500
79611464
942897195
106050262
928762699
840571194
670623390
94362972
162022090
198243422
544661147
248375152
737207616
375219919
317084882
239426578
543080193
708486136
508112738
369245534
76132366
512659214
533951811
989312179
26412092
711109024
911391745
507403655
335191363
828788319
232178488
610158319
325445948
132722525
981145988
299285153
784887012
256449180
312287077
298033889
657562858
93588847
498473984
494864531
621182761
43534707
305961457
494783688
443153823
766976555
661290254
243949733
260771293
246717783
917691371
724141157
212316162
116279935
733256073
594455105
538299630
821161198
594293258
520079473
627185135
579682776
355978586
658640855
912733795
732493707
546640750
817914939
250572254
68745405
914517433
700367647
493257858
777888339
522703967
976726208
237620051
903666700
435519348
748584291
143828744
876437855
368331190
943975125
646080830
288004790
347638113
828901019
816421449
205316565
828270180
390008393
46044487
917206487
222232294
926724223
928730087
979695388
535921055
904419980
49003770
987265585
429139163
283567204
938920660
116144604
974110028
725264171
966461148
610686515
521069384
707866143
92683291
200300554
844169843
493111128
802784446
6157819
909911567
356534718
226621341
755203883
851970198
324122576
782695041
432448371
438884702
286058728
547697614
125083534
747738762
681511056
708647263
438085590
330298217
579384318
576199608
699171903
240746244
157524040
741098765
210905979
903526574
695592896
777374404
109935564
154884741
359360287
411992653
262580727
158895635
360516327
94056994
244591547
183181291
994077121
987025297
963764445
331659071
117063731
907540965
913672000
60875571
971623541
519662009
570258049
544029556
366749788
906446785
436716723
462910235
366611528
545389221
502092743
545947437
174387591
507317855
263175135
581039263
284181369
266875686
501238199
213599190
964979130
769677045
282747268
225524273
160673999
565758083
530539735
359406189
926893418
508127558
134466109
180603643
386915618
857528824
69545180
93668129
780387907
362671873
807806810
615961
842011147
844379973
843949156
230172724
509262577
409962930
372301583
516089474
41044966
972880348
873798345
222288608
449467749
220675439
977888117
479391179
683158803
326167413
254084497
406323446
697879219
395617335
820241750
405705658
662957751
498933155
455074164
957953226
896096498
139645084
473188303
804081280
749213056
655998245
567090693
330917338
77702369
170148385
211739510
771766866
183911624
520851570
210564326
274894428
422250601
393174844
485914081
313159031
910135842
650962607
956901851
50911884
443897765
733587605
429272794
606393898
765332459
205549963
243847370
641089374
454045395
421633735
480956118
924096413
980725795
179526297
515239207
219187022
755550388
663216232
278307004
701726820
655965785
714780142
684101211
154264635
123558029
125627574
449684370
653702078
150559224
681721261
332571404
377894613
718449108
615895207
594078686
407710565
916461290
649326740
639752359
789942648
753409097
457308958
95806248
108585146
945528911
922988906
630871416
966904952
831050363
600996987
562078202
545462287
186092584
32419183
394400582
905281621
971330205
10871219
758552494
445131184
183759533
162572769
544055843
702416214
760993100
862293766
30541627
527269631
34805090
735105335
118140406
658998754
807554962
666932456
284512966
38869483
231220791
930465111
159524254
990051220
623566835
335084372
763103272
453734572
61824251
734884360
388256314
142461084
346361634
20495618
677847057
769903974
302445339
385162005
575522807
799741213
219071858
903934829
348591527
364614777
306170338
687198122
775561564
202258913
107360340
313574112
713796517
727608786
195358161
165743771
778932028
649421998
679602056
347082885
600313811
767239321
722928940
390579444
327133186
3132667
640784042
910693213
219023645
350569685
899092280
560297625
968557394
95739157
179993134
638669626
837499798
862476428
770955823
877435936
985103507
598348172
864508369
583360759
497030059
220890721
427029801
628524490
210811264
920029671
55259234
90315470
320561984
923472419
733340771
473791855
927180507
364821552
18857933
742388001
102338887
261664772
975266712
907961274
235523978
630482206
866750095
464558757
818644371
721095580
423691575
299917398
336745732
543803237
960343905
276402907
178840570
958317356
36623109
250330564
295721037
639203050
464131732
507327649
407008414
716538598
300216122
308123253
230809178
597069165
687112589
533681150
122668507
475538334
77885478
967149302
228912579
253610622
482293798
880367307
61016322
920431377
983023263
523390429
541089109
131422028
466199460
814678189
44185416
306413367
106731974
488934977
898874942
772953763
881764797
875412593
438643129
624947404
755157879
303579870
606815501
662053338
110141457
248114872
230312156
583600755
296242918
100956000
676698776
854439393
419518423
222939017
140069922
94995526
37002022
604279361
381802779
417137213
147513668
888654859
951774890
522264800
857661200
602281883
474957631
532897012
529564659
150336916
144002191
976848668
852880332
828141379
62706631
806216449
840431292
438583390
751214178
330408447
868540962
279340167
564149458
295977003
443324609
130080152
193465599
953789353
117221477
91473006
225282811
247945198
894057381
66319062
812464395
163179539
365596796
116844984
306125132
370038791
334357277
114367061
299812969
209164451
452511942
62206803
471378340
744702923
557644217
682020241
908500415
923308013
703075694
780072612
652177508
579907031
532661570
855598982
452622627
770956915
155299815
186262531
495843003
256331146
146805653
630980534
813274883
819325036
598044175
171851625
409261752
146224842
243324371
142739643
280411524
651167901
12031573
981510755
587652260
862627245
554457464
242291584
394628401
685088888
606813180
913763710
240494538
882539043
963000547
746695932
633176961
923872889
341983009
887290206
815073308
693225612
273169514
568370318
995308766
303807389
172233450
487749043
473940607
363916175
308781900
59075229
93327973
375220055
826253461
287523552
835897142
721475842
798972962
124299590
131042007
774942464
941343554
255306361
549267520
963655146
188362877
284545722
577822340
187348600
480882645
922953323
323279010
860793579
13759178
840908594
982501551
11908138
789051293
710083031
377038166
529654496
548030641
49318581
844683858
467802203
284415715
233029913
493609850
589648781
414472075
882365578
936854363
518271069
943652486
139487541
736144507
331704495
772491236
297196694
160561849
893333457
753126488
132813036
713233309
745188947
304038363
129499209
251896234
52744771
446344155
709038886
724065435
502414537
163926305
975376251
780457371
26017702
5323335
674265308
252730491
158099241
437392544
496543728
374342505
518046187
283881701
924288505
815075099
282809925
757956748
994040919
403400817
335728358
535067094
595622976
605260994
805749098
202244823
52183567
527947089
645764533
949906480
180753322
362874508
221786046
292469498
752458063
348841393
163097789
907937859
29886515
198431922
120147820
663609664
609761126
550764879
846444299
244598540
913356283
900653243
96499404
624963890
124041053
753516474
255052805
125924642
8569631
410671962
928863123
627283045
341519815
900460464
346088809
530236980
547064877
730967058
234182569
494033983
788888872
510089406
716997043
746885885
431045499
614168170
271436099
355299519
934861008
125800980
278913822
45484731
480355402
381978849
163092270
53257671
489886194
709401873
532212687
442925798
866855827
266603484
294922162
613749261
639385928
987401587
733474836
53710966
709641491
507485207
984561140
330237866
820548796
956492080
644269985
949974950
695834131
933502620
625169233
516749652
675755342
191159187
439831937
339346213
23759477
123621838
723891800
717745218
227314531
742533444
568834131
230951862
652049687
211236266
646323270
944535706
498409532
934094610
535135558
592903155
62450124
500669669
88428090
303704573
367964127
213312420
84024879
143532586
75230347
160447026
612861134
571417594
338051731
860770537
237513584
399721455
17636471
745972901
662594093
328181400
276331832
970564422
422190559
208601352
291049441
502765155
194056774
844272043
388077189
271601769
431277640
448130228
119794414
274662486
358469300
804076795
372980803
51112538
599225922
554352563
355025476
232403808
541826340
574462863
394688552
456635315
408608529
372794518
75928163
817497955
367054661
47524846
40499489
493400714
860548672
923856439
273295636
66311178
458368933
790732769
660341025
817191892
611880893
125504290
709027804
795683958
182430692
97941659
938937094
67645894
394072209
797638841
16797945
734541855
644617730
527210591
686202109
168073184
781992914
28165646
42869034
309927157
153303715
439109885
920379515
116320604
518848235
170475698
93537636
264180657
344731201
329772284
345066477
207490213
927207243
188639637
746653210
589077467
352855621
252283347
5468330
941069276
107306848
831181466
600576427
903074384
378939221
444536180
816704293
408883569
997851738
415588859
486107358
481812368
688232896
508681497
881821161
612685527
284183442
71973907
898702505
671228992
570396941
776811351
151243952
626145468
577328415
61200658
525436386
299885747
710835563
220354321
371495712
90779266
364090824
914925280
902275581
434231650
370039779
378656620
342501587
534365344
768366992
787713695
438715617
783781675
4447204
499885814
103686149
5642633
248051022
813512329
773703752
902043232
901794832
237537300
304221687
74312864
182079819
522222777
989149012
992095234
794522384
741760325
364957009
795533237
802110392
593144289
349656482
667718009
693527849
916158551
258224581
327455663
706461924
66095891
955839269
912851100
749822974
595750599
260119320
878028051
278461183
621005779
477192051
992626191
212605276
272270561
561945566
575512283
697235644
655581438
300988228
464178115
265550536
476223173
547935329
505618715
774725067
561669017
925499244
54708260
745445509
653630819
720245394
822630195
157440662
31272456
291097395
830641591
187584639
684345902
674673538
907643500
68871933
940037487
337029989
261825870
946861977
526220419
339140272
332327835
546879085
34420623
621571804
30409660
852766230
319403387
706883964
539382051
582303954
291826278
417149123
166738732
385764392
109628027
378776876
783052572
849505798
989810595
484525785
75733304
6151568
133227689
799531329
531355373
95861163
947836088
993461188
962184485
737091703
678901341
681020445
517252915
908935360
600899160
717038860
312618445
583455853
599126181
767816920
508446436
794712546
690990308
452495480
15263269
575330189
770593719
154191338
492074242
55010300
961071925
302114983
953956415
121681663
502521832
638364986
14051649
457020828
333103130
966292402
128523965
119952338
683103888
669679861
149860584
870877525
377703550
942195775
152286493
929088688
669497977
224104959
505208068
34967382
79372442
348145602
814936635
746536795
692086361
457762525
539114561
55012916
413748660
303805413
794618643
88202502
616945695
858831200
543092485
51018336
266827140
990842729
737588928
434151256
358272540
61494227
829341800
86533430
711489543
196814943
237695665
696172752
989832517
107886434
210953525
161953681
194164164
546007577
443027710
829634188
682072822
391354348
899997930
723677608
297049513
60159634
150375706
78414658
536490892
93193184
822505626
427444846
517341640
77225051
556610137
371397162
726991166
83773346
31065644
164994150
603273537
597632513
580159853
938146854
914003086
766404181
340024757
5576411
522342048
23155181
834668704
515906422
725145164
456188298
276982446
737757248
827336196
919410266
165627855
382640995
958617380
541268005
613257205
56617402
66655338
133955475
870340915
970354202
856391632
768841832
233803294
847176815
595048736
714040455
485833942
290973998
619487441
814371709
491279813
262634964
510907069
76150510
208408950
322159448
4705101
479883745
205058232
45379855
156532254
414882200
769456484
977415600
8275596
908089090
211032880
32312189
508190361
756595532
929718628
632658447
58123167
972384025
260681112
650619511
58186837
109954907
160927883
645610169
436170608
867103535
644502828
836124494
799463595
74192079
564886882
801568295
684200344
922288384
880020578
575913434
378349849
803438
56306853
658120392
981242581
808082315
604353439
584929103
225844189
481941994
729213
313058048
148567569
755039989
149675858
361329709
612068051
318564590
886476442
620254777
572397709
856527381
849508481
691542028
508893765
514025525
281917177
320309056
990678320
892504564
566855927
829550643
355449303
547346953
806162455
172218006
62160207
758361681
908995763
765526336
192630275
321375323
527914045
402494414
326222633
379270710
204620642
87718484
49870136
840540166
273332041
816438920
53224458
844388096
321904348
649601998
391792476
871632898
947827660
372692236
699858596
363581043
415297849
292648842
512588977
823025569
700159924
877591176
107886600
223906047
591850404
117454296
304049773
744022989
145725861
797484574
548984583
199192031
564994726
630359149
372199477
633166750
865461105
73222195
471159479
319968756
976955376
180665484
943588654
491081375
867800416
81188106
78476804
708450645
26195446
682538100
349907154
967493669
7758006
281799071
585725640
68042651
64247149
76239717
888535835
270899508
512564142
980483063
716223214
152263992
205103861
6472062
806080210
37311770
73435257
436058640
505662772
533412785
891052732
794183572
427903256
666802966
301368153
53304407
30127800
194290328
518324733
235491329
173711807
93413166
502858835
576175814
948304704
40211203
666918178
513257244
897788623
911023746
616006797
486427315
723681818
509503448
117542403
129011469
571454476
316234816
24659326
778311223
273110129
578612408
310544071
97568339
988852375
171164568
817869765
689949552
739216460
387536952
912977576
61499569
324296713
817930377
201020904
976706824
974769887
474483412
627404828
410817589
631601630
574219222
345650241
546499998
18240958
717332117
503478828
56748707
733033197
273381455
616736197
216984369
616691268
388858443
698011103
571485671
444213940
22371878
32047145
65269726
409201882
339100794
319408191
355336462
755177542
130588590
9984100
187437641
451212574
651959837
966224776
963194574
983957997
820415885
804020989
455863158
281233822
553106945
993214345
318231007
381964120
34412379
385218450
824011314
758044609
741101463
605364003
382221680
841419232
14725823
370817840
723062785
165624772
682412214
651569003
778762618
829069010
879354325
353891874
831258021
232267298
682021211
605961765
605793724
83026826
752813730
785406013
941518920
597804343
791981900
989076089
102457949
688357395
396775752
574079732
716145824
48462642
706839359
767039796
669372362
395489838
449583398
452735611
379329596
986382188
699080525
840934342
809008596
838461854
940682616
36323906
258195945
183179991
638646777
881628273
942576449
439366489
533624507
691443026
196618703
967909196
62549452
465284191
612232437
97367207
489372258
283226199
390739438
479753099
188205554
693072891
956636446
641837433
10787151
451275222
988717222
464403040
227765377
426447114
552478817
580969910
215972810
149310702
427110782
104107619
421401433
576906994
902542892
327145294
790781164
195577365
155274188
249228334
763754384
117282090
969436944
351658252
125858730
174955714
875661378
194916964
731420155
935895218
100565459
335154981
473779150
513562481
737335505
401457611
899620043
313974344
428277779
146217220
911006904
191661585
485223018
557964469
833322550
127133286
644381392
652702899
572241988
959877716
961084892
90879570
370204032
990032891
552806433
870701700
547958688
302895672
768143817
760932069
53203918
191555989
285424864
554433682
792018594
750506644
113152848
616394902
834374441
734931807
886187157
280988548
382720247
957451068
770023385
782611824
383180251
77068945
851929506
439378801
573796409
1351
505572412
481882997
163389424
885076661
399116005
167624488
948960129
746576739
840516752
480048083
960316124
821329829
370682437
271320032
315403331
84475121
609084874
758871936
786268212
845962723
412641626
170615264
669018554
178760751
660784162
527193350
469528958
634949723
542910965
782720665
902039246
143732228
424306931
83010641
580346026
938642902
932407774
744862707
878206772
431622782
358834444
901045655
384372437
29318274
491086835
822071503
731902013
91091715
98448639
874899003
691180889
741548460
652075659
583243010
595773832
22946254
797008039
424394131
776839322
950252017
190149042
673740251
425702393
530415833
426387844
794242318
426988885
512250287
412428693
979531335
770897386
896589858
625945641
967995660
84792226
682345624
349230951
432489713
621917757
776092886
447723745
131358275
438887575
104092687
701603996
311815977
215634194
937295973
360778655
309058830
823456540
316396651
96143794
792293252
230263913
388600049
274563216
246634159
259025110
986140079
118228657
332870657
38851969
638607103
187773185
773522221
417267435
332031177
27848268
784938137
650694621
214957061
342977081
136812221
986933332
168101642
870826991
253715655
732489942
319526982
505081101
765944301
838662708
19785475
775618811
883973875
345394893
506170386
485948791
177750166
224718103
944713686
577261324
246797182
697051518
91509617
566377370
827341779
77137320
436444567
753369790
425215740
983058741
553231987
44439364
76538099
990432670
543920685
686242162
453860335
654366348
95177683
125229163
234841804
18342102
948567166
463277127
86383948
130904533
224111103
816677691
8887230
314990881
776312027
52544603
175450989
956257297
529931102
680817744
991885336
285994626
420106434
23688882
814160167
813673812
853763902
123047046
541794468
852331984
662476347
101228294
854950193
698726836
553506319
169936282
387663108
845991401
887692636
770529812
732148433
667198007
699850655
266729488
432350192
485892121
8031606
758175600
219165525
212966914
255810112
613382623
150901700
89533784
691155748
739558021
738873135
554634877
646589891
849627813
647517618
970060736
240509312
680908433
206970821
9135887
661336446
865442904
209029595
537855884
885572977
133037160
289926508
904657945
98187341
615943116
666883221
493058954
960079285
758002660
298393526
602703884
481169740
857235064
60807549
589853562
929662055
372985589
522930105
317348831
769057127
884806727
170513504
354236195
820556591
511110701
120292814
852326977
339162255
494609970
955166945
754821960
907725608
297335728
130906790
173510153
917548000
288458468
469603461
933835943
452081468
791718
189070766
238854479
771329264
63499405
120215076
596968895
948141605
841634221
958752384
530256213
534157246
196850389
842900863
559747705
322675381
680152057
654501798
931342075
146330705
467016468
199768221
709600664
466801463
268724512
931324564
20575309
249811883
374212703
338868048
725176410
930149406
250737868
460053525
206829193
41833764
770846801
476723671
656469533
318228175
572482808
612538865
180232754
950757201
642314379
674457195
870116786
239018106
764953998
901438207
804102227
473642951
799331022
585870236
545211049
57086126
975904500
156252271
56895177
615670727
988924779
141748270
335783763
958639914
219694522
501335832
143906723
469776755
952023768
971884966
335150382
523244353
466644285
178029191
553623229
296596042
848261166
520517454
11612759
309113394
29101344
672915104
908173883
477996146
361410734
245586545
549163442
949968171
74843989
905341919
587877681
509310697
441162702
797336994
181085616
614279774
228651060
319104877
618777888
976331509
311226053
643440582
491121691
203739456
490387565
120351518
275602228
166329999
968565479
485755343
596320906
989242408
674199722
907950927
395486236
736754066
772320282
656667720
496284524
895458520
264213776
456130856
570992107
358599481
745016503
609795123
157371381
810578497
434396881
773165036
405661346
249758420
991271569
577908653
604844153
64553527
638553122
291948155
623625140
473777807
527195952
900903822
347388292
247496253
269670699
926460663
852059131
122846927
196534701
66458086
48818744
160904804
718708579
288939085
427438014
760373310
769209497
603180653
266423987
167320404
427556448
348073580
358767654
35948225
498004862
589827501
734312045
97999740
470454521
87788931
19419774
17822702
681109091
100276011
731571693
513255993
5952449
209896635
983116872
887832218
261321123
423584399
705005051
223859389
170282954
399264702
793814982
199469183
523826365
22749777
819302643
105820864
357268587
717849922
887562823
267511435
883269724
250178500
752248276
300710412
753904866
493530152
75744056
731399640
916372155
949161204
228632954
510422983
559465780
69992771
534777809
115796391
786154028
50886951
571461694
841599535
129366469
653926238
100069721
587331453
326471370
524017776
409929246
652844776
825003761
211340778
52561986
817466949
37118354
437286538
355570585
829697049
893158488
227631260
69345065
591576743
996878823
95982856
818494174
754305055
443126039
493549104
687162012
673531642
427085450
595072636
788185314
813524868
408490104
0
